["head":"wrap","lpos","status"]
[99,329082,1]
["io count"]
[200]
["io":"id","wrap","startLpos","endLpos"]
[1,0,208627,209866]
[2,0,334253,334875]
[3,0,436469,436884]
[4,0,679570,680823]
[5,0,726994,727776]
[6,1,565362,565311]
[7,1,372734,371890]
[8,1,126031,124076]
[9,1,1000,0]
[10,2,235912,236065]
[11,2,462475,463657]
[12,2,616962,617644]
[13,2,726994,727693]
[14,3,542605,542590]
[15,3,350633,350434]
[16,3,226702,225501]
[17,3,113769,113430]
[18,3,386,0]
[19,4,206660,208496]
[20,4,432289,433092]
[21,4,623047,624149]
[22,4,726994,727113]
[23,5,536953,535461]
[24,5,366060,364735]
[25,5,196264,194719]
[26,5,460,0]
[27,6,202268,202883]
[28,6,329091,329682]
[29,6,571612,572575]
[30,6,726994,727691]
[31,7,568621,567998]
[32,7,356307,355753]
[33,7,212964,211645]
[34,7,72695,71305]
[35,7,159,0]
[36,8,225854,226307]
[37,8,450462,452255]
[38,8,629047,630051]
[39,8,726994,727755]
[40,9,620415,619621]
[41,9,376459,375302]
[42,9,256397,254454]
[43,9,130947,129119]
[44,9,208,0]
[45,10,141061,143019]
[46,10,244909,245288]
[47,10,415784,417546]
[48,10,585220,585869]
[49,10,726994,727759]
[50,11,518746,517148]
[51,11,349293,347841]
[52,11,168337,168118]
[53,11,1717,0]
[54,12,248860,250157]
[55,12,385487,387383]
[56,12,531284,532898]
[57,12,665419,665528]
[58,12,726994,727505]
[59,13,601401,600843]
[60,13,444489,443064]
[61,13,287886,286677]
[62,13,97512,96331]
[63,13,1979,0]
[64,14,145885,146765]
[65,14,375142,376065]
[66,14,533671,534162]
[67,14,717987,719321]
[68,14,726994,727711]
[69,15,483440,481945]
[70,15,374720,374273]
[71,15,227326,225463]
[72,15,123213,122209]
[73,15,390,0]
[74,16,102850,102893]
[75,16,204556,205769]
[76,16,373934,374634]
[77,16,550376,550798]
[78,16,724623,725598]
[79,16,726994,728344]
[80,17,601383,599844]
[81,17,396450,395525]
[82,17,268845,267691]
[83,17,23150,21392]
[84,17,643,0]
[85,18,166329,167132]
[86,18,385791,387445]
[87,18,586365,586622]
[88,18,726994,727907]
[89,19,509113,508947]
[90,19,313976,313161]
[91,19,206337,205647]
[92,19,98389,96662]
[93,19,348,0]
[94,20,114756,115777]
[95,20,355598,356557]
[96,20,492629,494253]
[97,20,616898,618410]
[98,20,726994,727639]
[99,21,497764,497071]
[100,21,272447,271440]
[101,21,132345,131253]
[102,21,30524,29968]
[103,21,12,0]
[104,22,100075,101909]
[105,22,302520,303119]
[106,22,403663,405240]
[107,22,633155,633690]
[108,22,726994,728367]
[109,23,582770,581866]
[110,23,362882,360997]
[111,23,235435,234523]
[112,23,71766,69937]
[113,23,1391,0]
[114,24,195434,196456]
[115,24,367709,368181]
[116,24,569805,570000]
[117,24,680968,681644]
[118,24,726994,728076]
[119,25,498135,496675]
[120,25,280770,279576]
[121,25,90923,90674]
[122,25,150,0]
[123,26,219235,220508]
[124,26,367634,368584]
[125,26,556994,558165]
[126,26,697587,697820]
[127,26,726994,727568]
[128,27,499134,498450]
[129,27,262379,261149]
[130,27,133507,132240]
[131,27,43,0]
[132,28,235476,235799]
[133,28,470770,470945]
[134,28,602309,602716]
[135,28,725317,725474]
[136,28,726994,728120]
[137,29,622483,620499]
[138,29,371503,370811]
[139,29,155848,154997]
[140,29,888,0]
[141,30,125930,126859]
[142,30,337730,339493]
[143,30,442807,443525]
[144,30,679879,680200]
[145,30,726994,727779]
[146,31,545205,543663]
[147,31,306743,305875]
[148,31,92046,90233]
[149,31,976,0]
[150,32,238690,239018]
[151,32,483043,484403]
[152,32,636066,637644]
[153,32,726994,727472]
[154,33,492624,491991]
[155,33,375192,374664]
[156,33,166493,164844]
[157,33,63801,62583]
[158,33,1454,0]
[159,34,161067,161752]
[160,34,336410,336859]
[161,34,466727,467800]
[162,34,693461,694542]
[163,34,726994,727766]
[164,35,497263,496015]
[165,35,357659,356171]
[166,35,256282,255001]
[167,35,66868,66142]
[168,35,1825,0]
[169,36,240415,242389]
[170,36,432557,434134]
[171,36,586204,586917]
[172,36,726994,728249]
[173,37,555989,554649]
[174,37,345077,343294]
[175,37,155016,153088]
[176,37,477,0]
[177,38,246185,247863]
[178,38,382532,383328]
[179,38,484045,484687]
[180,38,619632,620286]
[181,38,726994,728118]
[182,39,575977,575967]
[183,39,328227,327995]
[184,39,83315,81361]
[185,39,988,0]
[186,40,205474,206586]
[187,40,399950,401906]
[188,40,579569,579775]
[189,40,707411,708329]
[190,40,726994,727635]
[191,41,587192,586537]
[192,41,354905,352914]
[193,41,159303,157581]
[194,41,47429,45650]
[195,41,1591,0]
[196,42,249940,251503]
[197,42,451577,452638]
[198,42,656609,656926]
[199,42,726994,728382]
[200,43,514128,512741]
