["head":"wrap","lpos","status"]
[191,406848,1]
["io count"]
[500]
["io":"id","wrap","startLpos","endLpos"]
[1,91,826,2]
[2,38,1,860]
[3,70,1,1999]
[4,145,874,1]
[5,211,1654,1]
[6,125,72,1]
[7,227,1039,1]
[8,161,909,1]
[9,69,1173,1]
[10,86,1,284]
[11,173,858,1]
[12,56,1,992]
[13,268,1,1830]
[14,233,1194,3]
[15,161,963,1]
[16,73,639,1]
[17,108,1,866]
[18,202,1,1522]
[19,181,431,1]
[20,215,18,1]
[21,167,695,1]
[22,250,1,1667]
[23,53,1578,1]
[24,188,1,1068]
[25,197,777,1]
[26,219,39,2]
[27,266,1,1699]
[28,263,155,1]
[29,265,1030,1]
[30,2,1,55]
[31,149,1958,1]
[32,191,206,1]
[33,19,914,1]
[34,121,1958,2]
[35,20,1,1079]
[36,51,919,1]
[37,119,29,2]
[38,118,1,117]
[39,140,1,1827]
[40,95,1553,1]
[41,231,752,1]
[42,224,1,1036]
[43,83,935,2]
[44,258,1,228]
[45,196,1,1858]
[46,63,1574,3]
[47,7,1093,1]
[48,18,1,1379]
[49,216,1,354]
[50,99,1110,1]
[51,203,425,1]
[52,243,372,1]
[53,4,3,1042]
[54,132,1,1493]
[55,153,1148,1]
[56,39,1077,1]
[57,244,1,1191]
[58,270,1,1303]
[59,37,107,2]
[60,45,1245,1]
[61,191,1260,1]
[62,139,311,1]
[63,235,512,2]
[64,234,1,1568]
[65,111,1429,1]
[66,166,1,1596]
[67,168,1,1608]
[68,165,1500,1]
[69,172,1,1314]
[70,14,1,995]
[71,89,44,2]
[72,260,1,247]
[73,210,1,1222]
[74,82,2,1901]
[75,90,1,667]
[76,192,1,1630]
[77,219,523,1]
[78,277,894,1]
[79,30,1,1167]
[80,52,1,1899]
[81,274,1,1089]
[82,178,1,1696]
[83,228,2,686]
[84,248,2,1308]
[85,193,1364,1]
[86,177,1458,2]
[87,109,976,1]
[88,129,822,1]
[89,58,1,935]
[90,272,1,1929]
[91,81,715,1]
[92,125,1503,1]
[93,93,615,2]
[94,262,2,99]
[95,249,521,1]
[96,240,1,595]
[97,256,2,649]
[98,237,1002,2]
[99,247,1866,1]
[100,162,1,167]
[101,249,899,1]
[102,175,259,1]
[103,154,1,762]
[104,88,1,339]
[105,246,2,1815]
[106,46,1,1024]
[107,239,1612,1]
[108,163,1529,1]
[109,236,1,570]
[110,107,838,1]
[111,39,1545,1]
[112,64,1,1659]
[113,136,1,1355]
[114,255,831,1]
[115,67,332,2]
[116,29,1037,1]
[117,3,1112,1]
[118,203,1046,2]
[119,103,614,1]
[120,72,1,614]
[121,151,1658,1]
[122,121,1063,1]
[123,107,1134,1]
[124,78,1,605]
[125,138,1,1683]
[126,229,133,1]
[127,93,1605,1]
[128,133,1548,1]
[129,209,504,1]
[130,102,2,112]
[131,68,1,1578]
[132,66,1,74]
[133,31,1139,1]
[134,130,1,912]
[135,32,1,1147]
[136,257,570,1]
[137,261,1866,1]
[138,143,1254,2]
[139,42,1,977]
[140,230,1,297]
[141,21,502,1]
[142,89,1942,1]
[143,253,307,1]
[144,103,1917,1]
[145,12,1,1427]
[146,116,1,911]
[147,117,1600,2]
[148,184,1,1559]
[149,245,515,1]
[150,145,1370,1]
[151,165,1973,1]
[152,144,1,564]
[153,221,117,1]
[154,69,1902,1]
[155,220,1,1132]
[156,99,1712,1]
[157,37,858,1]
[158,71,1305,1]
[159,186,1,375]
[160,195,1710,1]
[161,181,1522,1]
[162,67,1628,2]
[163,53,1598,1]
[164,147,1924,2]
[165,43,452,1]
[166,123,368,1]
[167,208,1,217]
[168,153,1492,2]
[169,54,2,128]
[170,76,1,358]
[171,79,167,1]
[172,85,79,1]
[173,15,643,2]
[174,160,1,914]
[175,182,1,126]
[176,24,1,635]
[177,51,1482,1]
[178,13,52,2]
[179,199,1009,1]
[180,238,1,1191]
[181,237,1572,1]
[182,9,635,1]
[183,48,1,789]
[184,94,1,1490]
[185,129,980,1]
[186,241,1689,1]
[187,223,594,2]
[188,26,1,1768]
[189,96,2,615]
[190,218,1,1605]
[191,35,409,1]
[192,252,1,519]
[193,155,435,1]
[194,253,1143,1]
[195,21,1069,1]
[196,0,1,625]
[197,239,1683,1]
[198,205,77,1]
[199,222,1,167]
[200,84,1,1607]
[201,213,1063,1]
[202,44,1,955]
[203,137,1621,2]
[204,134,1,546]
[205,110,1,1942]
[206,22,1,504]
[207,263,440,1]
[208,189,1220,1]
[209,49,248,1]
[210,127,526,1]
[211,59,656,1]
[212,45,1438,1]
[213,143,1895,2]
[214,137,1873,1]
[215,279,1293,1]
[216,155,1516,2]
[217,251,1723,2]
[218,231,784,1]
[219,207,988,1]
[220,175,755,1]
[221,87,1533,1]
[222,194,1,215]
[223,31,1909,1]
[224,47,815,1]
[225,207,1135,1]
[226,112,1,35]
[227,257,1159,1]
[228,121,1382,1]
[229,157,36,1]
[230,115,1432,1]
[231,117,1881,1]
[232,156,2,1837]
[233,145,1868,1]
[234,75,532,1]
[235,217,30,1]
[236,43,855,1]
[237,201,388,1]
[238,229,999,1]
[239,59,776,1]
[240,105,526,1]
[241,85,1590,1]
[242,45,1491,1]
[243,205,274,2]
[244,157,1225,2]
[245,278,1,1612]
[246,245,555,1]
[247,124,1,246]
[248,6,1,404]
[249,198,1,311]
[250,206,1,951]
[251,170,71602,73371]
[252,80,27021,28929]
[253,279,35463,34645]
[254,228,102993,103646]
[255,115,267180,265243]
[256,246,545877,547549]
[257,205,312948,311516]
[258,260,677420,678492]
[259,48,351612,352023]
[260,82,361106,361155]
[261,26,505201,505623]
[262,89,452443,451257]
[263,106,493186,493760]
[264,177,397890,397112]
[265,132,606412,607540]
[266,200,40802,42138]
[267,75,722506,722238]
[268,48,483882,485337]
[269,106,275528,277136]
[270,122,153483,154974]
[271,118,627430,627440]
[272,255,520318,520051]
[273,75,545476,544021]
[274,98,486336,487243]
[275,60,459830,460540]
[276,104,423983,425683]
[277,109,589192,587499]
[278,161,172992,171519]
[279,77,718859,718404]
[280,72,59339,59695]
[281,201,538043,537267]
[282,254,148979,149204]
[283,34,523295,523559]
[284,51,361368,359774]
[285,37,81514,80284]
[286,191,21959,21406]
[287,59,338864,337246]
[288,169,7646,6632]
[289,56,416380,418005]
[290,228,432401,432431]
[291,88,70195,71258]
[292,187,573656,573608]
[293,41,640681,639113]
[294,85,585074,583085]
[295,83,333121,332295]
[296,177,470598,469902]
[297,190,284261,285938]
[298,236,677103,678550]
[299,51,191405,191253]
[300,212,195943,197228]
[301,199,35648,34710]
[302,156,297215,297720]
[303,182,621822,623727]
[304,25,190410,189665]
[305,41,208761,207348]
[306,116,128038,129005]
[307,199,401071,400626]
[308,46,212775,214233]
[309,108,223132,223572]
[310,139,436521,435620]
[311,261,32722,30908]
[312,15,65754,64538]
[313,232,678039,679517]
[314,275,368838,368408]
[315,74,687632,688794]
[316,249,75683,74623]
[317,81,48017,47034]
[318,223,46646,45865]
[319,128,99812,100238]
[320,167,62867,62258]
[321,66,438222,439385]
[322,192,699857,701699]
[323,41,670009,669000]
[324,156,210163,210894]
[325,138,686922,688753]
[326,234,469697,469884]
[327,134,172768,174548]
[328,219,395660,394151]
[329,112,278046,280032]
[330,86,599828,600112]
[331,220,484452,485598]
[332,117,548680,547755]
[333,139,62057,60916]
[334,161,349190,348139]
[335,229,42995,42973]
[336,162,171617,172523]
[337,113,467408,467390]
[338,44,196271,196739]
[339,196,108392,108757]
[340,247,450701,449890]
[341,30,71195,72916]
[342,130,434101,434632]
[343,261,175674,175295]
[344,157,122337,120786]
[345,152,617795,618757]
[346,17,65835,64293]
[347,149,662726,661763]
[348,183,496647,496350]
[349,41,339079,338404]
[350,267,645892,644503]
[351,54,466583,467841]
[352,188,507008,508846]
[353,76,224055,225286]
[354,30,118140,118759]
[355,73,77684,76763]
[356,93,658844,657429]
[357,130,503825,504632]
[358,65,274796,273743]
[359,203,568437,567513]
[360,226,565320,566113]
[361,221,296483,295146]
[362,200,717600,717670]
[363,75,634497,634427]
[364,58,403409,403888]
[365,30,201932,203406]
[366,111,124616,124523]
[367,24,127297,128682]
[368,183,474071,472227]
[369,265,638368,637455]
[370,211,87960,87858]
[371,32,24160,25167]
[372,5,489111,488125]
[373,93,632661,631675]
[374,278,689315,691054]
[375,87,336038,335149]
[376,206,99456,99756]
[377,200,708111,709392]
[378,160,664696,666548]
[379,102,414488,415085]
[380,58,199060,199368]
[381,274,198902,200495]
[382,18,72493,72701]
[383,66,113391,113889]
[384,86,81844,83021]
[385,254,519610,520437]
[386,199,517504,515733]
[387,74,593476,594068]
[388,46,97296,98930]
[389,246,257632,258457]
[390,222,408036,409552]
[391,10,658739,659519]
[392,246,332434,332596]
[393,164,585417,587355]
[394,128,40094,41296]
[395,188,673450,674443]
[396,11,588883,587119]
[397,92,320702,322349]
[398,24,431831,432562]
[399,191,219633,217672]
[400,111,98389,97477]
[401,134,10353,11538]
[402,81,550056,549088]
[403,220,353071,354969]
[404,13,391760,391589]
[405,78,391826,392533]
[406,165,534031,533244]
[407,221,375122,374299]
[408,168,23627,23967]
[409,204,318159,319150]
[410,6,203739,205160]
[411,71,708560,707560]
[412,11,272911,272326]
[413,140,68752,70381]
[414,276,161298,162796]
[415,3,42999,41237]
[416,123,618972,618516]
[417,1,120409,119139]
[418,171,3215,2509]
[419,51,459625,459182]
[420,199,635424,634977]
[421,44,405022,405596]
[422,232,671499,673074]
[423,57,510980,510019]
[424,98,27957,28821]
[425,64,457264,458041]
[426,226,377395,379350]
[427,137,398595,397966]
[428,244,590761,591538]
[429,36,510449,511487]
[430,139,686466,685524]
[431,217,356635,354946]
[432,274,397770,398345]
[433,188,23698,23960]
[434,51,418809,417221]
[435,212,648439,649186]
[436,20,1882,3204]
[437,213,45607,44880]
[438,231,364713,363143]
[439,156,417024,417038]
[440,137,229802,229731]
[441,262,642532,643875]
[442,0,365246,366261]
[443,2,603243,603899]
[444,70,423507,424831]
[445,141,2065,1200]
[446,151,2924,2154]
[447,103,420186,420053]
[448,81,538815,538328]
[449,56,339071,340547]
[450,224,455901,456829]
[451,88,347110,348044]
[452,137,97264,96862]
[453,227,169342,168839]
[454,171,714473,712577]
[455,114,727821,729087]
[456,49,583970,582338]
[457,111,24791,24588]
[458,135,715031,714784]
[459,277,296205,295796]
[460,79,291999,290758]
[461,46,31855,33044]
[462,61,201648,201549]
[463,59,370520,368704]
[464,21,183025,181221]
[465,102,154623,154662]
[466,79,650956,650041]
[467,248,58136,59262]
[468,218,71818,72584]
[469,30,519386,520224]
[470,238,586310,587802]
[471,30,8246,9435]
[472,201,335996,335463]
[473,160,590606,591113]
[474,24,78536,78733]
[475,253,72575,70717]
[476,244,446723,448448]
[477,236,110999,111966]
[478,103,544767,544424]
[479,62,17076,17288]
[480,279,640464,639669]
[481,228,307557,308828]
[482,11,4650,3151]
[483,104,495482,497031]
[484,227,436415,434641]
[485,147,369243,367496]
[486,69,679374,678558]
[487,222,425211,426969]
[488,73,308021,306071]
[489,0,485386,486449]
[490,64,543578,543746]
[491,278,180242,181785]
[492,183,71391,70786]
[493,61,721279,720660]
[494,192,648939,650650]
[495,192,553088,553497]
[496,179,593587,592929]
[497,19,458919,457940]
[498,68,559743,561630]
[499,243,351059,349283]
[500,205,319300,317483]
