["head":"wrap","lpos","status"]
[82,486638,1]
["io count"]
[100]
["io":"id","wrap","startLpos","endLpos"]
[1,0,465001,465131]
[2,0,682017,682985]
[3,0,726994,727834]
[4,1,508651,507866]
[5,1,13913,13277]
[6,1,26,0]
[7,2,456024,457373]
[8,2,707675,708163]
[9,2,726994,727812]
[10,3,268443,266639]
[11,3,12409,11160]
[12,3,1288,0]
[13,4,311462,312464]
[14,4,624381,625890]
[15,4,726994,727113]
[16,5,474200,473118]
[17,5,231393,230273]
[18,5,1247,0]
[19,6,330056,330539]
[20,6,591508,591948]
[21,6,726994,728756]
[22,7,270924,269264]
[23,7,923,0]
[24,8,408056,408180]
[25,8,726994,727120]
[26,9,339250,338099]
[27,9,139,0]
[28,10,288646,290165]
[29,10,725993,727340]
[30,11,378669,378435]
[31,11,25002,23172]
[32,11,1141,0]
[33,12,277356,278782]
[34,12,516146,516761]
[35,12,724203,725980]
[36,12,726994,728446]
[37,13,307945,305981]
[38,13,617,0]
[39,14,381357,381980]
[40,14,726994,727114]
[41,15,323621,323402]
[42,15,1911,0]
[43,16,364642,365764]
[44,16,726994,727074]
[45,17,404601,404571]
[46,17,794,237]
[47,18,268374,269927]
[48,18,726994,728623]
[49,19,504524,503132]
[50,19,202390,200397]
[51,19,1743,0]
[52,20,402406,403810]
[53,20,665937,667206]
[54,20,726994,728861]
[55,21,482364,480834]
[56,21,172691,171919]
[57,21,10,0]
[58,22,318119,319521]
[59,22,639590,639710]
[60,22,726994,727173]
[61,23,357601,355613]
[62,23,1950,0]
[63,24,254708,256028]
[64,24,494610,496376]
[65,24,726994,727911]
[66,25,290963,289513]
[67,25,65246,64027]
[68,25,1233,0]
[69,26,371997,372416]
[70,26,726994,727188]
[71,27,252543,250838]
[72,27,990,0]
[73,28,237996,238101]
[74,28,438871,440050]
[75,28,726994,728065]
[76,29,443384,442897]
[77,29,88,0]
[78,30,410058,411034]
[79,30,726994,727462]
[80,31,334257,332776]
[81,31,969,0]
[82,32,257058,257269]
[83,32,628699,629584]
[84,32,726994,727584]
[85,33,312717,312638]
[86,33,768,0]
[87,34,380428,381791]
[88,34,726994,727431]
[89,35,373545,373023]
[90,35,67537,65702]
[91,35,617,0]
[92,36,294526,295036]
[93,36,577939,579724]
[94,36,726994,727283]
[95,37,411296,410668]
[96,37,33193,32139]
[97,37,91,0]
[98,38,364355,364554]
[99,38,726994,727633]
[100,39,418296,417433]
