["head":"wrap","lpos","status"]
[185,149930,1]
["io count"]
[10000]
["io":"id","wrap","startLpos","endLpos"]
[1,274,1,1489]
[2,24,2,764]
[3,196,1,488]
[4,209,901,1]
[5,10,2,644]
[6,103,372,1]
[7,109,590,1]
[8,181,93,1]
[9,204,1,1721]
[10,190,1,1878]
[11,17,748,1]
[12,130,1,1327]
[13,188,2,523]
[14,129,1123,1]
[15,147,1110,2]
[16,230,2,1492]
[17,119,282,1]
[18,162,2,1917]
[19,0,1,1315]
[20,70,1,1491]
[21,87,970,1]
[22,60,1,571]
[23,147,1379,2]
[24,208,1,756]
[25,183,1885,1]
[26,180,1,912]
[27,268,2,847]
[28,143,887,1]
[29,193,1505,2]
[30,202,2,305]
[31,57,375,1]
[32,174,1,266]
[33,23,1143,1]
[34,164,1,1276]
[35,211,909,1]
[36,27,1515,1]
[37,203,1865,1]
[38,18,1,1353]
[39,231,1235,1]
[40,112,1,94]
[41,1,100,1]
[42,39,967,1]
[43,92,1,1222]
[44,278,1,987]
[45,173,77,2]
[46,170,1,1065]
[47,273,1268,1]
[48,161,343,1]
[49,179,379,1]
[50,213,1110,1]
[51,199,1666,2]
[52,175,488,1]
[53,96,2,421]
[54,217,1537,1]
[55,146,1,1751]
[56,237,1618,1]
[57,4,1,424]
[58,127,1255,1]
[59,235,273,1]
[60,49,1520,1]
[61,272,2,1416]
[62,40,3,427]
[63,163,1281,1]
[64,21,641,1]
[65,90,1,516]
[66,225,1086,1]
[67,215,232,1]
[68,45,1780,1]
[69,255,53,1]
[70,89,1806,1]
[71,252,1,766]
[72,2,1,480]
[73,82,1,870]
[74,86,1,33]
[75,16,1,1600]
[76,15,1495,1]
[77,64,1,838]
[78,152,1,900]
[79,124,1,1982]
[80,123,436,1]
[81,256,1,1579]
[82,136,1,1211]
[83,265,1338,1]
[84,44,1,1851]
[85,157,12,2]
[86,189,1211,2]
[87,119,1267,3]
[88,275,785,1]
[89,191,1989,1]
[90,232,3,548]
[91,1,1426,1]
[92,187,473,1]
[93,157,1413,1]
[94,253,863,1]
[95,72,1,705]
[96,12,1,1192]
[97,38,1,1267]
[98,71,310,1]
[99,99,1746,1]
[100,32,1,1731]
[101,95,695,2]
[102,264,1,1272]
[103,213,1330,1]
[104,88,1,461]
[105,189,521,1]
[106,66,1,70]
[107,129,1942,1]
[108,266,1,1850]
[109,55,587,1]
[110,105,1503,1]
[111,265,1467,1]
[112,39,1371,1]
[113,222,1,1148]
[114,218,1,316]
[115,119,1776,1]
[116,65,11,1]
[117,87,1021,2]
[118,85,1319,1]
[119,187,1277,1]
[120,78,1,1881]
[121,153,1375,1]
[122,263,1611,1]
[123,68,1,322]
[124,205,509,1]
[125,120,1,1458]
[126,197,1520,1]
[127,98,1,1030]
[128,254,1,1880]
[129,43,888,1]
[130,158,1,1634]
[131,54,1,1114]
[132,263,1928,2]
[133,228,1,81]
[134,179,1547,1]
[135,210,1,1273]
[136,81,1910,1]
[137,116,2,571]
[138,203,1940,1]
[139,149,37,1]
[140,107,932,1]
[141,14,1,1707]
[142,41,1192,1]
[143,181,1335,1]
[144,43,1155,1]
[145,73,11,1]
[146,176,1,1283]
[147,199,446,1]
[148,111,868,1]
[149,84,1,318]
[150,161,973,2]
[151,33,1205,1]
[152,279,1202,1]
[153,42,1,161]
[154,123,1282,1]
[155,198,1,1942]
[156,43,1180,1]
[157,30,1,142]
[158,186,1,1441]
[159,258,1,711]
[160,7,1505,1]
[161,217,1829,1]
[162,183,1994,1]
[163,17,1536,1]
[164,37,554,1]
[165,138,1,360]
[166,214,1,1222]
[167,83,1868,3]
[168,226,1,1229]
[169,106,2,475]
[170,43,1566,1]
[171,257,930,1]
[172,62,1,90]
[173,61,1925,1]
[174,165,1130,2]
[175,160,1,876]
[176,77,336,1]
[177,166,2,1219]
[178,195,900,1]
[179,6,1,1916]
[180,97,1564,2]
[181,50,1,1060]
[182,207,1430,1]
[183,147,341,1]
[184,240,1,1290]
[185,91,1783,1]
[186,56,1,1365]
[187,73,1517,1]
[188,235,817,1]
[189,108,1,894]
[190,189,1227,1]
[191,26,1,1000]
[192,221,344,1]
[193,165,472,1]
[194,235,935,2]
[195,250,1,259]
[196,253,866,1]
[197,93,848,1]
[198,149,1742,1]
[199,73,1673,1]
[200,97,1171,1]
[201,132,1,1314]
[202,75,1804,1]
[203,20,1,156]
[204,46,1,678]
[205,182,1,1672]
[206,175,1298,2]
[207,107,1314,1]
[208,267,1795,1]
[209,59,1517,2]
[210,161,559,1]
[211,63,1022,2]
[212,114,1,919]
[213,201,275,1]
[214,154,2,1263]
[215,8,1,1835]
[216,246,1,1872]
[217,102,1,1963]
[218,141,776,1]
[219,67,878,1]
[220,144,1,453]
[221,213,1758,1]
[222,15,1782,1]
[223,101,856,1]
[224,53,1380,1]
[225,169,1356,1]
[226,11,298,2]
[227,59,1905,1]
[228,131,1911,1]
[229,39,1746,1]
[230,140,1,1782]
[231,255,60,1]
[232,48,1,1477]
[233,126,1,1354]
[234,93,1351,2]
[235,201,322,1]
[236,117,999,1]
[237,245,1751,1]
[238,189,1558,1]
[239,249,864,1]
[240,155,1339,1]
[241,233,340,1]
[242,74,1,318]
[243,153,1458,1]
[244,65,1296,1]
[245,255,175,2]
[246,200,1,173]
[247,150,1,196]
[248,31,1632,1]
[249,107,1713,1]
[250,93,864,1]
[251,109,836,2]
[252,76,1,32]
[253,277,1385,1]
[254,221,1487,1]
[255,269,1389,1]
[256,224,1,1334]
[257,22,1,184]
[258,192,1,1079]
[259,172,1,1240]
[260,253,876,1]
[261,55,1050,1]
[262,269,1921,1]
[263,83,1222,1]
[264,103,1905,1]
[265,219,1104,1]
[266,34,1,1653]
[267,37,875,1]
[268,101,1226,1]
[269,261,181,1]
[270,251,1454,1]
[271,142,1,12]
[272,206,1,96]
[273,57,1429,1]
[274,94,1,1021]
[275,47,185,1]
[276,229,226,1]
[277,249,1643,1]
[278,29,230,1]
[279,163,1510,1]
[280,247,43,1]
[281,194,1,384]
[282,11,685,1]
[283,244,1,1141]
[284,227,967,1]
[285,178,1,1729]
[286,235,1091,1]
[287,261,1041,1]
[288,229,1856,1]
[289,238,1,866]
[290,185,1362,1]
[291,255,1576,2]
[292,168,1,1318]
[293,35,1359,2]
[294,177,1600,1]
[295,133,1351,1]
[296,122,1,1858]
[297,19,208,1]
[298,39,1980,1]
[299,242,1,605]
[300,57,1468,1]
[301,79,238,1]
[302,223,930,1]
[303,139,27,1]
[304,135,799,1]
[305,269,1948,1]
[306,209,1050,1]
[307,209,1492,1]
[308,80,1,1487]
[309,236,1,1695]
[310,17,1792,1]
[311,201,510,2]
[312,97,1390,1]
[313,125,967,2]
[314,234,1,1078]
[315,67,1453,1]
[316,121,1732,1]
[317,29,382,1]
[318,75,1805,1]
[319,185,1759,2]
[320,128,1,615]
[321,215,920,1]
[322,275,1693,1]
[323,205,630,2]
[324,9,1521,1]
[325,67,1630,2]
[326,71,1279,1]
[327,159,549,1]
[328,223,1232,1]
[329,220,1,1318]
[330,270,1,1538]
[331,161,578,1]
[332,247,1928,2]
[333,11,1647,1]
[334,118,1,643]
[335,199,1989,2]
[336,167,480,1]
[337,163,1538,1]
[338,189,1744,2]
[339,110,1,49]
[340,241,1255,1]
[341,52,1,981]
[342,13,533,2]
[343,184,1,1969]
[344,262,1,149]
[345,235,1611,1]
[346,134,1,1756]
[347,216,1,939]
[348,141,1731,2]
[349,104,1,177]
[350,181,1808,1]
[351,279,1610,1]
[352,21,1956,1]
[353,77,968,1]
[354,49,1767,1]
[355,5,1682,1]
[356,33,1265,2]
[357,215,1071,1]
[358,253,1878,1]
[359,71,1536,2]
[360,277,1865,1]
[361,95,319,1]
[362,199,838,1]
[363,231,1341,1]
[364,23,1971,1]
[365,225,1479,1]
[366,123,1475,1]
[367,31,1990,1]
[368,100,2,258]
[369,165,629,1]
[370,260,1,1281]
[371,7,1697,1]
[372,145,686,1]
[373,271,1586,1]
[374,101,1239,1]
[375,105,1870,2]
[376,1,1483,1]
[377,213,1948,1]
[378,201,463,1]
[379,3,1042,1]
[380,247,1603,1]
[381,201,1083,1]
[382,271,1856,1]
[383,117,1073,1]
[384,115,1291,1]
[385,248,1,1890]
[386,173,1244,1]
[387,156,1,1299]
[388,239,13,1]
[389,58,1,606]
[390,255,1758,1]
[391,137,1871,1]
[392,43,1654,2]
[393,95,690,1]
[394,241,1291,1]
[395,131,1989,2]
[396,276,1,607]
[397,167,841,1]
[398,233,1479,1]
[399,239,663,1]
[400,35,1711,1]
[401,161,668,1]
[402,37,1706,1]
[403,143,1709,1]
[404,265,1528,1]
[405,36,1,494]
[406,151,65,2]
[407,141,1131,1]
[408,67,1786,1]
[409,212,1,1089]
[410,195,1162,2]
[411,95,1078,1]
[412,243,940,1]
[413,37,1838,1]
[414,155,1701,1]
[415,279,1621,1]
[416,47,1082,1]
[417,159,1344,1]
[418,25,555,2]
[419,193,487,1]
[420,121,1865,1]
[421,25,72,1]
[422,215,1745,1]
[423,215,1880,1]
[424,63,282,1]
[425,85,1476,1]
[426,95,1749,2]
[427,19,960,1]
[428,73,1697,2]
[429,113,93,1]
[430,149,1782,1]
[431,27,1617,1]
[432,69,1234,1]
[433,49,1942,1]
[434,171,646,1]
[435,117,1585,1]
[436,9,1673,1]
[437,161,1544,1]
[438,199,1415,1]
[439,29,969,1]
[440,65,1324,1]
[441,109,855,1]
[442,193,770,1]
[443,259,1516,1]
[444,135,1044,1]
[445,125,1102,1]
[446,51,805,1]
[447,141,1901,1]
[448,205,1097,3]
[449,139,792,2]
[450,147,1661,1]
[451,219,1298,1]
[452,221,1575,1]
[453,63,381,1]
[454,19,1711,1]
[455,148,1,948]
[456,3,1767,1]
[457,205,1832,1]
[458,13,955,1]
[459,125,1549,2]
[460,171,1525,1]
[461,93,1784,2]
[462,111,981,1]
[463,79,1584,1]
[464,28,1,328]
[465,79,1746,1]
[466,73,1718,1]
[467,29,1932,1]
[468,173,1310,1]
[469,13,1096,1]
[470,239,1083,1]
[471,111,1502,1]
[472,17,1810,1]
[473,201,1273,1]
[474,87,1753,1]
[475,87,1798,1]
[476,101,2000,1]
[477,33,1859,1]
[478,27,1771,1]
[479,47,1339,1]
[480,147,1963,1]
[481,169,1374,2]
[482,27,1931,2]
[483,187,1400,1]
[484,201,1403,1]
[485,195,926,1]
[486,271,1915,1]
[487,169,1878,1]
[488,83,1669,1]
[489,113,878,1]
[490,189,1600,1]
[491,105,1911,1]
[492,227,1330,1]
[493,179,1776,1]
[494,221,1868,1]
[495,111,1986,1]
[496,53,1687,1]
[497,159,1909,1]
[498,135,1444,1]
[499,155,1778,1]
[500,63,448,1]
[501,61,1943,2]
[502,197,1590,1]
[503,95,1802,1]
[504,165,1869,2]
[505,253,1896,1]
[506,63,1786,1]
[507,175,1611,1]
[508,261,1880,1]
[509,167,911,1]
[510,97,1985,2]
[511,257,1386,1]
[512,173,1886,1]
[513,113,1830,2]
[514,227,1606,2]
[515,65,1473,1]
[516,143,1939,1]
[517,25,1341,1]
[518,75,1815,1]
[519,41,1677,2]
[520,77,1221,1]
[521,245,1793,2]
[522,163,1625,1]
[523,5,1986,1]
[524,197,1678,1]
[525,1,1664,3]
[526,243,1249,1]
[527,57,1843,1]
[528,153,1532,1]
[529,273,1597,1]
[530,221,1953,1]
[531,11,1928,1]
[532,223,1343,1]
[533,51,1405,1]
[534,219,1865,1]
[535,265,1583,2]
[536,229,1999,1]
[537,255,1913,1]
[538,251,1994,2]
[539,167,1839,1]
[540,157,1423,1]
[541,159,1931,1]
[542,145,1635,1]
[543,69,1316,1]
[544,123,1556,1]
[545,157,1477,1]
[546,243,1402,2]
[547,251,1986,1]
[548,117,1941,1]
[549,171,1817,1]
[550,175,1729,1]
[551,151,813,1]
[552,109,1225,1]
[553,187,1479,1]
[554,115,1698,1]
[555,157,1858,1]
[556,77,1554,1]
[557,139,1743,2]
[558,3,1981,1]
[559,235,1911,1]
[560,81,1958,1]
[561,215,1970,1]
[562,113,1952,1]
[563,251,1988,1]
[564,257,1791,1]
[565,49,1984,2]
[566,139,1151,1]
[567,95,1873,1]
[568,151,1897,1]
[569,69,1864,1]
[570,161,1554,1]
[571,193,1981,1]
[572,153,1682,1]
[573,175,1759,1]
[574,243,1606,1]
[575,165,1948,1]
[576,47,1726,1]
[577,109,1956,1]
[578,195,1729,1]
[579,243,1624,1]
[580,93,1560,1]
[581,225,1873,1]
[582,263,1697,1]
[583,55,1260,1]
[584,239,1612,1]
[585,187,1656,1]
[586,51,1643,1]
[587,83,1724,1]
[588,79,1763,1]
[589,155,1974,1]
[590,119,1833,1]
[591,71,1642,1]
[592,15,1926,1]
[593,267,1820,1]
[594,169,1981,1]
[595,199,1541,1]
[596,141,1905,2]
[597,257,1964,1]
[598,133,1576,1]
[599,225,1994,1]
[600,227,1662,2]
[601,239,1917,1]
[602,43,1634,1]
[603,131,1960,1]
[604,189,1632,1]
[605,267,1962,1]
[606,29,1983,1]
[607,125,1553,2]
[608,263,1988,1]
[609,161,1809,1]
[610,277,1915,1]
[611,211,1733,1]
[612,249,1907,1]
[613,163,1745,1]
[614,51,1765,1]
[615,197,1834,1]
[616,53,1986,1]
[617,249,1967,2]
[618,25,1848,1]
[619,233,1627,1]
[620,189,1672,1]
[621,49,1952,1]
[622,57,1989,2]
[623,227,1893,1]
[624,7,1986,1]
[625,57,1973,1]
[626,1,1672,1]
[627,245,1764,1]
[628,43,1814,1]
[629,91,1911,1]
[630,189,1698,1]
[631,127,1924,1]
[632,13,1751,1]
[633,235,1962,1]
[634,279,1779,1]
[635,97,1594,1]
[636,35,1845,1]
[637,207,1446,1]
[638,231,1482,1]
[639,275,1710,1]
[640,275,1975,2]
[641,207,1465,1]
[642,187,1842,1]
[643,185,1945,1]
[644,201,1688,1]
[645,241,1354,1]
[646,271,1917,1]
[647,211,1825,2]
[648,125,1268,1]
[649,63,1850,2]
[650,95,1875,1]
[651,247,1983,1]
[652,209,1920,1]
[653,77,1903,2]
[654,205,1907,1]
[655,133,1789,1]
[656,47,1910,1]
[657,187,1977,1]
[658,123,1929,1]
[659,45,1830,2]
[660,51,1881,2]
[661,265,1879,1]
[662,55,1926,1]
[663,201,1857,1]
[664,17,1984,1]
[665,63,1835,1]
[666,27,1961,1]
[667,97,1778,1]
[668,85,1753,1]
[669,137,1993,1]
[670,139,1739,1]
[671,275,1768,1]
[672,237,1640,1]
[673,265,1988,1]
[674,95,1899,1]
[675,261,1886,1]
[676,135,1547,1]
[677,15,1970,1]
[678,139,1866,1]
[679,87,1989,1]
[680,245,1944,1]
[681,175,1921,1]
[682,203,1996,1]
[683,99,1947,1]
[684,241,1665,1]
[685,277,1980,1]
[686,145,1870,1]
[687,89,1940,1]
[688,173,1993,1]
[689,159,1943,3]
[690,199,1848,1]
[691,51,1977,1]
[692,201,1962,2]
[693,121,1882,1]
[694,237,1681,3]
[695,193,1983,1]
[696,9,1810,1]
[697,83,1980,1]
[698,167,1885,1]
[699,161,1991,1]
[700,93,1964,1]
[701,179,1973,1]
[702,41,1983,1]
[703,139,1888,1]
[704,221,1998,1]
[705,107,1953,1]
[706,227,1994,2]
[707,275,1910,1]
[708,75,1849,1]
[709,139,1972,1]
[710,243,1953,1]
[711,231,1655,1]
[712,151,1965,1]
[713,223,1987,1]
[714,211,1920,1]
[715,149,1954,1]
[716,99,1950,1]
[717,91,1933,1]
[718,197,1985,1]
[719,241,1993,1]
[720,67,1881,2]
[721,251,1996,1]
[722,73,1787,1]
[723,181,1978,1]
[724,273,1964,1]
[725,231,1738,1]
[726,237,1780,1]
[727,135,1938,1]
[728,25,1887,3]
[729,47,1921,1]
[730,125,1353,1]
[731,147,1987,1]
[732,97,1852,1]
[733,195,1806,1]
[734,115,1956,1]
[735,255,1976,1]
[736,63,1939,1]
[737,237,1930,1]
[738,11,1931,1]
[739,43,1939,2]
[740,65,1577,1]
[741,163,1928,1]
[742,245,1946,2]
[743,67,1881,1]
[744,153,1707,1]
[745,95,1979,1]
[746,19,1813,1]
[747,207,1804,1]
[748,141,1911,1]
[749,99,1999,1]
[750,213,1955,1]
[751,269,1992,1]
[752,33,2001,3]
[753,125,1512,1]
[754,133,1843,2]
[755,77,1608,1]
[756,71,1717,1]
[757,211,1937,1]
[758,135,1971,1]
[759,13,1752,1]
[760,253,1976,1]
[761,67,1930,1]
[762,125,1841,1]
[763,153,1922,2]
[764,25,1849,1]
[765,157,1946,1]
[766,271,1990,1]
[767,245,1977,1]
[768,169,1982,2]
[769,13,1892,1]
[770,213,1987,1]
[771,69,1928,1]
[772,257,1970,1]
[773,257,1987,1]
[774,261,1914,1]
[775,77,1882,1]
[776,159,1990,1]
[777,9,1942,1]
[778,73,1918,1]
[779,119,1920,1]
[780,55,1958,2]
[781,189,1883,1]
[782,19,1815,1]
[783,119,1967,1]
[784,201,1983,1]
[785,67,1947,1]
[786,45,1980,1]
[787,93,2001,2]
[788,97,1861,1]
[789,25,1904,2]
[790,153,1956,1]
[791,279,1946,1]
[792,253,1992,1]
[793,59,1918,1]
[794,189,1897,1]
[795,33,1971,1]
[796,19,2000,1]
[797,189,1970,1]
[798,11,1984,3]
[799,73,2001,2]
[800,1,1944,2]
[801,65,1968,1]
[802,29,1996,1]
[803,85,1803,1]
[804,77,1960,1]
[805,227,1898,1]
[806,125,1886,1]
[807,113,1993,1]
[808,205,1920,2]
[809,25,1957,1]
[810,75,1950,1]
[811,195,1812,1]
[812,231,1807,1]
[813,139,1985,1]
[814,65,1979,1]
[815,233,1809,1]
[816,89,1969,1]
[817,69,1946,1]
[818,259,1746,2]
[819,133,1966,1]
[820,25,1996,1]
[821,177,1920,1]
[822,219,1953,2]
[823,231,1825,1]
[824,259,1841,2]
[825,133,1972,1]
[826,121,1985,1]
[827,231,1855,1]
[828,71,1963,1]
[829,217,1845,2]
[830,139,1998,1]
[831,259,1942,1]
[832,219,1970,1]
[833,69,1987,1]
[834,27,1981,1]
[835,205,1916,1]
[836,91,1995,1]
[837,249,1944,1]
[838,199,1974,1]
[839,33,1999,1]
[840,1,1735,1]
[841,171,1927,1]
[842,171,1960,1]
[843,37,1889,1]
[844,59,1994,1]
[845,231,1926,1]
[846,195,1957,1]
[847,123,1988,1]
[848,127,1973,1]
[849,75,1999,1]
[850,215,1979,1]
[851,171,1976,1]
[852,279,1992,3]
[853,235,1983,1]
[854,1,1839,1]
[855,125,1914,1]
[856,53,1992,1]
[857,255,1986,2]
[858,37,1925,1]
[859,217,1957,1]
[860,207,1838,1]
[861,239,1989,1]
[862,85,1883,1]
[863,1,1877,1]
[864,167,1931,1]
[865,151,1999,1]
[866,1,1959,1]
[867,129,1943,1]
[868,187,1984,1]
[869,97,1984,1]
[870,207,1992,1]
[871,157,1950,1]
[872,103,1964,1]
[873,165,1975,2]
[874,107,1973,1]
[875,213,2000,1]
[876,233,1993,1]
[877,177,1995,2]
[878,155,1981,1]
[879,77,1997,1]
[880,79,1896,1]
[881,141,1954,1]
[882,43,1874,1]
[883,279,1957,1]
[884,55,1981,1]
[885,167,1957,1]
[886,83,1987,1]
[887,175,1943,1]
[888,55,1993,1]
[889,85,1891,1]
[890,11,1934,1]
[891,145,1990,1]
[892,167,1993,1]
[893,279,1973,1]
[894,13,1895,1]
[895,143,1985,1]
[896,85,1899,1]
[897,165,1989,1]
[898,125,1956,1]
[899,15,1990,2]
[900,15,1993,1]
[901,171,1992,1]
[902,67,1986,1]
[903,79,1905,2]
[904,63,2001,2]
[905,261,1991,1]
[906,233,2000,1]
[907,117,1995,1]
[908,105,1951,1]
[909,35,1950,1]
[910,35,1961,1]
[911,109,1984,1]
[912,275,1959,1]
[913,179,1974,1]
[914,3,1992,1]
[915,211,1953,1]
[916,227,1994,1]
[917,217,1972,1]
[918,61,1977,1]
[919,267,1968,1]
[920,125,1990,1]
[921,269,2000,1]
[922,211,1959,2]
[923,149,1959,1]
[924,77,1998,2]
[925,47,1996,1]
[926,181,1992,1]
[927,1,1963,1]
[928,7,1989,1]
[929,45,1999,1]
[930,67,1987,1]
[931,239,1998,2]
[932,23,1987,2]
[933,105,1964,2]
[934,209,1977,1]
[935,9,1993,1]
[936,115,1960,1]
[937,43,1973,1]
[938,23,1996,1]
[939,11,1984,2]
[940,149,1974,1]
[941,231,1962,1]
[942,201,1991,1]
[943,73,1922,1]
[944,13,1935,1]
[945,175,1989,1]
[946,195,1964,1]
[947,31,2000,2]
[948,131,1973,1]
[949,63,1953,1]
[950,91,2000,1]
[951,37,1934,1]
[952,259,1963,1]
[953,81,1984,1]
[954,79,1934,3]
[955,85,1982,1]
[956,107,1980,1]
[957,191,1993,1]
[958,249,1999,1]
[959,67,1993,1]
[960,73,1936,1]
[961,35,1991,2]
[962,275,1997,1]
[963,273,1990,1]
[964,131,1999,2]
[965,179,1994,1]
[966,95,1984,1]
[967,63,1954,1]
[968,37,1961,1]
[969,35,1979,1]
[970,129,1967,1]
[971,237,1967,1]
[972,129,1995,1]
[973,49,1974,1]
[974,245,1996,1]
[975,1,1993,1]
[976,259,2000,1]
[977,279,1974,1]
[978,57,2000,2]
[979,51,1994,1]
[980,39,1983,1]
[981,143,1995,1]
[982,169,1997,1]
[983,119,1974,1]
[984,131,1974,1]
[985,133,2000,2]
[986,81,1998,1]
[987,189,1990,1]
[988,211,1954,1]
[989,231,1963,1]
[990,79,1945,1]
[991,255,1983,1]
[992,217,1973,1]
[993,153,1966,1]
[994,93,1967,1]
[995,145,1996,1]
[996,127,1997,1]
[997,263,1994,1]
[998,177,1926,1]
[999,5,1995,1]
[1000,227,1999,1]
[1001,37,1987,2]
[1002,17,1987,2]
[1003,53,1994,1]
[1004,11,1963,1]
[1005,231,1980,1]
[1006,215,1987,1]
[1007,105,1998,1]
[1008,279,2001,2]
[1009,63,1966,1]
[1010,217,1985,1]
[1011,161,1996,1]
[1012,277,1990,1]
[1013,87,1992,1]
[1014,73,1941,1]
[1015,85,1994,1]
[1016,141,1993,1]
[1017,249,2000,1]
[1018,239,1992,1]
[1019,267,1981,2]
[1020,235,1991,2]
[1021,123,1990,1]
[1022,89,1983,1]
[1023,211,1973,2]
[1024,121,1994,2]
[1025,115,1976,1]
[1026,225,2001,2]
[1027,205,1931,1]
[1028,115,1988,2]
[1029,135,1981,1]
[1030,5,1998,1]
[1031,39,1999,2]
[1032,163,1944,1]
[1033,195,1966,1]
[1034,211,1981,2]
[1035,131,1999,1]
[1036,73,1979,1]
[1037,219,1992,1]
[1038,125,1993,1]
[1039,243,1961,1]
[1040,279,1999,1]
[1041,119,1993,1]
[1042,21,1961,2]
[1043,69,1999,3]
[1044,159,1993,1]
[1045,13,1961,1]
[1046,21,1995,1]
[1047,137,1999,1]
[1048,223,1994,1]
[1049,83,1998,1]
[1050,211,1984,1]
[1051,61,1987,2]
[1052,123,1999,1]
[1053,11,1983,1]
[1054,45,2000,1]
[1055,277,2000,1]
[1056,63,1985,1]
[1057,35,1995,1]
[1058,79,1962,1]
[1059,215,1998,2]
[1060,157,1987,1]
[1061,273,2000,1]
[1062,115,1980,1]
[1063,89,1988,1]
[1064,261,1994,1]
[1065,179,1999,1]
[1066,175,1999,1]
[1067,95,1987,1]
[1068,49,2000,2]
[1069,167,1995,1]
[1070,51,1999,1]
[1071,79,1980,2]
[1072,205,1952,1]
[1073,185,1974,2]
[1074,217,1989,1]
[1075,237,1996,1]
[1076,195,1977,1]
[1077,125,2000,1]
[1078,63,1986,1]
[1079,209,1984,1]
[1080,73,1986,1]
[1081,163,1950,1]
[1082,17,1988,1]
[1083,121,1987,1]
[1084,225,2000,1]
[1085,39,1988,1]
[1086,153,1977,1]
[1087,177,1944,1]
[1088,135,1987,1]
[1089,103,1978,1]
[1090,109,1997,1]
[1091,211,1986,2]
[1092,13,1974,1]
[1093,267,1997,1]
[1094,177,1947,1]
[1095,37,1970,1]
[1096,209,1996,1]
[1097,231,1989,1]
[1098,235,1995,1]
[1099,197,1990,2]
[1100,73,1996,1]
[1101,177,1996,1]
[1102,231,1990,1]
[1103,113,1995,1]
[1104,181,2000,2]
[1105,15,1996,1]
[1106,187,1992,1]
[1107,163,1963,1]
[1108,201,1999,1]
[1109,195,1989,1]
[1110,181,2000,1]
[1111,49,1996,1]
[1112,55,1997,1]
[1113,263,1995,1]
[1114,43,1983,1]
[1115,205,1966,1]
[1116,69,2000,2]
[1117,199,1976,1]
[1118,79,1981,1]
[1119,93,1995,1]
[1120,43,1984,1]
[1121,179,2000,1]
[1122,163,1996,2]
[1123,79,1986,1]
[1124,123,2000,1]
[1125,57,1997,1]
[1126,1,1994,1]
[1127,215,1992,1]
[1128,185,1978,2]
[1129,231,1994,1]
[1130,71,1982,2]
[1131,107,1992,1]
[1132,235,1997,1]
[1133,157,1993,1]
[1134,135,1999,1]
[1135,171,1998,1]
[1136,17,2000,1]
[1137,149,1997,1]
[1138,163,1981,1]
[1139,29,2000,1]
[1140,247,2000,1]
[1141,185,1992,1]
[1142,155,1987,1]
[1143,9,2000,1]
[1144,27,1985,2]
[1145,143,2000,1]
[1146,71,1997,1]
[1147,153,1997,1]
[1148,67,1999,1]
[1149,15,1999,1]
[1150,79,1999,1]
[1151,111,2000,2]
[1152,241,1995,1]
[1153,265,2000,1]
[1154,187,1995,2]
[1155,155,1994,1]
[1156,197,1994,1]
[1157,65,1987,1]
[1158,243,1999,1]
[1159,257,1988,1]
[1160,7,1999,1]
[1161,121,1990,1]
[1162,117,1998,2]
[1163,205,1995,1]
[1164,53,1995,1]
[1165,211,1995,1]
[1166,49,1999,1]
[1167,85,1999,1]
[1168,115,1981,1]
[1169,39,1990,1]
[1170,193,1992,1]
[1171,117,1996,1]
[1172,193,1997,2]
[1173,69,1993,1]
[1174,261,2000,1]
[1175,187,1995,1]
[1176,197,1998,2]
[1177,163,1986,1]
[1178,39,1991,1]
[1179,61,2000,2]
[1180,157,1996,1]
[1181,115,1990,1]
[1182,131,2000,1]
[1183,89,1992,1]
[1184,257,1991,1]
[1185,77,1998,1]
[1186,113,1998,2]
[1187,11,1991,1]
[1188,245,2000,2]
[1189,73,2000,1]
[1190,201,2000,2]
[1191,159,1997,1]
[1192,253,1998,1]
[1193,115,1997,1]
[1194,133,1973,1]
[1195,35,2001,2]
[1196,63,1991,1]
[1197,65,1990,1]
[1198,39,1992,1]
[1199,153,1999,1]
[1200,89,1993,1]
[1201,165,1991,1]
[1202,219,1998,1]
[1203,169,2000,2]
[1204,185,1994,1]
[1205,155,1995,1]
[1206,245,2000,1]
[1207,165,1998,1]
[1208,207,2000,1]
[1209,173,1998,1]
[1210,87,1999,1]
[1211,199,1984,1]
[1212,53,1999,1]
[1213,5,1999,1]
[1214,13,1989,1]
[1215,147,1988,2]
[1216,5,2000,1]
[1217,189,1993,1]
[1218,147,1989,1]
[1219,33,2000,1]
[1220,121,1991,1]
[1221,121,1997,1]
[1222,255,1984,1]
[1223,3,1999,1]
[1224,107,1995,1]
[1225,271,1991,1]
[1226,257,1992,1]
[1227,203,1998,1]
[1228,195,1998,1]
[1229,155,1996,1]
[1230,95,1994,1]
[1231,157,1998,2]
[1232,93,1997,1]
[1233,37,1980,1]
[1234,145,1999,1]
[1235,217,1990,2]
[1236,13,1997,1]
[1237,197,1995,1]
[1238,193,1999,2]
[1239,211,1996,1]
[1240,219,1999,1]
[1241,119,1997,1]
[1242,241,1999,1]
[1243,133,1985,1]
[1244,1,1997,1]
[1245,255,1992,1]
[1246,65,1997,1]
[1247,157,1998,1]
[1248,27,1982,1]
[1249,63,1998,1]
[1250,71,2001,2]
[1251,115,2000,1]
[1252,37,1988,1]
[1253,231,1999,1]
[1254,267,1998,1]
[1255,43,1993,1]
[1256,103,1993,1]
[1257,27,1989,1]
[1258,61,1989,1]
[1259,133,1997,1]
[1260,217,1996,1]
[1261,83,1999,1]
[1262,107,2000,1]
[1263,119,1998,1]
[1264,39,1993,1]
[1265,41,1996,1]
[1266,239,2000,1]
[1267,255,1994,1]
[1268,185,1999,1]
[1269,95,1996,1]
[1270,165,2000,1]
[1271,199,1996,1]
[1272,103,1999,1]
[1273,189,1998,1]
[1274,21,1999,2]
[1275,193,1996,1]
[1276,163,1992,1]
[1277,147,1997,1]
[1278,31,1994,1]
[1279,37,1991,1]
[1280,95,2000,2]
[1281,57,1998,1]
[1282,149,2000,1]
[1283,63,1999,1]
[1284,111,1992,1]
[1285,147,1999,2]
[1286,183,1998,1]
[1287,97,1999,2]
[1288,201,2000,1]
[1289,31,1998,1]
[1290,191,1994,2]
[1291,191,1997,1]
[1292,167,1997,1]
[1293,211,2000,2]
[1294,1,1998,1]
[1295,59,1999,1]
[1296,1,2000,1]
[1297,67,2000,1]
[1298,41,1998,1]
[1299,163,1994,1]
[1300,81,2000,1]
[1301,237,1997,1]
[1302,223,1998,1]
[1303,269,2001,2]
[1304,209,1997,2]
[1305,189,2000,1]
[1306,263,1999,2]
[1307,89,1998,1]
[1308,197,1997,1]
[1309,205,1998,1]
[1310,191,1999,1]
[1311,59,2000,1]
[1312,161,1999,1]
[1313,23,1998,1]
[1314,97,2000,1]
[1315,13,1999,1]
[1316,275,1999,1]
[1317,243,2000,1]
[1318,47,2000,1]
[1319,263,1997,1]
[1320,111,1995,1]
[1321,241,2000,2]
[1322,217,2001,2]
[1323,195,2000,1]
[1324,217,1998,1]
[1325,75,2000,1]
[1326,95,1999,1]
[1327,129,2000,1]
[1328,43,1997,1]
[1329,193,2000,1]
[1330,79,2000,2]
[1331,89,2000,1]
[1332,31,2000,1]
[1333,61,1997,1]
[1334,155,1998,1]
[1335,257,1995,1]
[1336,103,2000,1]
[1337,37,1995,2]
[1338,263,1999,1]
[1339,173,2000,1]
[1340,197,1999,1]
[1341,137,2001,2]
[1342,155,2000,1]
[1343,211,1999,1]
[1344,27,1995,1]
[1345,251,1998,1]
[1346,267,2000,1]
[1347,61,1998,1]
[1348,187,2000,1]
[1349,93,2000,1]
[1350,257,1999,1]
[1351,271,1992,1]
[1352,111,1997,1]
[1353,53,2000,2]
[1354,11,1994,1]
[1355,141,1995,1]
[1356,11,1999,1]
[1357,167,1999,1]
[1358,271,1997,1]
[1359,255,1997,1]
[1360,251,1999,1]
[1361,215,1995,1]
[1362,199,1997,1]
[1363,169,2001,2]
[1364,141,1997,1]
[1365,113,1997,1]
[1366,271,2000,1]
[1367,133,1999,1]
[1368,61,1999,1]
[1369,237,1999,1]
[1370,39,1999,1]
[1371,215,1998,1]
[1372,117,2000,1]
[1373,151,2000,1]
[1374,275,2000,1]
[1375,209,1998,1]
[1376,41,1999,1]
[1377,65,2000,1]
[1378,163,1995,1]
[1379,199,2000,1]
[1380,51,2000,1]
[1381,217,1999,1]
[1382,43,1998,1]
[1383,105,1999,1]
[1384,127,1998,1]
[1385,43,1999,1]
[1386,25,2000,1]
[1387,219,2000,1]
[1388,37,1993,1]
[1389,107,2001,2]
[1390,55,2000,1]
[1391,109,1998,1]
[1392,63,2000,1]
[1393,27,1997,1]
[1394,177,1997,1]
[1395,113,2001,2]
[1396,77,1999,1]
[1397,53,2000,1]
[1398,183,1999,1]
[1399,139,1999,1]
[1400,109,2001,2]
[1401,119,1999,1]
[1402,163,1997,2]
[1403,121,1998,1]
[1404,27,2000,1]
[1405,117,2002,3]
[1406,157,2000,1]
[1407,141,1998,1]
[1408,21,1999,1]
[1409,35,1999,1]
[1410,161,2000,1]
[1411,137,2000,1]
[1412,85,2000,1]
[1413,113,2000,1]
[1414,15,2001,2]
[1415,235,2000,1]
[1416,215,1999,1]
[1417,37,1994,1]
[1418,77,2000,1]
[1419,253,2000,1]
[1420,169,1998,1]
[1421,197,2000,1]
[1422,69,1995,1]
[1423,37,1998,1]
[1424,99,2002,3]
[1425,159,2000,1]
[1426,99,2000,1]
[1427,111,2000,1]
[1428,127,1999,2]
[1429,251,2000,1]
[1430,147,1999,1]
[1431,205,2001,3]
[1432,263,2000,1]
[1433,13,2000,1]
[1434,119,2001,2]
[1435,79,2000,1]
[1436,3,2000,1]
[1437,109,1999,1]
[1438,177,1999,2]
[1439,235,2001,2]
[1440,121,2000,3]
[1441,159,2001,2]
[1442,203,2000,1]
[1443,205,2000,1]
[1444,23,1999,1]
[1445,209,2001,2]
[1446,23,2000,2]
[1447,163,1997,1]
[1448,127,1999,1]
[1449,23,2001,2]
[1450,167,2001,2]
[1451,141,2000,1]
[1452,69,2000,1]
[1453,175,2000,1]
[1454,171,1999,1]
[1455,253,2001,2]
[1456,183,2000,1]
[1457,163,1998,1]
[1458,57,1999,1]
[1459,121,2001,2]
[1460,255,2000,1]
[1461,223,1999,1]
[1462,139,2000,1]
[1463,215,2000,1]
[1464,33,2001,2]
[1465,1