["head":"wrap","lpos","status"]
[222,669062,1]
["io count"]
[1000]
["io":"id","wrap","startLpos","endLpos"]
[1,136,2,1553]
[2,16,1,20]
[3,158,1,1681]
[4,241,45,1]
[5,172,1,1713]
[6,14,1,463]
[7,89,40,2]
[8,260,1,1897]
[9,210,1,889]
[10,82,2,653]
[11,173,1247,1]
[12,90,1,778]
[13,192,1,1934]
[14,219,1752,1]
[15,56,1,1164]
[16,132,1,577]
[17,277,1525,1]
[18,30,1,448]
[19,52,1,327]
[20,250,1,884]
[21,274,1,1066]
[22,178,1,1164]
[23,118,1,1293]
[24,228,2,315]
[25,248,2,1630]
[26,193,1732,1]
[27,140,1,1053]
[28,177,1353,2]
[29,109,1033,1]
[30,129,1905,1]
[31,58,1,1066]
[32,153,301,1]
[33,216,1,1083]
[34,272,1,1528]
[35,81,691,1]
[36,266,1,1331]
[37,125,417,1]
[38,93,1343,2]
[39,262,2,578]
[40,249,1194,1]
[41,240,1,1275]
[42,256,2,711]
[43,237,205,2]
[44,247,1853,1]
[45,162,1,1157]
[46,175,647,1]
[47,154,1,393]
[48,88,1,1595]
[49,246,2,1686]
[50,46,1,260]
[51,239,143,1]
[52,163,1416,1]
[53,236,1,1664]
[54,107,496,1]
[55,39,1049,1]
[56,64,1,752]
[57,255,114,1]
[58,67,1053,2]
[59,29,1923,1]
[60,3,1641,1]
[61,203,95,2]
[62,103,1253,1]
[63,72,1,409]
[64,151,1787,1]
[65,121,181,1]
[66,107,1955,1]
[67,78,1,1413]
[68,138,1,509]
[69,229,664,1]
[70,93,1616,1]
[71,133,714,1]
[72,133,1820,1]
[73,209,146,1]
[74,224,1,92]
[75,102,2,226]
[76,68,1,248]
[77,66,1,367]
[78,244,1,15]
[79,31,367,1]
[80,130,1,1214]
[81,32,1,1133]
[82,257,1965,1]
[83,109,1973,1]
[84,261,1880,1]
[85,143,1369,2]
[86,42,1,1873]
[87,230,1,1461]
[88,21,1851,1]
[89,89,281,1]
[90,253,1599,1]
[91,12,1,235]
[92,116,1,1012]
[93,117,893,2]
[94,184,1,1250]
[95,245,627,1]
[96,89,1071,2]
[97,145,1124,1]
[98,265,1668,1]
[99,165,1633,1]
[100,144,1,1216]
[101,221,245,1]
[102,69,233,1]
[103,220,1,1919]
[104,99,599,1]
[105,37,84,1]
[106,71,52,1]
[107,186,1,141]
[108,195,408,1]
[109,181,283,1]
[110,67,1862,2]
[111,53,655,1]
[112,147,1674,2]
[113,43,505,1]
[114,123,536,1]
[115,208,1,1022]
[116,54,2,273]
[117,76,1,909]
[118,79,1736,1]
[119,85,385,1]
[120,15,1601,2]
[121,160,1,1909]
[122,182,1,1870]
[123,69,962,1]
[124,53,860,1]
[125,70,2,507]
[126,24,1,1138]
[127,51,943,1]
[128,13,910,2]
[129,199,1279,1]
[130,238,1,1350]
[131,237,1192,1]
[132,9,1491,1]
[133,48,1,11]
[134,258,1,1163]
[135,45,861,1]
[136,94,1,434]
[137,69,1527,1]
[138,168,1,130]
[139,241,329,1]
[140,39,1263,1]
[141,223,1823,2]
[142,26,1,713]
[143,96,2,1371]
[144,218,1,1498]
[145,35,664,1]
[146,252,1,1759]
[147,166,1,533]
[148,155,682,1]
[149,234,3,1040]
[150,0,1,1912]
[151,239,299,1]
[152,205,1450,1]
[153,222,1,1261]
[154,84,1,1490]
[155,213,940,1]
[156,44,1,1617]
[157,137,455,2]
[158,134,1,477]
[159,110,1,1672]
[160,22,1,576]
[161,263,307,1]
[162,189,1717,1]
[163,49,1699,1]
[164,127,1329,1]
[165,59,362,1]
[166,103,1440,2]
[167,137,1839,1]
[168,86,2,409]
[169,279,1658,1]
[170,251,1460,2]
[171,196,1,775]
[172,231,750,1]
[173,207,1548,1]
[174,149,313,1]
[175,175,1204,1]
[176,87,376,1]
[177,194,1,795]
[178,51,1303,1]
[179,31,1865,1]
[180,47,1405,1]
[181,99,1523,1]
[182,112,1,1473]
[183,121,490,1]
[184,157,683,1]
[185,115,473,1]
[186,117,1906,1]
[187,95,1563,1]
[188,156,2,1200]
[189,145,1482,1]
[190,75,791,1]
[191,217,123,1]
[192,43,1381,1]
[193,201,108,1]
[194,59,1411,1]
[195,105,1304,1]
[196,157,1925,1]
[197,85,815,1]
[198,37,1178,1]
[199,278,1,408]
[200,245,1616,1]
[201,124,1,1209]
[202,197,918,1]
[203,6,1,292]
[204,198,1,1435]
[205,206,1,469]
[206,170,1,661]
[207,101,1160,1]
[208,152,1,1803]
[209,60,1,1283]
[210,114,1,1312]
[211,267,1784,1]
[212,38,1,1200]
[213,74,1,352]
[214,227,60,1]
[215,128,1,15]
[216,37,1530,2]
[217,143,1006,1]
[218,232,1,412]
[219,226,2,332]
[220,188,1,554]
[221,209,932,1]
[222,147,942,1]
[223,212,1,180]
[224,179,1400,1]
[225,8,1,1602]
[226,197,1339,1]
[227,73,973,1]
[228,25,420,1]
[229,17,21,1]
[230,161,387,1]
[231,35,1606,2]
[232,181,1744,1]
[233,217,354,2]
[234,63,683,2]
[235,273,1676,2]
[236,181,1914,1]
[237,123,1979,1]
[238,65,617,1]
[239,215,1380,2]
[240,143,1432,1]
[241,125,1432,1]
[242,19,404,1]
[243,7,815,1]
[244,183,1987,1]
[245,204,2,698]
[246,159,359,1]
[247,15,1110,1]
[248,259,1052,2]
[249,201,1893,1]
[250,254,2,841]
[251,106,1,1755]
[252,91,180,1]
[253,62,1,1489]
[254,36,1,1556]
[255,126,1,1483]
[256,213,1583,1]
[257,276,2,1463]
[258,34,1,1192]
[259,85,1554,1]
[260,11,242,1]
[261,63,777,1]
[262,190,1,1700]
[263,49,1886,1]
[264,111,1989,1]
[265,203,1395,1]
[266,37,1910,1]
[267,7,1550,1]
[268,115,1560,1]
[269,271,317,1]
[270,273,1219,1]
[271,191,358,1]
[272,153,556,1]
[273,63,793,2]
[274,273,1540,1]
[275,268,1,1064]
[276,80,2,625]
[277,146,1,798]
[278,5,452,1]
[279,20,1,1651]
[280,233,1654,2]
[281,1,1360,1]
[282,195,988,1]
[283,104,1,1410]
[284,53,1908,2]
[285,235,807,1]
[286,179,1950,1]
[287,59,1627,1]
[288,176,1,1911]
[289,50,1,751]
[290,214,1,454]
[291,2,1,1828]
[292,202,1,1217]
[293,40,1,1701]
[294,155,1489,1]
[295,217,1705,1]
[296,41,1201,2]
[297,4,1,159]
[298,100,1,923]
[299,89,1893,1]
[300,211,665,1]
[301,263,1407,1]
[302,150,1,998]
[303,142,1,826]
[304,277,1737,1]
[305,221,1832,1]
[306,13,813,1]
[307,264,1,1658]
[308,77,309,2]
[309,35,1013,1]
[310,83,1261,2]
[311,28,1,1848]
[312,263,1706,1]
[313,17,436,1]
[314,85,1828,1]
[315,122,1,792]
[316,55,380,2]
[317,7,1659,1]
[318,113,647,1]
[319,180,1,873]
[320,65,1307,1]
[321,153,1918,1]
[322,120,1,1953]
[323,113,1872,1]
[324,18,1,17]
[325,279,1763,1]
[326,63,1926,1]
[327,153,1936,1]
[328,55,1758,1]
[329,237,1684,2]
[330,259,996,1]
[331,1,1601,2]
[332,97,92,1]
[333,73,1041,1]
[334,113,1950,1]
[335,215,1933,1]
[336,239,1038,2]
[337,187,760,1]
[338,91,1088,1]
[339,263,1850,1]
[340,129,1995,2]
[341,35,1052,1]
[342,57,222,1]
[343,92,1,17]
[344,275,1414,1]
[345,233,1634,1]
[346,203,1918,1]
[347,219,1853,1]
[348,223,1352,1]
[349,259,1718,1]
[350,91,1628,2]
[351,171,769,1]
[352,242,1,1697]
[353,71,1358,1]
[354,101,1276,1]
[355,235,1292,1]
[356,135,935,1]
[357,191,1769,1]
[358,5,710,1]
[359,108,3,189]
[360,97,1961,1]
[361,185,817,1]
[362,131,164,1]
[363,253,1994,2]
[364,229,1909,1]
[365,147,1294,1]
[366,251,30,1]
[367,13,825,1]
[368,35,1688,1]
[369,255,632,2]
[370,271,1298,1]
[371,19,832,1]
[372,161,1213,1]
[373,125,1922,1]
[374,57,904,1]
[375,127,1563,1]
[376,61,1999,1]
[377,189,1990,1]
[378,148,1,481]
[379,141,952,2]
[380,5,1992,1]
[381,33,829,1]
[382,19,941,2]
[383,251,1077,1]
[384,251,1401,1]
[385,33,1046,1]
[386,19,1811,1]
[387,71,1442,1]
[388,239,1090,1]
[389,211,826,1]
[390,173,1319,1]
[391,197,1493,2]
[392,173,1710,2]
[393,53,1406,1]
[394,229,1932,1]
[395,269,1593,1]
[396,105,1762,1]
[397,57,1633,2]
[398,167,1010,1]
[399,161,1333,2]
[400,277,1888,1]
[401,235,1897,1]
[402,119,240,1]
[403,67,1418,1]
[404,227,1889,1]
[405,45,1285,1]
[406,270,1,1390]
[407,269,1731,1]
[408,119,875,1]
[409,209,1775,2]
[410,27,549,1]
[411,164,1,1830]
[412,131,1256,1]
[413,169,1673,1]
[414,175,1645,1]
[415,98,1,1778]
[416,255,1351,1]
[417,15,1451,1]
[418,15,1890,1]
[419,174,2,1743]
[420,115,1847,1]
[421,13,1356,1]
[422,121,1457,1]
[423,135,1497,1]
[424,81,1926,1]
[425,57,1340,1]
[426,243,1267,1]
[427,159,1743,1]
[428,35,1845,1]
[429,13,1384,1]
[430,25,962,1]
[431,27,1308,1]
[432,45,1789,1]
[433,225,1601,2]
[434,77,371,1]
[435,229,1939,2]
[436,200,2,1105]
[437,209,1735,1]
[438,10,2,922]
[439,147,1679,2]
[440,119,1877,1]
[441,87,643,1]
[442,23,683,1]
[443,27,1528,1]
[444,1,1978,1]
[445,213,1629,1]
[446,237,1541,1]
[447,17,554,1]
[448,225,771,1]
[449,45,1981,1]
[450,255,1369,1]
[451,187,1344,1]
[452,265,1762,1]
[453,39,1325,1]
[454,119,1988,1]
[455,87,1069,2]
[456,187,1482,1]
[457,205,1809,1]
[458,149,900,1]
[459,41,702,1]
[460,199,1410,1]
[461,161,1946,2]
[462,33,1874,1]
[463,7,1726,1]
[464,17,1786,1]
[465,43,1429,1]
[466,87,1309,2]
[467,77,1906,1]
[468,195,1183,1]
[469,41,1391,1]
[470,235,1940,1]
[471,149,1049,1]
[472,253,1845,1]
[473,161,1935,1]
[474,141,579,1]
[475,91,1550,1]
[476,23,1619,1]
[477,11,1481,2]
[478,39,1500,1]
[479,155,1592,1]
[480,41,1651,1]
[481,209,1857,1]
[482,221,1952,1]
[483,83,1272,1]
[484,219,1906,1]
[485,149,1516,1]
[486,249,1285,2]
[487,11,1535,1]
[488,229,1961,1]
[489,185,1672,1]
[490,255,1855,2]
[491,35,1988,2]
[492,143,1871,2]
[493,103,1869,1]
[494,177,384,1]
[495,231,1579,1]
[496,211,1085,1]
[497,155,1937,2]
[498,79,1754,1]
[499,139,1852,1]
[500,135,1530,1]
[501,1406866342,95591623,95592823]
[502,712337385,724964767,724962986]
[503,1690555079,1920712325,1920711360]
[504,481161622,127281568,127281649]
[505,547212728,1301470246,1301470599]
[506,752178649,1717989032,1717987592]
[507,956765835,1828069127,1828069024]
[508,1009234922,2024915029,2024915943]
[509,1950406862,1697933921,1697934434]
[510,46138335,562986065,562985642]
[511,1886358433,1343192689,1343192627]
[512,1395633945,660387150,660386755]
[513,911733666,1297500288,1297501061]
[514,543950792,1527624362,1527625885]
[515,1853416815,574817776,574816915]
[516,2104713275,1007984529,1007983270]
[517,598740640,1281975384,1281976076]
[518,2063494992,820258012,820259212]
[519,664841447,1519513064,1519511296]
[520,1422703779,1604326814,1604326187]
[521,1723070818,64887671,64889415]
[522,867135429,1087381791,1087381421]
[523,2107051028,2050568038,2050568288]
[524,736446557,734926031,734924642]
[525,235510785,449971877,449971754]
[526,338309817,1196354104,1196352717]
[527,176976434,258865439,258866811]
[528,1324168251,515684431,515682810]
[529,1296002785,105481479,105481086]
[530,744259111,1437170466,1437168891]
[531,833154027,1976604661,1976603159]
[532,1279422972,1529618711,1529620656]
[533,1093003982,326125255,326126611]
[534,1544699293,1139061908,1139061440]
[535,1217577781,1851451550,1851451172]
[536,1645139314,247677108,247677170]
[537,1862998996,1807331247,1807333155]
[538,535368088,1667708441,1667708923]
[539,339169139,1533935101,1533934125]
[540,672057990,1540290318,1540291091]
[541,835809112,913566862,913568119]
[542,439686032,2069939849,2069941240]
[543,1224623289,605334337,605332817]
[544,1334724868,466160882,466160912]
[545,874162303,386187549,386186283]
[546,954083574,332663504,332663886]
[547,26678917,1710604161,1710602872]
[548,787200547,2071050166,2071048208]
[549,509831851,1799623315,1799621381]
[550,5029197,1955376201,1955374792]
[551,1797234323,608609107,608608169]
[552,1263361197,1728012636,1728012606]
[553,1834456628,1834233579,1834235358]
[554,1245722897,1300105639,1300104451]
[555,5406642,758274220,758275991]
[556,1209606353,790748734,790748480]
[557,1893578008,402069486,402070061]
[558,59575464,1812249656,1812250799]
[559,515481930,978383770,978385645]
[560,168428878,1555860138,1555861106]
[561,636729232,362429026,362429744]
[562,1822436809,2035749685,2035748307]
[563,545738786,1605168172,1605169438]
[564,1204269103,224638925,224638851]
[565,799047339,276593479,276593281]
[566,1827053178,1885696291,1885697935]
[567,1109283041,1381482127,1381481639]
[568,334890825,1615853883,1615853425]
[569,208119973,1627900036,1627899558]
[570,129751251,586638366,586636901]
[571,545284447,507260900,507259669]
[572,214169881,2055691057,2055689321]
[573,827557676,1169312731,1169313939]
[574,1409757002,1960324975,1960325726]
[575,423291340,798062246,798064012]
[576,1601897450,121153698,121154172]
[577,2043190962,27186222,27187707]
[578,1669709849,1109799712,1109798304]
[579,1832855100,1605013516,1605014300]
[580,1238259406,1789446830,1789448601]
[581,94173195,1928869908,1928869091]
[582,1131273575,245979367,245977645]
[583,1289799907,1257923692,1257921891]
[584,1729375329,2060066275,2060065326]
[585,1155248939,1897465262,1897464352]
[586,1557476345,1141769953,1141768381]
[587,1750718889,2022289623,2022288420]
[588,1235984591,562715691,562713854]
[589,1212608476,112483330,112484397]
[590,1924194738,499160152,499161231]
[591,1183061539,1535200721,1535199563]
[592,60094133,1472370421,1472368636]
[593,718837734,1561456156,1561456965]
[594,1610407570,781512340,781512764]
[595,1858491188,863794729,863794941]
[596,1650633795,1802505542,1802504535]
[597,1573490648,1296448468,1296448536]
[598,694193143,615456646,615455946]
[599,1633919591,460918891,460917426]
[600,661535583,2097942380,2097941833]
[601,1124154425,1615963666,1615963149]
[602,1749315541,1609135391,1609134343]
[603,1700909173,1218546298,1218546015]
[604,434163870,796669506,796671231]
[605,1405746923,242525881,242524082]
[606,1746951492,229106783,229107184]
[607,875630380,1892463316,1892463867]
[608,937948726,1876847094,1876848731]
[609,2010174460,1997166865,1997167026]
[610,483714358,387384526,387385862]
[611,907975977,1496281787,1496280379]
[612,1372658400,989510768,989512099]
[613,725118004,352507526,352508584]
[614,781870817,1148225823,1148224613]
[615,305910297,640232284,640232004]
[616,863039462,173288228,173288549]
[617,144730689,1239191344,1239190210]
[618,1875173985,1929822314,1929820831]
[619,80612141,1552819673,1552819163]
[620,626943794,190829164,190829366]
[621,1979749332,1504552437,1504553351]
[622,1650147822,263855655,263857323]
[623,2015065887,2143546743,2143546404]
[624,116094083,383714069,383713994]
[625,1165600660,493309043,493309487]
[626,518096468,1647973070,1647973621]
[627,1558551843,634934218,634933136]
[628,2084616102,1193859891,1193860756]
[629,1626362541,1988169016,1988167412]
[630,256333424,1963590952,1963591851]
[631,1309991967,1818488689,1818487277]
[632,524586074,1288505470,1288505591]
[633,1532061632,877931218,877931517]
[634,1817230098,2011996836,2011996883]
[635,224729292,884625132,884625331]
[636,564393649,2097936431,2097935980]
[637,693918740,1728011594,1728012394]
[638,1872516291,1904605669,1904604919]
[639,1842062677,602656555,602656467]
[640,142290957,1399118756,1399117794]
[641,1004022398,41331122,41331560]
[642,771988816,150233652,150235148]
[643,662943483,576537585,576537292]
[644,1252128769,959758460,959756611]
[645,1074963328,1271316797,1271317855]
[646,103750118,498787561,498788134]
[647,2135242699,346163603,346163433]
[648,1713181238,750267363,750267556]
[649,1027357207,1945709760,1945709352]
[650,1845813397,135824260,135823228]
[651,2141716254,1784261099,1784261494]
[652,1846236639,267905637,267904314]
[653,779017503,731110716,731109663]
[654,811477197,2079727062,2079726328]
[655,2043701308,1649927315,1649929065]
[656,1194576158,1667755062,1667756559]
[657,267051857,756851654,756850016]
[658,370877359,61471624,61470791]
[659,993075500,452512729,452513091]
[660,1542753852,2070844219,2070845461]
[661,1118574211,1006112825,1006112741]
[662,1674042020,1611763422,1611763548]
[663,1597580442,345051721,345053436]
[664,655969148,1523426423,1523427159]
[665,308115291,617598310,617597785]
[666,254654361,471435091,471433177]
[667,943074453,1378202394,1378201207]
[668,367802336,1586492465,1586494143]
[669,494969418,991559101,991559766]
[670,2083521954,200503552,200504827]
[671,899944810,1730526504,1730527144]
[672,125574067,446085048,446083945]
[673,1104040026,593333716,593334839]
[674,515472264,1488575419,1488576704]
[675,468159021,181761532,181760580]
[676,2129277319,1740779331,1740779149]
[677,1437800829,891177839,891177629]
[678,213279435,1499630803,1499629329]
[679,1547874295,649380095,649379720]
[680,1096273563,1944789076,1944788458]
[681,614033937,1821843134,1821842627]
[682,1455816712,632259842,632260964]
[683,547143267,990465136,990464843]
[684,1920252201,675793159,675791247]
[685,1969355591,183545958,183545750]
[686,894054588,918190180,918190224]
[687,1100009830,224622574,224623983]
[688,1392705146,1035168855,1035170701]
[689,1988401212,1063928323,1063929552]
[690,1947241103,393256427,393256303]
[691,708572374,1323638076,1323639516]
[692,1726874846,1149958541,1149960206]
[693,272072366,1693505430,1693506032]
[694,1959488340,1219227977,1219229133]
[695,1262302671,1298973969,1298973568]
[696,854776120,53668966,53670446]
[697,726331530,741027886,741028956]
[698,1764507061,1478197161,1478195573]
[699,224576393,1001876898,1001875740]
[700,1902628345,970447502,970447415]
[701,39566094,1252670314,1252671529]
[702,52641784,377087225,377089023]
[703,1893523041,1627409533,1627407990]
[704,430574814,1489888557,1489888896]
[705,968452363,968654126,968652691]
[706,806606803,1397728477,1397727630]
[707,480541991,907000066,906999545]
[708,2014131679,1774926493,1774924848]
[709,1597202969,486009399,486009077]
[710,518023589,516182968,516181720]
[711,7118075,2113624796,2113624533]
[712,949468846,513260911,513262092]
[713,1096663942,71232284,71232654]
[714,1645756957,1460119277,1460118368]
[715,756188998,1478259363,1478260808]
[716,394124903,80572321,80571391]
[717,1402771004,533561379,533562332]
[718,1049921526,1553406411,1553407265]
[719,1711501324,2088499813,2088500590]
[720,1707279359,796313455,796313273]
[721,1943775987,989751626,989750296]
[722,71469649,1757083131,1757082562]
[723,1630416496,657726167,657726366]
[724,1935294365,1717282594,1717282309]
[725,602628317,949677517,949677440]
[726,1079556722,697782569,697783170]
[727,65207566,865261411,865263176]
[728,757649575,283485429,283484281]
[729,1061521050,980193311,980193852]
[730,1805096601,1545140089,1545139166]
[731,2128489686,878947942,878949529]
[732,1851772664,441678435,441680192]
[733,1089345013,590878071,590876998]
[734,110385615,1509751936,1509750806]
[735,1267493954,1217262325,1217262421]
[736,958848769,1120937806,1120937298]
[737,659510377,874731003,874729025]
[738,203083209,1747745870,1747744901]
[739,163149693,1033867015,1033866862]
[740,1248204082,542980937,542981589]
[741,1352783535,330958937,330958720]
[742,751495724,929423336,929424104]
[743,1807864723,419869223,419869038]
[744,216207038,748672675,748673262]
[745,2054843298,1578534275,1578535952]
[746,563917191,665328562,665326932]
[747,878474954,1062694196,1062695713]
[748,1202949012,418683937,418684567]
[749,18865618,802461560,802462396]
[750,329283486,91490996,91491642]
[751,1072372549,446054513,446053349]
[752,800548588,752795732,752796251]
[753,1254209194,151429194,151430762]
[754,1957111109,255990594,255989230]
[755,1784654019,836976799,836975995]
[756,1471586862,104202520,104204165]
[757,346169712,504475028,504475345]
[758,836785142,61288788,61289357]
[759,1047924372,258269859,258271004]
[760,1235760883,264096950,264096092]
[761,1638721785,1487973204,1487971360]
[762,738015904,1623810715,1623811448]
[763,1211297372,96267867,96268482]
[764,1460577601,221740723,221739806]
[765,1362813490,436589214,436589429]
[766,1172074415,210832672,210831609]
[767,2086827028,880772126,880773551]
[768,1597039611,1107524950,1107524405]
[769,1351563355,1942766729,1942766697]
[770,1716094225,1459171654,1459169724]
[771,198854451,1958406068,1958404519]
[772,449781300,1898091020,1898091269]
[773,396806837,416288801,416287751]
[774,707190146,1886733074,1886734808]
[775,997320584,1918468953,1918470141]
[776,232370201,1198939236,1198938508]
[777,759955149,1966744735,1966743019]
[778,482087898,426988426,426989484]
[779,1713607938,787269939,787271649]
[780,191859571,35420676,35420123]
[781,973665210,1483603395,1483605099]
[782,1414196511,390652546,390651319]
[783,1915715956,590263185,590264609]
[784,1112511293,639525313,639523689]
[785,1266711492,1632281380,1632282323]
[786,1860813827,1994298839,1994298611]
[787,1236548388,486268085,486269355]
[788,351247799,186745634,186744374]
[789,1413020775,1931909834,1931909037]
[790,1639815908,1634370657,1634371072]
[791,1431352133,252069100,252068982]
[792,1335987962,728519348,728519989]
[793,326903524,936329876,936331376]
[794,1052748361,2030044424,2030043338]
[795,1017973298,1332262060,1332263970]
[796,557439710,471333684,471335400]
[797,1218240887,395329876,395329375]
[798,314441987,1662916051,1662914364]
[799,1156983772,951002518,951002779]
[800,1241725546,521728473,521729007]
[801,1797226856,783576198,783577815]
[802,1751141019,1011348823,1011347012]
[803,144196825,1400991655,1400990520]
[804,1469028386,1511612716,1511613383]
[805,766046202,1846285726,1846287623]
[806,228284367,743524196,743523872]
[807,270305609,310332884,310331137]
[808,53409160,508750758,508752724]
[809,95825580,852052835,852054569]
[810,2055797413,1083756703,1083755245]
[811,1371199888,1027400599,1027401470]
[812,1098571575,311537399,311535961]
[813,2114610914,1415021739,1415022424]
[814,1421521211,857540071,857539776]
[815,961311260,1007609133,1007610548]
[816,1972037703,212497971,212496343]
[817,1367558131,1271429567,1271429044]
[818,1599006949,1525178823,1525178138]
[819,912281834,1228817805,1228819045]
[820,1324631996,2089791810,2089793482]
[821,1530950808,1994112317,1994113769]
[822,1302472238,474159000,474160710]
[823,959207579,715591446,715591133]
[824,48632026,1353902903,1353903856]
[825,959691753,1146354830,1146353682]
[826,1252366995,248022106,248021883]
[827,733749177,1967944504,1967943835]
[828,983845433,500797668,500796018]
[829,820073373,761768280,761768018]
[830,2101912360,1130578500,1130579782]
[831,387885121,771683484,771683300]
[832,1106426899,324787344,324785465]
[833,1259657854,2017865641,2017867086]
[834,2125587300,98579109,98580780]
[835,2091964287,1852575018,1852574120]
[836,796185753,331830410,331828715]
[837,119295638,1784843978,1784844325]
[838,1248543014,1171693534,1171694180]
[839,514839531,698675142,698673481]
[840,934802287,1419967706,1419967625]
[841,1915213532,865595824,865596280]
[842,1409732461,1785674984,1785674452]
[843,1832737466,415011077,415012949]
[844,332801895,905678605,905677112]
[845,1977944554,469557404,469558231]
[846,478360747,1045733662,1045732375]
[847,1275381872,2012865960,2012867081]
[848,26129676,1074434220,1074435922]
[849,1370238589,369614604,369612632]
[850,691964137,1797160843,1797160130]
[851,966782321,724142437,724141063]
[852,820326441,1586486966,1586485542]
[853,1479608744,2002283575,2002283998]
[854,1539399110,873250499,873250538]
[855,2112005304,745182483,745182860]
[856,646358036,683439412,683440984]
[857,1591585865,520017411,520016797]
[858,2115971061,32033708,32032310]
[859,1347140978,491301530,491302752]
[860,1057758399,1649911553,1649910677]
[861,1449483186,596007606,596008639]
[862,327969258,508103725,508105483]
[863,297473819,1192141953,1192141198]
[864,498891298,658359168,658359646]
[865,1786542372,788048315,788049744]
[866,1353787589,1903771457,1903771447]
[867,219656382,2014634342,2014634867]
[868,943860718,1608252405,1608252534]
[869,921706838,1086867856,1086868859]
[870,1603754636,2028223415,2028223601]
[871,812495016,842897507,842897717]
[872,332946377,689375825,689374366]
[873,1433075974,121968216,121969286]
[874,2031159088,140256448,140256530]
[875,1954650251,2034260984,2034260032]
[876,436404388,1934580418,1934582315]
[877,1155439944,2131728260,2131729629]
[878,1318693228,1651948790,1651949215]
[879,1021739967,762100380,762098429]
[880,95461124,1813224438,1813226131]
[881,1096168547,2006130591,2006129453]
[882,997986978,2049077803,2049079128]
[883,1897533077,395680020,395678902]
[884,1920509912,602045477,602047391]
[885,1931250545,175244814,175243098]
[886,259298005,1747323211,1747321364]
[887,396024688,1360904146,1360905632]
[888,528160359,583171178,583170848]
[889,1140723152,643659940,643661538]
[890,940156931,1890189328,1890188268]
[891,1933118908,1843663794,1843665000]
[892,1576845327,627307963,627307332]
[893,1634017851,1271508018,1271507200]
[894,1727499334,156378177,156378490]
[895,1374684334,1132605595,1132607056]
[896,1743064950,1512594491,1512595090]
[897,1337476483,1014378004,1014377685]
[898,1461707126,1981661496,1981663483]
[899,1317080017,945566580,945565852]
[900,864067018,1479570403,1479572077]
[901,433431405,904632362,904632189]
[902,80166491,1693927136,1693926197]
[903,324952066,464851402,464852536]
[904,1284096031,836898593,836897349]
[905,80002058,1521881037,1521882410]
[906,278082227,908799337,908798899]
[907,2012336992,1907442951,1907444444]
[908,1859470494,491560475,491561218]
[909,837000972,1465960443,1465961659]
[910,7775288,1498392316,1498393761]
[911,1664636135,906568448,906568012]
[912,966693401,1384482782,1384482428]
[913,1164243592,375643412,375644534]
[914,868261237,2001829887,2001827981]
[915,928760066,378640116,378640384]
[916,580201466,927023847,927024686]
[917,1121931580,43822304,43824058]
[918,123007968,1690017290,1690017396]
[919,521936109,688526941,688525772]
[920,335966581,1445469356,1445468004]
[921,819452162,645401884,645403050]
[922,1966863161,871906884,871906156]
[923,148709082,2137698867,2137699202]
[924,1089675536,1173273564,1173273900]
[925,1807302517,932604160,932603119]
[926,1834813682,1470224775,1470226571]
[927,1104304169,185617812,185616876]
[928,153039576,1853731616,1853733328]
[929,336033201,1064347944,1064346161]
[930,201150761,211888576,211888560]
[931,1452823708,906176320,906178059]
[932,1375134148,1702696711,1702697020]
[933,225296754,370930459,370931766]
[934,1914856681,246666897,246666024]
[935,1047950044,1407938532,1407940085]
[936,953647939,608905392,608904711]
[937,1418319847,1514734214,1514732551]
[938,2104496099,2097938112,2097936714]
[939,682784985,1464509767,1464508343]
[940,1731279037,1643913072,1643912193]
[941,530258208,746249534,746250729]
[942,264898659,2000647767,2000647555]
[943,2104853480,1552660185,1552661771]
[944,1794623463,393090933,393090263]
[945,81877632,1029075897,1029076016]
[946,970062928,1326291030,1326291236]
[947,1888992508,1313656019,1313657528]
[948,679263569,2062588011,2062587786]
[949,1957788545,480504087,480503774]
[950,1872689586,1734339569,1734340599]
[951,920940735,733371105,733369528]
[952,593393921,1489299420,1489297941]
[953,1841116728,1039077009,1039077119]
[954,766327338,1853986968,1853987232]
[955,1256180783,1696861369,1696861201]
[956,1874663459,825768185,825767033]
[957,56482875,1404805446,1404805386]
[958,1762811681,1565192216,1565191112]
[959,580438085,1705672381,1705671165]
[960,297448906,1023789244,1023789440]
[961,1364775755,1494278241,1494276769]
[962,629484018,1297653631,1297654586]
[963,2090000551,902840501,902839996]
[964,1426858181,1362738982,1362738202]
[965,1531258245,1540984511,1540984331]
[966,684836595,1096689777,1096689367]
[967,904259775,1373111011,1373109550]
[968,1565586435,853708413,853706569]
[969,2043499401,585905034,585903226]
[970,966702922,1016597256,1016598493]
[971,165724813,98388312,98387237]
[972,923623387,1067103454,1067102098]
[973,144324995,1720448669,1720446868]
[974,1942167705,1802118772,1802118111]
[975,2146576089,878079963,878079937]
[976,653523777,207328037,207326117]
[977,967562674,162585388,162586256]
[978,484169718,635784622,635786509]
[979,578761697,224497837,224497692]
[980,82212633,777287256,777285723]
[981,951418007,1100446845,1100445928]
[982,39873381,42181333,42181259]
[983,1822931099,15770843,15769831]
[984,1128029607,696216128,696215100]
[985,1115346451,1621003361,1621003023]
[986,2134561695,873072172,873070992]
[987,1917296384,1586294029,1586294561]
[988,453912042,1413026541,1413027292]
[989,448845261,1008696912,1008696276]
[990,1157887793,1686150060,1686149960]
[991,1346319774,1946024914,1946025861]
[992,1883974865,1632807766,1632807305]
[993,465141439,1039969067,1039967659]
[994,83146527,1766495950,1766494146]
[995,78605762,374040373,374041614]
[996,1091880237,915576432,915574844]
[997,153466251,118089037,118088823]
[998,418844705,1942253412,1942252358]
[999,39457039,2070633223,2070631439]
[1000,759875254,1085292688,1085293062]
