["head":"wrap","lpos","status"]
[242,153305,1]
["io count"]
[200]
["io":"id","wrap","startLpos","endLpos"]
[1,0,726994,727975]
[2,1,1422,0]
[3,2,726994,727493]
[4,3,1032,0]
[5,4,726994,727436]
[6,5,1725,0]
[7,6,726994,727346]
[8,7,1159,0]
[9,8,726994,727263]
[10,9,1792,0]
[11,10,726994,728140]
[12,11,1761,0]
[13,12,726994,727720]
[14,13,1031,0]
[15,14,726994,727456]
[16,15,100,0]
[17,16,726994,727337]
[18,17,892,0]
[19,18,726994,728012]
[20,19,140,0]
[21,20,726994,728038]
[22,21,1458,0]
[23,22,726994,728103]
[24,23,358,0]
[25,24,726994,727805]
[26,25,537,0]
[27,26,726994,727163]
[28,27,261,0]
[29,28,726994,728168]
[30,29,1319,0]
[31,30,726994,728962]
[32,31,156,0]
[33,32,726994,728087]
[34,33,467,0]
[35,34,726994,728534]
[36,35,1535,0]
[37,36,726994,727539]
[38,37,1892,0]
[39,38,726994,727689]
[40,39,814,0]
[41,40,726994,727030]
[42,41,193,0]
[43,42,726994,727921]
[44,43,1114,0]
[45,44,726994,728570]
[46,45,1389,0]
[47,46,726994,728561]
[48,47,1919,0]
[49,48,726994,727627]
[50,49,937,0]
[51,50,726994,727405]
[52,51,1677,0]
[53,52,726994,727741]
[54,53,1520,0]
[55,54,726994,727030]
[56,55,1559,0]
[57,56,726994,727403]
[58,57,557,0]
[59,58,726994,728814]
[60,59,1584,0]
[61,60,726994,727222]
[62,61,140,0]
[63,62,726994,727086]
[64,63,1321,0]
[65,64,726994,727953]
[66,65,1984,0]
[67,66,726994,728203]
[68,67,1504,0]
[69,68,726994,728871]
[70,69,256,0]
[71,70,726994,727664]
[72,71,265,0]
[73,72,726994,727443]
[74,73,1597,0]
[75,74,726994,728726]
[76,75,25,0]
[77,76,726994,728332]
[78,77,1651,0]
[79,78,726994,727290]
[80,79,1971,0]
[81,80,726994,727582]
[82,81,707,0]
[83,82,726994,727004]
[84,83,1335,0]
[85,84,726994,727573]
[86,85,37,0]
[87,86,726994,728240]
[88,87,988,0]
[89,88,726994,727940]
[90,89,1418,0]
[91,90,726994,727918]
[92,91,1175,0]
[93,92,726994,728904]
[94,93,1368,0]
[95,94,726994,727842]
[96,95,870,0]
[97,96,726994,728347]
[98,97,57,0]
[99,98,726994,727720]
[100,99,1582,0]
[101,100,726994,727307]
[102,101,1397,0]
[103,102,726994,727193]
[104,103,1114,0]
[105,104,726994,728340]
[106,105,1931,0]
[107,106,726994,728485]
[108,107,685,0]
[109,108,726994,728576]
[110,109,1787,0]
[111,110,726994,728002]
[112,111,522,0]
[113,112,726994,727840]
[114,113,1009,0]
[115,114,726994,728852]
[116,115,1425,0]
[117,116,726994,728392]
[118,117,1104,0]
[119,118,726994,727760]
[120,119,345,0]
[121,120,726994,727869]
[122,121,42,0]
[123,122,726994,728866]
[124,123,785,0]
[125,124,726994,728405]
[126,125,720,0]
[127,126,726994,728649]
[128,127,764,0]
[129,128,726994,728124]
[130,129,734,0]
[131,130,726994,727692]
[132,131,1795,0]
[133,132,726994,727125]
[134,133,897,0]
[135,134,726994,727904]
[136,135,1829,0]
[137,136,726994,728175]
[138,137,753,0]
[139,138,726994,727860]
[140,139,763,0]
[141,140,726994,727887]
[142,141,1875,0]
[143,142,726994,728280]
[144,143,1739,0]
[145,144,726994,727878]
[146,145,1496,0]
[147,146,726994,728511]
[148,147,283,0]
[149,148,726994,727946]
[150,149,635,0]
[151,150,726994,727974]
[152,151,1827,0]
[153,152,726994,727671]
[154,153,852,0]
[155,154,726994,727607]
[156,155,88,0]
[157,156,726994,728918]
[158,157,620,0]
[159,158,726994,728198]
[160,159,1054,0]
[161,160,726994,728348]
[162,161,1902,0]
[163,162,726994,727844]
[164,163,1837,0]
[165,164,726994,727794]
[166,165,112,0]
[167,166,726994,728661]
[168,167,1981,0]
[169,168,726994,727859]
[170,169,533,0]
[171,170,726994,728090]
[172,171,110,0]
[173,172,726994,727402]
[174,173,734,0]
[175,174,726994,727196]
[176,175,1645,0]
[177,176,726994,727224]
[178,177,1719,0]
[179,178,726994,727274]
[180,179,1183,0]
[181,180,726994,727348]
[182,181,1260,0]
[183,182,726994,728356]
[184,183,1031,0]
[185,184,726994,727106]
[186,185,1975,0]
[187,186,726994,728466]
[188,187,36,0]
[189,188,726994,727590]
[190,189,676,0]
[191,190,726994,728437]
[192,191,302,0]
[193,192,726994,727925]
[194,193,645,0]
[195,194,726994,727134]
[196,195,1731,0]
[197,196,726994,727751]
[198,197,1807,0]
[199,198,726994,727058]
[200,199,1974,0]
