["head":"wrap","lpos","status"]
[172,476075,1]
["io count"]
[500]
["io":"id","wrap","startLpos","endLpos"]
[1,137,538895,538452]
[2,71,383424,381946]
[3,125,301422,300055]
[4,73,463792,463096]
[5,76,463393,464917]
[6,89,9066,7623]
[7,61,207729,205992]
[8,277,440815,440566]
[9,26,299028,300128]
[10,63,457055,456602]
[11,108,534195,536191]
[12,219,259103,258711]
[13,266,333705,334737]
[14,202,334828,335377]
[15,147,488318,486625]
[16,69,6820,5749]
[17,272,565377,566858]
[18,263,141345,140408]
[19,91,237836,236346]
[20,134,566427,567068]
[21,249,514343,512909]
[22,42,506736,507098]
[23,131,335143,333985]
[24,142,352752,354146]
[25,194,226778,227368]
[26,181,702829,701918]
[27,214,261700,262204]
[28,221,373336,372541]
[29,37,262208,260770]
[30,213,171809,170986]
[31,14,416275,418010]
[32,199,433676,433442]
[33,237,166303,165649]
[34,243,332457,331354]
[35,244,544560,545490]
[36,76,280734,280912]
[37,266,482576,483122]
[38,23,500157,499490]
[39,17,558898,558119]
[40,81,324450,322804]
[41,22,169878,170998]
[42,270,350522,351649]
[43,216,70956,71347]
[44,112,349223,349728]
[45,266,391244,391273]
[46,263,469143,468707]
[47,272,499378,500954]
[48,114,311901,313411]
[49,121,286008,284635]
[50,141,399728,398310]
[51,243,514284,514132]
[52,139,652843,651684]
[53,205,475482,473702]
[54,74,96548,98210]
[55,228,432064,432617]
[56,195,560733,560011]
[57,148,213228,213801]
[58,266,178691,180101]
[59,244,239174,240692]
[60,145,342322,341958]
[61,251,460364,460131]
[62,174,277541,278794]
[63,246,302706,303304]
[64,111,369081,367842]
[65,239,237660,236952]
[66,51,269095,267567]
[67,158,644425,645843]
[68,88,609711,610966]
[69,166,603112,603308]
[70,202,318571,319120]
[71,45,518329,517076]
[72,132,467379,469047]
[73,166,133169,134846]
[74,115,580446,578450]
[75,16,113559,113732]
[76,180,392802,394508]
[77,210,394506,394938]
[78,182,506318,506419]
[79,239,581730,580514]
[80,205,434749,434591]
[81,246,224565,226085]
[82,23,299780,298060]
[83,201,175455,174138]
[84,262,334074,335726]
[85,165,438522,437140]
[86,56,329504,329727]
[87,141,152205,151830]
[88,260,512775,513083]
[89,104,359319,360952]
[90,248,325627,325872]
[91,271,172056,171384]
[92,240,169481,171347]
[93,210,340464,342314]
[94,86,713893,715163]
[95,124,311679,313137]
[96,178,186034,186593]
[97,197,124751,123953]
[98,36,425835,427063]
[99,173,445614,445448]
[100,39,257509,256163]
[101,218,328240,330017]
[102,223,421299,419528]
[103,49,75206,74191]
[104,150,188307,189761]
[105,228,615955,617723]
[106,133,475832,474292]
[107,119,149906,148394]
[108,261,275691,275139]
[109,229,663864,661870]
[110,170,521393,522474]
[111,137,336726,336016]
[112,83,321736,320222]
[113,129,535017,534216]
[114,224,537598,537978]
[115,92,320255,321773]
[116,196,576865,577401]
[117,242,534926,535529]
[118,231,696720,694827]
[119,56,540460,541656]
[120,14,377678,377914]
[121,85,587307,586817]
[122,141,158085,157865]
[123,251,436517,436063]
[124,119,301580,301239]
[125,186,191645,193135]
[126,22,287318,289230]
[127,177,422764,421864]
[128,234,426487,427127]
[129,175,384600,383460]
[130,227,462142,460724]
[131,55,24790,24451]
[132,240,217298,218216]
[133,277,129627,128438]
[134,31,379395,378041]
[135,20,200143,200867]
[136,267,309202,307893]
[137,177,385682,384788]
[138,234,360939,361528]
[139,260,306098,307960]
[140,29,170515,169627]
[141,129,631616,629946]
[142,30,422203,423127]
[143,136,77753,78507]
[144,29,268927,268104]
[145,255,471565,470261]
[146,270,187120,187393]
[147,99,377019,375308]
[148,68,355823,356082]
[149,163,268401,267883]
[150,117,291185,290278]
[151,56,313991,314486]
[152,34,707378,708387]
[153,231,352935,351808]
[154,62,365954,366904]
[155,107,316934,315232]
[156,111,323325,322356]
[157,53,112465,111251]
[158,32,459848,460450]
[159,208,183220,185182]
[160,193,229584,229229]
[161,174,143878,143898]
[162,226,405721,406022]
[163,18,612425,614050]
[164,81,356906,355345]
[165,213,423435,421780]
[166,196,328235,328936]
[167,35,337399,336528]
[168,136,169321,170222]
[169,172,399204,400494]
[170,81,239215,238482]
[171,51,393987,393845]
[172,99,297555,296595]
[173,255,401822,400165]
[174,120,134391,135639]
[175,153,33766,33630]
[176,173,121983,120669]
[177,165,616460,614939]
[178,248,334122,335969]
[179,150,348059,349632]
[180,39,461722,461330]
[181,268,63383,64490]
[182,69,112325,111904]
[183,113,507414,505661]
[184,21,565631,565045]
[185,93,132718,130995]
[186,24,477957,479412]
[187,193,635075,633519]
[188,140,472278,473215]
[189,151,439786,439377]
[190,198,399372,401242]
[191,241,270952,269308]
[192,262,230850,231631]
[193,20,243868,244039]
[194,215,413326,411705]
[195,59,187929,187587]
[196,254,365761,365939]
[197,108,452684,453007]
[198,6,573211,574776]
[199,109,103458,102027]
[200,188,249640,251605]
[201,192,2218,2516]
[202,140,521465,523038]
[203,171,392422,391144]
[204,192,484336,484644]
[205,274,661914,663088]
[206,58,291271,292685]
[207,10,384484,386458]
[208,49,654974,653927]
[209,1,416349,414736]
[210,30,43147,45046]
[211,215,378900,377461]
[212,219,247104,246384]
[213,224,468219,468539]
[214,29,402001,400457]
[215,20,437443,438750]
[216,87,325704,325661]
[217,214,575041,576392]
[218,213,428780,427565]
[219,250,451643,452624]
[220,260,525325,527085]
[221,136,131323,132408]
[222,137,121222,120245]
[223,71,409854,408961]
[224,223,447098,445490]
[225,7,41678,41079]
[226,191,309181,307593]
[227,8,416212,417998]
[228,117,439179,437905]
[229,92,251274,252427]
[230,7,557538,555969]
[231,86,479439,480678]
[232,110,370487,372291]
[233,248,424104,425599]
[234,93,96249,95380]
[235,169,442195,441731]
[236,207,675927,675258]
[237,93,423795,423160]
[238,168,414096,414534]
[239,224,398428,400144]
[240,60,51625,51874]
[241,240,580416,580753]
[242,256,22197,23353]
[243,1,365879,364558]
[244,253,143500,142490]
[245,82,46987,48039]
[246,40,424640,425268]
[247,133,505794,504741]
[248,51,133059,132655]
[249,180,417492,417687]
[250,122,284662,285048]
[251,238,183235,183751]
[252,111,710424,709144]
[253,254,141446,142810]
[254,156,466239,467649]
[255,96,328584,329472]
[256,37,145354,145039]
[257,23,287592,286242]
[258,165,279029,278003]
[259,193,552915,551326]
[260,240,401431,401934]
[261,68,299723,300319]
[262,56,382529,383709]
[263,144,363456,364115]
[264,23,312596,312505]
[265,12,520868,520918]
[266,180,116858,117981]
[267,82,476317,477429]
[268,138,80032,81069]
[269,106,357867,359780]
[270,152,710911,711739]
[271,177,121957,120671]
[272,80,196639,197242]
[273,37,184595,184259]
[274,239,191993,191385]
[275,154,320437,322050]
[276,172,125008,126397]
[277,51,364408,362820]
[278,156,485985,487003]
[279,269,322756,320963]
[280,193,199753,197969]
[281,177,268564,267159]
[282,34,373747,374056]
[283,277,418370,416954]
[284,25,210385,209264]
[285,64,284888,284959]
[286,173,391338,390681]
[287,261,439112,437676]
[288,140,374325,375746]
[289,265,327181,325498]
[290,258,573340,574365]
[291,131,174272,173995]
[292,235,437465,436834]
[293,4,468178,468735]
[294,57,717305,716017]
[295,90,273325,274399]
[296,98,436618,437577]
[297,68,198023,198787]
[298,196,250791,250977]
[299,24,229111,231108]
[300,39,431047,430018]
[301,2,524183,525550]
[302,123,388243,386960]
[303,240,355723,357355]
[304,102,361499,363202]
[305,224,422629,422872]
[306,214,412768,414365]
[307,187,51227,50135]
[308,247,347724,347540]
[309,191,122017,121049]
[310,58,379221,380458]
[311,141,249765,247797]
[312,45,293061,292336]
[313,49,167177,165278]
[314,263,87268,85884]
[315,72,35728,37574]
[316,232,324122,324444]
[317,22,272351,272392]
[318,9,286270,284636]
[319,62,434903,434999]
[320,132,638450,638527]
[321,186,133249,134260]
[322,268,685028,685401]
[323,24,632453,633513]
[324,154,163798,165366]
[325,53,638706,638693]
[326,94,259079,259214]
[327,80,531062,531590]
[328,1,73369,72592]
[329,166,300988,301661]
[330,272,462492,463369]
[331,214,305745,307552]
[332,46,257657,257697]
[333,239,640148,639636]
[334,204,386651,388442]
[335,7,564726,562982]
[336,223,483029,482273]
[337,170,355765,357154]
[338,192,256899,258087]
[339,181,654810,653870]
[340,53,315651,314942]
[341,90,660370,660796]
[342,163,576517,575257]
[343,236,403041,404475]
[344,179,467885,467208]
[345,161,441611,440967]
[346,173,349178,347898]
[347,43,308247,307248]
[348,97,485215,484177]
[349,153,165286,164372]
[350,95,503852,502757]
[351,46,631711,632826]
[352,74,372262,372539]
[353,193,488037,486217]
[354,10,358975,359150]
[355,154,446230,448075]
[356,84,505096,506930]
[357,250,425206,425868]
[358,234,191027,191752]
[359,64,430657,431268]
[360,90,350537,351873]
[361,92,481021,482623]
[362,110,239061,239831]
[363,182,361044,362772]
[364,64,427792,427907]
[365,255,553312,552750]
[366,181,586996,585172]
[367,60,222098,223321]
[368,149,488828,488525]
[369,232,485524,486889]
[370,107,125673,125510]
[371,199,246105,245093]
[372,271,628378,628235]
[373,212,398433,400208]
[374,101,521364,520918]
[375,25,342837,342017]
[376,236,344803,345574]
[377,217,420585,420507]
[378,239,378714,376895]
[379,12,341244,343053]
[380,258,419771,421115]
[381,223,427635,426368]
[382,12,417883,419159]
[383,128,344927,346548]
[384,122,399305,400392]
[385,261,372157,370705]
[386,154,366020,367838]
[387,9,454423,453150]
[388,149,669471,669005]
[389,137,211239,210695]
[390,269,152529,150644]
[391,69,482698,482544]
[392,219,254051,253905]
[393,140,672202,673209]
[394,260,407749,407984]
[395,144,394701,395314]
[396,108,358281,359850]
[397,7,125691,125632]
[398,207,275080,273244]
[399,173,453858,451986]
[400,267,273001,271577]
[401,71,451835,451484]
[402,104,320744,321980]
[403,252,568400,569967]
[404,168,384379,384505]
[405,98,360976,361010]
[406,166,413594,414333]
[407,205,611862,610964]
[408,65,520169,520057]
[409,14,459414,459973]
[410,157,376194,375135]
[411,78,76162,77970]
[412,138,648958,649136]
[413,175,529532,529196]
[414,225,263107,261678]
[415,19,307083,305818]
[416,99,168640,168500]
[417,267,421073,419825]
[418,144,218554,219093]
[419,147,158120,157514]
[420,70,263846,263990]
[421,61,233083,232307]
[422,93,727265,726152]
[423,201,443707,443065]
[424,255,538018,536235]
[425,106,263117,264465]
[426,273,117245,115989]
[427,133,574028,572323]
[428,55,361863,360456]
[429,265,450716,449624]
[430,160,554479,556408]
[431,98,538038,539222]
[432,11,374986,373190]
[433,36,307157,308323]
[434,267,125728,124625]
[435,93,584238,582316]
[436,266,440448,441648]
[437,252,171195,173038]
[438,233,128065,126893]
[439,65,93813,92148]
[440,254,537160,537914]
[441,202,249918,250150]
[442,211,107801,106328]
[443,163,516161,515229]
[444,245,357643,356723]
[445,172,67323,68578]
[446,33,273705,273156]
[447,70,154705,155765]
[448,149,134360,133857]
[449,0,268093,269181]
[450,244,161051,161069]
[451,68,679161,680160]
[452,68,575453,575669]
[453,64,550365,551496]
[454,19,210567,208926]
[455,155,395739,395729]
[456,66,208284,209115]
[457,70,605015,606264]
[458,71,531120,531063]
[459,146,558465,559056]
[460,32,462022,462364]
[461,226,204167,206153]
[462,157,225009,223234]
[463,196,426294,426784]
[464,6,467699,468851]
[465,254,398408,399638]
[466,110,330212,330624]
[467,229,263311,262606]
[468,43,365424,364351]
[469,41,621694,619757]
[470,88,91092,91462]
[471,55,503294,501467]
[472,232,457041,457210]
[473,177,286910,285067]
[474,154,384873,385984]
[475,126,384566,385655]
[476,32,107898,108996]
[477,50,222080,223741]
[478,137,484611,484110]
[479,274,306796,308749]
[480,147,438355,437606]
[481,203,451511,450992]
[482,255,680788,679836]
[483,264,497573,498891]
[484,187,328748,328738]
[485,271,494859,493913]
[486,54,384185,385855]
[487,32,332040,332874]
[488,157,382548,382353]
[489,279,425053,423326]
[490,122,715490,717267]
[491,52,572553,573442]
[492,138,699142,700855]
[493,143,380111,378559]
[494,75,508332,506953]
[495,54,379659,380877]
[496,162,248854,249989]
[497,237,249352,249208]
[498,61,328175,326252]
[499,119,112376,112168]
[500,177,709627,709546]
