["head":"wrap","lpos","status"]
[47,141177,1]
["io count"]
[2000]
["io":"id","wrap","startLpos","endLpos"]
[1,0,152986,154113]
[2,0,488210,489518]
[3,0,726994,728148]
[4,1,479170,477618]
[5,1,128046,127986]
[6,1,53,0]
[7,2,257268,258392]
[8,2,628867,629549]
[9,2,726994,727595]
[10,3,382703,382121]
[11,3,22214,20578]
[12,3,835,0]
[13,4,201086,202437]
[14,4,412074,412168]
[15,4,512760,514621]
[16,4,644923,646089]
[17,4,726994,727787]
[18,5,509934,508348]
[19,5,246630,245232]
[20,5,1525,0]
[21,6,284887,286451]
[22,6,586648,586766]
[23,6,726994,727815]
[24,7,448438,448006]
[25,7,103245,101848]
[26,7,766,0]
[27,8,190014,191711]
[28,8,344804,346290]
[29,8,627091,627354]
[30,8,726994,727918]
[31,9,422851,421102]
[32,9,310483,308741]
[33,9,40513,39929]
[34,9,903,0]
[35,10,148542,149836]
[36,10,522289,522934]
[37,10,726994,727950]
[38,11,395630,395211]
[39,11,25266,23939]
[40,11,1909,0]
[41,12,244634,245987]
[42,12,431292,432607]
[43,12,726994,728090]
[44,13,386814,386109]
[45,13,105086,103676]
[46,13,958,0]
[47,14,290864,292735]
[48,14,460487,461042]
[49,14,726994,727538]
[50,15,611519,609897]
[51,15,385404,385324]
[52,15,82292,81832]
[53,15,92,0]
[54,16,133705,134606]
[55,16,389015,389908]
[56,16,699190,700679]
[57,16,726994,728661]
[58,17,482333,481391]
[59,17,308206,306878]
[60,17,283,0]
[61,18,207959,209825]
[62,18,572276,573353]
[63,18,726994,727019]
[64,19,385461,385010]
[65,19,261488,261156]
[66,19,20153,18481]
[67,19,1096,0]
[68,20,177821,179462]
[69,20,380174,380265]
[70,20,577381,578156]
[71,20,726994,728896]
[72,21,542214,540770]
[73,21,330700,330257]
[74,21,82511,81512]
[75,21,501,0]
[76,22,268203,268408]
[77,22,380366,382323]
[78,22,579360,579733]
[79,22,726994,727754]
[80,23,627298,626445]
[81,23,303543,301548]
[82,23,187485,186645]
[83,23,1665,0]
[84,24,112232,112319]
[85,24,285075,285168]
[86,24,654884,655442]
[87,24,726994,728923]
[88,25,592846,591085]
[89,25,473046,471194]
[90,25,370408,368799]
[91,25,129845,129801]
[92,25,1719,0]
[93,26,166959,167997]
[94,26,386202,386623]
[95,26,725911,726433]
[96,26,726994,728364]
[97,27,465778,465685]
[98,27,339450,337480]
[99,27,197580,196217]
[100,27,62940,62404]
[101,27,1097,0]
[102,28,218408,219674]
[103,28,478087,478420]
[104,28,590265,591805]
[105,28,726994,727259]
[106,29,593049,592215]
[107,29,332612,330867]
[108,29,95309,94735]
[109,29,1207,0]
[110,30,338979,339484]
[111,30,501876,503655]
[112,30,619386,620940]
[113,30,726994,728691]
[114,31,528785,527341]
[115,31,338286,336292]
[116,31,1791,0]
[117,32,152906,152916]
[118,32,526165,526440]
[119,32,726994,728898]
[120,33,453622,451767]
[121,33,319627,317743]
[122,33,1948,0]
[123,34,256913,258839]
[124,34,359171,360445]
[125,34,607067,607788]
[126,34,726994,727794]
[127,35,506304,505660]
[128,35,265497,264682]
[129,35,55182,54412]
[130,35,360,0]
[131,36,100666,102369]
[132,36,419163,421031]
[133,36,677842,679468]
[134,36,726994,727030]
[135,37,606008,604600]
[136,37,396485,394594]
[137,37,66833,65962]
[138,37,1506,0]
[139,38,365055,365520]
[140,38,535937,536367]
[141,38,726994,727357]
[142,39,553603,553359]
[143,39,384460,384123]
[144,39,226759,226698]
[145,39,30202,28514]
[146,39,331,0]
[147,40,239673,241525]
[148,40,461800,461843]
[149,40,724407,725365]
[150,40,726994,728750]
[151,41,498370,498119]
[152,41,199797,198603]
[153,41,56,0]
[154,42,163758,164287]
[155,42,386797,387265]
[156,42,530323,531100]
[157,42,726994,728324]
[158,43,371373,369909]
[159,43,177859,175915]
[160,43,75277,75177]
[161,43,1824,0]
[162,44,133139,134787]
[163,44,345204,345524]
[164,44,468123,469573]
[165,44,726994,727030]
[166,45,365764,365683]
[167,45,84632,82939]
[168,45,907,0]
[169,46,128832,130419]
[170,46,232165,232323]
[171,46,357788,359478]
[172,46,523997,525947]
[173,46,726771,727525]
[174,47,601502,601491]
[175,47,487790,486995]
[176,47,209669,208959]
[177,47,215,0]
[178,48,246706,247544]
[179,48,395689,397357]
[180,48,663069,663392]
[181,48,726994,728435]
[182,49,608671,607457]
[183,49,353379,352648]
[184,49,59073,57102]
[185,49,1682,0]
[186,50,188934,190443]
[187,50,527815,529116]
[188,50,643695,645193]
[189,50,726994,728799]
[190,51,545617,543864]
[191,51,198341,197018]
[192,51,1805,0]
[193,52,332738,332812]
[194,52,444662,445787]
[195,52,636097,637939]
[196,52,726994,727149]
[197,53,525088,524269]
[198,53,405667,404566]
[199,53,228306,228212]
[200,53,60783,59454]
[201,53,791,0]
[202,54,246361,246757]
[203,54,588957,589041]
[204,54,726994,728164]
[205,55,438509,437749]
[206,55,182554,181675]
[207,55,6069,4189]
[208,55,975,0]
[209,56,331390,331459]
[210,56,620858,622758]
[211,56,726994,728645]
[212,57,394656,392793]
[213,57,77602,76488]
[214,57,382,0]
[215,58,354247,356081]
[216,58,572337,573485]
[217,58,716102,716345]
[218,58,726994,728481]
[219,59,362643,361996]
[220,59,187625,187576]
[221,59,1240,0]
[222,60,117243,117565]
[223,60,390026,390232]
[224,60,669278,670944]
[225,60,726994,728441]
[226,61,426322,426274]
[227,61,57612,57439]
[228,61,266,0]
[229,62,132638,134140]
[230,62,303077,303344]
[231,62,469614,471210]
[232,62,726994,727287]
[233,63,490366,489350]
[234,63,177089,177057]
[235,63,1816,0]
[236,64,172201,173977]
[237,64,539247,540510]
[238,64,726994,728690]
[239,65,556929,555826]
[240,65,304853,303169]
[241,65,118280,116331]
[242,65,754,0]
[243,66,146351,147898]
[244,66,362612,364027]
[245,66,555595,556732]
[246,66,695486,697219]
[247,66,726994,727558]
[248,67,473597,472217]
[249,67,217716,216496]
[250,67,1563,0]
[251,68,141751,143532]
[252,68,497965,498778]
[253,68,726994,728879]
[254,69,484433,482445]
[255,69,224732,223901]
[256,69,2679,995]
[257,70,292804,293192]
[258,70,460580,461585]
[259,70,726994,727297]
[260,71,497569,495679]
[261,71,323563,321939]
[262,71,4800,2901]
[263,71,536,0]
[264,72,284482,285122]
[265,72,615814,616097]
[266,72,726994,727346]
[267,73,465354,464586]
[268,73,248208,246662]
[269,73,400,0]
[270,74,158902,160774]
[271,74,305203,306433]
[272,74,560827,561176]
[273,74,726994,727620]
[274,75,609027,607897]
[275,75,291230,289465]
[276,75,97977,97862]
[277,75,863,0]
[278,76,318902,319583]
[279,76,482629,484125]
[280,76,726994,727430]
[281,77,560482,559886]
[282,77,442219,440590]
[283,77,87069,85468]
[284,77,833,0]
[285,78,228660,230277]
[286,78,400848,401280]
[287,78,662435,662952]
[288,78,726994,727352]
[289,79,613496,611707]
[290,79,438957,438137]
[291,79,165220,164972]
[292,79,56493,55079]
[293,79,1071,0]
[294,80,357655,358439]
[295,80,657265,657671]
[296,80,726994,728348]
[297,81,443368,441880]
[298,81,262809,261634]
[299,81,52136,50884]
[300,81,1889,0]
[301,82,366435,367482]
[302,82,547810,548293]
[303,82,726994,727232]
[304,83,561771,561746]
[305,83,295581,293616]
[306,83,190061,189706]
[307,83,141,0]
[308,84,275344,276172]
[309,84,624631,626019]
[310,84,726994,728631]
[311,85,385286,383670]
[312,85,121044,119060]
[313,85,1618,0]
[314,86,188993,190210]
[315,86,351287,352104]
[316,86,462239,463827]
[317,86,726994,728644]
[318,87,458349,456662]
[319,87,123266,121320]
[320,87,1439,0]
[321,88,306430,306937]
[322,88,672971,673165]
[323,88,726994,728199]
[324,89,479830,477899]
[325,89,330875,329544]
[326,89,70824,68860]
[327,89,1285,0]
[328,90,208934,210105]
[329,90,386926,388065]
[330,90,630710,631248]
[331,90,726994,728054]
[332,91,524820,524282]
[333,91,421484,420111]
[334,91,310902,309251]
[335,91,101691,101128]
[336,91,1338,0]
[337,92,169349,169707]
[338,92,494730,495434]
[339,92,726994,727512]
[340,93,580807,579060]
[341,93,420284,419591]
[342,93,309587,309452]
[343,93,83,0]
[344,94,198795,199107]
[345,94,544334,546038]
[346,94,666084,667337]
[347,94,726994,728894]
[348,95,520619,518913]
[349,95,171572,170632]
[350,95,1846,0]
[351,96,281046,282544]
[352,96,532418,534217]
[353,96,726994,727386]
[354,97,607238,606535]
[355,97,446310,444580]
[356,97,89810,89735]
[357,97,667,0]
[358,98,147084,148452]
[359,98,322860,324107]
[360,98,470672,470830]
[361,98,726994,727252]
[362,99,394794,394135]
[363,99,24843,24147]
[364,99,1983,0]
[365,100,105738,106048]
[366,100,422516,423776]
[367,100,624100,625773]
[368,100,726994,727663]
[369,101,390570,390254]
[370,101,223462,222919]
[371,101,3991,3223]
[372,101,1010,0]
[373,102,353338,354016]
[374,102,575316,576167]
[375,102,726994,728316]
[376,103,439415,438680]
[377,103,76757,76653]
[378,103,1574,0]
[379,104,170354,170795]
[380,104,346325,347721]
[381,104,518169,519941]
[382,104,640055,641994]
[383,104,726994,728542]
[384,105,490045,489529]
[385,105,175445,174450]
[386,105,1630,0]
[387,106,334447,335039]
[388,106,527327,528989]
[389,106,726994,727992]
[390,107,480851,480660]
[391,107,153039,152866]
[392,107,1608,0]
[393,108,274648,275498]
[394,108,612037,612906]
[395,108,726994,728585]
[396,109,505430,504269]
[397,109,345876,345747]
[398,109,228642,227026]
[399,109,182,0]
[400,110,239568,240014]
[401,110,346695,346855]
[402,110,461476,462426]
[403,110,631643,633451]
[404,110,726994,728184]
[405,111,459493,459340]
[406,111,232337,230855]
[407,111,39402,37477]
[408,111,610,0]
[409,112,228243,229299]
[410,112,568238,568605]
[411,112,726994,727004]
[412,113,378325,377145]
[413,113,274459,273801]
[414,113,1906,0]
[415,114,208850,210546]
[416,114,339928,341581]
[417,114,699456,700993]
[418,114,726994,727282]
[419,115,554635,552967]
[420,115,278146,277259]
[421,115,831,0]
[422,116,136733,138574]
[423,116,509571,510067]
[424,116,726994,728676]
[425,117,484788,484078]
[426,117,354097,353658]
[427,117,246897,245702]
[428,117,75097,73905]
[429,117,56,0]
[430,118,338763,340492]
[431,118,644429,646419]
[432,118,726994,727562]
[433,119,576677,575998]
[434,119,267450,267300]
[435,119,85464,83706]
[436,119,1184,0]
[437,120,363156,364788]
[438,120,650245,651929]
[439,120,726994,728788]
[440,121,368562,367522]
[441,121,29138,28735]
[442,121,153,0]
[443,122,125608,125828]
[444,122,277021,278434]
[445,122,574264,574323]
[446,122,726994,728910]
[447,123,389365,388298]
[448,123,108165,106217]
[449,123,557,0]
[450,124,365788,366875]
[451,124,714599,715435]
[452,124,726994,728382]
[453,125,629453,628525]
[454,125,376439,374755]
[455,125,33330,31908]
[456,125,1990,0]
[457,126,220376,220851]
[458,126,484778,485747]
[459,126,605946,607480]
[460,126,726647,727530]
[461,127,628075,626199]
[462,127,417075,415624]
[463,127,232295,230566]
[464,127,26,0]
[465,128,200027,201237]
[466,128,501540,502454]
[467,128,726994,728652]
[468,129,482537,481291]
[469,129,377394,376686]
[470,129,196720,196022]
[471,129,10,0]
[472,130,260406,261267]
[473,130,457442,458360]
[474,130,670455,671869]
[475,130,726994,728267]
[476,131,468556,467721]
[477,131,366033,365200]
[478,131,163017,161796]
[479,131,1392,0]
[480,132,164662,166582]
[481,132,317697,317754]
[482,132,502457,503589]
[483,132,702845,704045]
[484,132,726994,727087]
[485,133,438245,437690]
[486,133,214996,213805]
[487,133,569,0]
[488,134,311950,313474]
[489,134,503748,504825]
[490,134,726994,728446]
[491,135,599596,599373]
[492,135,458456,457502]
[493,135,121001,120097]
[494,135,1952,0]
[495,136,291790,292770]
[496,136,429580,430046]
[497,136,584627,585845]
[498,136,726994,727985]
[499,137,412815,411103]
[500,137,135532,133605]
[501,137,1689,0]
[502,138,233744,233809]
[503,138,489723,490863]
[504,138,726994,727954]
[505,139,420557,419078]
[506,139,48096,47683]
[507,139,1795,0]
[508,140,270536,270849]
[509,140,595135,597122]
[510,140,726994,728533]
[511,141,379085,378500]
[512,141,62889,62845]
[513,141,671,0]
[514,142,131604,133390]
[515,142,269436,269574]
[516,142,477248,478826]
[517,142,726994,728323]
[518,143,424796,423737]
[519,143,225594,224491]
[520,143,406,0]
[521,144,104448,104959]
[522,144,377112,378790]
[523,144,588220,589580]
[524,144,726994,728761]
[525,145,458491,456509]
[526,145,330052,329359]
[527,145,204663,204430]
[528,145,1201,0]
[529,146,320643,322327]
[530,146,459602,459899]
[531,146,726994,728474]
[532,147,449877,448504]
[533,147,226411,226049]
[534,147,57593,56973]
[535,147,685,0]
[536,148,286053,286247]
[537,148,386375,387761]
[538,148,621400,622232]
[539,148,726994,727853]
[540,149,473882,472509]
[541,149,222731,222360]
[542,149,1444,0]
[543,150,158999,160768]
[544,150,507113,508508]
[545,150,726994,728576]
[546,151,417604,417345]
[547,151,51813,50488]
[548,151,911,0]
[549,152,297963,299281]
[550,152,621376,621804]
[551,152,726994,728664]
[552,153,620857,620675]
[553,153,378934,378476]
[554,153,71943,70913]
[555,153,1949,0]
[556,154,330443,330884]
[557,154,464762,464837]
[558,154,726994,727177]
[559,155,489891,488249]
[560,155,303542,301783]
[561,155,21280,20800]
[562,155,1122,0]
[563,156,169053,170538]
[564,156,502776,503971]
[565,156,686544,686638]
[566,156,726994,727164]
[567,157,509744,508355]
[568,157,284030,282198]
[569,157,136806,135451]
[570,157,248,0]
[571,158,367670,368875]
[572,158,506321,506399]
[573,158,607071,607115]
[574,158,726994,727969]
[575,159,479416,477591]
[576,159,109206,107579]
[577,159,1586,0]
[578,160,255062,256213]
[579,160,598942,599480]
[580,160,726994,727899]
[581,161,459139,457208]
[582,161,230487,229927]
[583,161,1087,0]
[584,162,206801,207191]
[585,162,481696,483639]
[586,162,726994,728382]
[587,163,615151,614320]
[588,163,322610,322592]
[589,163,24702,23131]
[590,163,473,0]
[591,164,195583,195713]
[592,164,461424,461828]
[593,164,717755,719702]
[594,164,726994,728961]
[595,165,383749,381798]
[596,165,118288,117895]
[597,165,489,0]
[598,166,246573,247913]
[599,166,395136,395362]
[600,166,678519,680363]
[601,166,726994,728934]
[602,167,594297,592866]
[603,167,426112,424189]
[604,167,248120,246136]
[605,167,6937,6179]
[606,167,1748,0]
[607,168,253191,255154]
[608,168,478377,478722]
[609,168,726994,727893]
[610,169,394077,393223]
[611,169,243071,241469]
[612,169,831,0]
[613,170,331201,332615]
[614,170,646201,647242]
[615,170,726994,728215]
[616,171,531735,530378]
[617,171,296256,295827]
[618,171,137704,137300]
[619,171,1376,0]
[620,172,140645,140998]
[621,172,515225,516454]
[622,172,643206,644712]
[623,172,726994,728103]
[624,173,356047,354871]
[625,173,207995,206170]
[626,173,1060,0]
[627,174,139308,140877]
[628,174,299326,299640]
[629,174,500063,500815]
[630,174,726994,727141]
[631,175,570769,570610]
[632,175,358610,357918]
[633,175,6185,4606]
[634,175,82,0]
[635,176,351239,352267]
[636,176,681578,682267]
[637,176,726994,728824]
[638,177,594855,593863]
[639,177,354943,353557]
[640,177,1082,0]
[641,178,116947,118793]
[642,178,331166,332506]
[643,178,626640,626905]
[644,178,726994,728254]
[645,179,358923,358542]
[646,179,189996,188158]
[647,179,618,0]
[648,180,339750,340913]
[649,180,569536,569778]
[650,180,726994,727340]
[651,181,406807,405291]
[652,181,142591,141120]
[653,181,204,0]
[654,182,206189,207166]
[655,182,524978,525977]
[656,182,726994,727023]
[657,183,518080,518043]
[658,183,389689,389121]
[659,183,283246,282903]
[660,183,150711,149922]
[661,183,1068,0]
[662,184,196622,197124]
[663,184,508334,509815]
[664,184,726994,727641]
[665,185,540301,539365]
[666,185,239149,238640]
[667,185,62530,60842]
[668,185,1119,0]
[669,186,258824,260677]
[670,186,418244,419319]
[671,186,726994,727195]
[672,187,384031,382332]
[673,187,275253,274486]
[674,187,466,0]
[675,188,337215,338175]
[676,188,660219,661368]
[677,188,726994,727650]
[678,189,446512,444934]
[679,189,249837,249173]
[680,189,28386,27488]
[681,189,276,0]
[682,190,262710,263242]
[683,190,628323,628692]
[684,190,726994,727474]
[685,191,466365,464856]
[686,191,107825,106457]
[687,191,509,0]
[688,192,167105,168651]
[689,192,409057,409345]
[690,192,726994,727846]
[691,193,486384,486049]
[692,193,261255,259899]
[693,193,57816,56461]
[694,193,168,0]
[695,194,292055,292410]
[696,194,435078,435369]
[697,194,601427,602456]
[698,194,726994,727038]
[699,195,528679,527269]
[700,195,335827,334944]
[701,195,211615,210144]
[702,195,21426,19463]
[703,195,582,0]
[704,196,352571,353161]
[705,196,532392,533173]
[706,196,726994,728888]
[707,197,437035,435296]
[708,197,310544,309107]
[709,197,1824,0]
[710,198,145560,146315]
[711,198,384480,384815]
[712,198,650440,650540]
[713,198,726994,728281]
[714,199,518165,517109]
[715,199,183009,182429]
[716,199,796,0]
[717,200,354759,355183]
[718,200,575290,576379]
[719,200,726994,727336]
[720,201,415815,414750]
[721,201,154602,154308]
[722,201,1029,0]
[723,202,128275,128696]
[724,202,273985,275634]
[725,202,532930,534479]
[726,202,726994,728123]
[727,203,465397,465105]
[728,203,119737,118806]
[729,203,1525,0]
[730,204,112777,112832]
[731,204,391163,392977]
[732,204,502671,504019]
[733,204,726994,727364]
[734,205,544597,543849]
[735,205,346499,344561]
[736,205,233525,232021]
[737,205,643,0]
[738,206,285115,286793]
[739,206,593836,594777]
[740,206,726994,727813]
[741,207,507251,506466]
[742,207,288228,286599]
[743,207,920,0]
[744,208,222475,222548]
[745,208,527581,528266]
[746,208,660644,662496]
[747,208,726994,727863]
[748,209,594680,593218]
[749,209,445605,444663]
[750,209,275647,274083]
[751,209,87311,86432]
[752,209,1236,0]
[753,210,367957,368902]
[754,210,531538,533190]
[755,210,726994,728231]
[756,211,515561,515066]
[757,211,228211,227430]
[758,211,1881,0]
[759,212,119245,120671]
[760,212,225620,225926]
[761,212,367350,367638]
[762,212,605003,606595]
[763,212,726994,728648]
[764,213,430556,429545]
[765,213,166906,166214]
[766,213,12668,11075]
[767,213,515,0]
[768,214,363964,365651]
[769,214,479967,481590]
[770,214,617641,619449]
[771,214,719473,719980]
[772,214,726994,727402]
[773,215,539417,537980]
[774,215,297023,295596]
[775,215,56646,55813]
[776,215,475,0]
[777,216,347987,349618]
[778,216,649123,649178]
[779,216,726994,728931]
[780,217,504334,503761]
[781,217,193303,191684]
[782,217,1168,0]
[783,218,325700,325861]
[784,218,556344,557260]
[785,218,726994,727814]
[786,219,381116,379366]
[787,219,195454,194043]
[788,219,1602,0]
[789,220,313230,315214]
[790,220,667609,668798]
[791,220,726994,727254]
[792,221,515892,515268]
[793,221,287875,286742]
[794,221,267,0]
[795,222,158743,160378]
[796,222,457308,459134]
[797,222,570945,571157]
[798,222,726994,727496]
[799,223,468734,467221]
[800,223,175177,173342]
[801,223,311,0]
[802,224,309525,309545]
[803,224,519010,519605]
[804,224,726994,728742]
[805,225,412147,410348]
[806,225,74372,72591]
[807,225,575,0]
[808,226,249208,250639]
[809,226,357877,359713]
[810,226,603559,604423]
[811,226,726994,727350]
[812,227,545868,544061]
[813,227,394666,394634]
[814,227,277540,276670]
[815,227,723,0]
[816,228,326241,327094]
[817,228,671196,672168]
[818,228,726994,727481]
[819,229,410460,409653]
[820,229,210864,209556]
[821,229,1676,0]
[822,230,298645,299712]
[823,230,465954,467887]
[824,230,614553,615715]
[825,230,726994,728680]
[826,231,470264,468344]
[827,231,165539,164551]
[828,231,1898,0]
[829,232,253914,254337]
[830,232,604558,605411]
[831,232,726994,727079]
[832,233,453884,452798]
[833,233,104570,103696]
[834,233,3954,3273]
[835,233,1186,0]
[836,234,357590,358615]
[837,234,584319,585133]
[838,234,699060,700822]
[839,234,726994,727802]
[840,235,598043,597393]
[841,235,301615,300989]
[842,235,126086,124569]
[843,235,457,0]
[844,236,138659,139318]
[845,236,412634,413373]
[846,236,522106,523286]
[847,236,726994,728858]
[848,237,430988,429277]
[849,237,158848,157181]
[850,237,671,0]
[851,238,142252,143272]
[852,238,458323,460019]
[853,238,726994,727084]
[854,239,376074,374769]
[855,239,129220,128362]
[856,239,1777,0]
[857,240,157955,159180]
[858,240,515387,517233]
[859,240,642383,644058]
[860,240,726994,727004]
[861,241,581401,580702]
[862,241,255645,253884]
[863,241,1086,0]
[864,242,206102,208027]
[865,242,342889,343683]
[866,242,648985,649610]
[867,242,726994,728297]
[868,243,622430,620822]
[869,243,505361,504974]
[870,243,176780,176317]
[871,243,258,0]
[872,244,134326,135339]
[873,244,435847,436179]
[874,244,580523,581590]
[875,244,726994,727018]
[876,245,493988,492917]
[877,245,260555,260308]
[878,245,1888,0]
[879,246,296370,297505]
[880,246,469902,470169]
[881,246,726994,727553]
[882,247,487456,486949]
[883,247,285522,283559]
[884,247,141887,141237]
[885,247,38899,37087]
[886,247,821,0]
[887,248,257965,258744]
[888,248,455119,456508]
[889,248,591474,592493]
[890,248,726994,727800]
[891,249,495450,493708]
[892,249,336851,336781]
[893,249,567,0]
[894,250,157587,158767]
[895,250,434613,436609]
[896,250,726994,728707]
[897,251,525296,523491]
[898,251,333207,331556]
[899,251,161106,159785]
[900,251,192,0]
[901,252,158714,158828]
[902,252,497140,499071]
[903,252,654223,655781]
[904,252,726994,727441]
[905,253,476437,475439]
[906,253,361880,360298]
[907,253,121733,119863]
[908,253,1598,0]
[909,254,172048,173519]
[910,254,308248,309253]
[911,254,650231,652096]
[912,254,726994,727376]
[913,255,449689,448177]
[914,255,311058,309230]
[915,255,119706,118322]
[916,255,1676,0]
[917,256,258019,259020]
[918,256,457021,457184]
[919,256,666731,667797]
[920,256,726994,727014]
[921,257,620024,619054]
[922,257,517621,516461]
[923,257,302780,302690]
[924,257,1889,0]
[925,258,366629,366969]
[926,258,492718,493156]
[927,258,684006,685609]
[928,258,726994,727140]
[929,259,492968,492879]
[930,259,325627,324351]
[931,259,164124,163434]
[932,259,45370,44814]
[933,259,1560,0]
[934,260,167752,168000]
[935,260,293175,294530]
[936,260,543954,544512]
[937,260,709997,711828]
[938,260,726994,728219]
[939,261,601980,601472]
[940,261,249739,248437]
[941,261,55798,55215]
[942,261,725,0]
[943,262,202032,203716]
[944,262,559140,559235]
[945,262,726994,727547]
[946,263,417436,416367]
[947,263,65692,65568]
[948,263,1906,0]
[949,264,148136,149720]
[950,264,319790,321332]
[951,264,582978,583256]
[952,264,726994,727548]
[953,265,526398,525696]
[954,265,318239,317870]
[955,265,53429,52633]
[956,265,1042,0]
[957,266,352750,353909]
[958,266,659347,659746]
[959,266,726994,728534]
[960,267,507112,505511]
[961,267,314960,313285]
[962,267,7044,6813]
[963,267,509,0]
[964,268,173376,174611]
[965,268,494202,494681]
[966,268,617940,619804]
[967,268,726994,727140]
[968,269,523395,523085]
[969,269,346273,344832]
[970,269,182216,181210]
[971,269,67152,65188]
[972,269,24,0]
[973,270,302428,304160]
[974,270,402608,404257]
[975,270,619808,620280]
[976,270,726994,727631]
[977,271,454714,453644]
[978,271,311109,310513]
[979,271,31664,31120]
[980,271,654,0]
[981,272,110027,110517]
[982,272,284951,285773]
[983,272,553933,555494]
[984,272,726994,728186]
[985,273,502967,501424]
[986,273,339419,339062]
[987,273,134965,134379]
[988,273,29303,28248]
[989,273,1108,0]
[990,274,164225,164704]
[991,274,264226,264882]
[992,274,469284,470067]
[993,274,691663,692373]
[994,274,726994,728159]
[995,275,522217,521846]
[996,275,331440,329899]
[997,275,213806,212425]
[998,275,8901,8032]
[999,275,1852,0]
[1000,276,260254,261076]
[1001,276,454026,455901]
[1002,276,726994,728810]
[1003,277,404321,403122]
[1004,277,289774,288167]
[1005,277,147608,145791]
[1006,277,23,0]
[1007,278,120663,120908]
[1008,278,456409,457648]
[1009,278,726994,727613]
[1010,279,554125,552984]
[1011,279,381782,381536]
[1012,279,31480,30019]
[1013,279,315,0]
[1014,4,282135,282294]
[1015,91,72897,72244]
[1016,81,93829,91970]
[1017,81,11346,10830]
[1018,222,721522,723113]
[1019,73,438213,436947]
[1020,63,195905,194281]
[1021,268,251222,251292]
[1022,36,87607,89529]
[1023,151,211904,211145]
[1024,57,509666,508886]
[1025,89,475169,473730]
[1026,129,433007,431525]
[1027,10,160046,160368]
[1028,127,349762,348942]
[1029,227,394125,393422]
[1030,191,132242,131716]
[1031,80,681614,683608]
[1032,154,616393,616972]
[1033,37,61657,60963]
[1034,5,176466,174921]
[1035,146,605861,606399]
[1036,126,422970,423834]
[1037,119,476834,475266]
[1038,129,237629,236494]
[1039,157,95395,95292]
[1040,251,551019,550832]
[1041,274,182392,183020]
[1042,71,348590,347889]
[1043,47,358669,358659]
[1044,213,8421,7477]
[1045,155,88035,87175]
[1046,193,268432,267779]
[1047,120,275997,277152]
[1048,7,248586,247210]
[1049,188,383932,384529]
[1050,23,612899,612478]
[1051,33,243186,241834]
[1052,83,191711,191044]
[1053,210,590697,591392]
[1054,264,716643,717107]
[1055,223,67142,65342]
[1056,101,416248,416114]
[1057,103,375976,375678]
[1058,216,227749,228223]
[1059,200,69031,70337]
[1060,50,187422,188424]
[1061,159,482870,481870]
[1062,69,401013,399713]
[1063,152,686297,688230]
[1064,186,641361,641407]
[1065,208,347950,349148]
[1066,215,201337,200866]
[1067,80,408047,408957]
[1068,131,229772,229006]
[1069,153,423097,421138]
[1070,180,723294,724660]
[1071,200,356400,357706]
[1072,170,379211,379798]
[1073,252,534933,535000]
[1074,78,704527,705833]
[1075,81,439814,438283]
[1076,135,724466,723538]
[1077,123,458405,456445]
[1078,73,182386,181700]
[1079,130,46480,47136]
[1080,65,53322,52413]
[1081,213,717917,716458]
[1082,53,587483,587473]
[1083,204,8060,9636]
[1084,248,364508,364662]
[1085,230,93995,94820]
[1086,18,213175,214903]
[1087,181,261709,261421]
[1088,208,359321,360444]
[1089,172,189856,190058]
[1090,126,603589,605535]
[1091,98,180589,180714]
[1092,245,54021,52467]
[1093,1,128363,127116]
[1094,149,174016,173606]
[1095,37,121177,119576]
[1096,119,605758,604961]
[1097,124,349729,350611]
[1098,131,456539,455676]
[1099,239,616031,614468]
[1100,263,68916,68075]
[1101,104,389150,389379]
[1102,78,476382,477251]
[1103,144,88866,90646]
[1104,63,715987,715338]
[1105,73,66351,66175]
[1106,92,425955,427267]
[1107,219,460502,458925]
[1108,6,302522,303010]
[1109,48,81292,81642]
[1110,215,432627,432394]
[1111,279,168107,166710]
[1112,40,184070,185880]
[1113,262,371250,371844]
[1114,62,425933,427258]
[1115,64,225634,225950]
[1116,211,42738,41319]
[1117,141,539864,538810]
[1118,77,567745,567140]
[1119,70,623737,624632]
[1120,52,66201,67457]
[1121,87,709614,709063]
[1122,239,493174,491802]
[1123,152,609568,610379]
[1124,93,368043,367893]
[1125,204,643261,645044]
[1126,175,155423,154659]
[1127,52,129521,130468]
[1128,224,209555,210220]
[1129,128,86312,87939]
[1130,149,405184,404673]
[1131,32,256726,258584]
[1132,19,408436,408227]
[1133,275,725540,723808]
[1134,127,401893,399903]
[1135,100,488912,489770]
[1136,117,220477,218569]
[1137,227,403251,401597]
[1138,141,101186,100399]
[1139,60,508987,509383]
[1140,278,209652,209662]
[1141,29,509585,508565]
[1142,273,440999,440854]
[1143,90,399680,399847]
[1144,6,212352,214319]
[1145,50,690075,691546]
[1146,186,128565,129048]
[1147,239,549637,547899]
[1148,17,471472,470947]
[1149,132,124820,126260]
[1150,53,288255,287622]
[1151,275,543980,543847]
[1152,268,255883,256227]
[1153,103,333120,333110]
[1154,155,215181,213885]
[1155,137,452371,451525]
[1156,11,94322,92533]
[1157,27,167986,167926]
[1158,241,218994,217200]
[1159,43,378126,377320]
[1160,46,389246,389286]
[1161,178,25362,26019]
[1162,53,455025,454009]
[1163,235,128138,127537]
[1164,95,28354,27965]
[1165,243,664369,663363]
[1166,167,424126,422315]
[1167,150,64350,65000]
[1168,267,397016,396355]
[1169,78,346225,346823]
[1170,203,618065,616667]
[1171,70,262161,263179]
[1172,106,472966,474936]
[1173,39,55063,53519]
[1174,149,191079,189542]
[1175,53,6276,4339]
[1176,50,242694,243709]
[1177,66,680465,680837]
[1178,43,363923,362247]
[1179,3,26747,25207]
[1180,82,509033,510846]
[1181,136,282724,283033]
[1182,224,651976,652001]
[1183,230,576778,577287]
[1184,33,162689,162022]
[1185,230,140526,141848]
[1186,239,404227,402872]
[1187,212,601959,602415]
[1188,241,406468,405086]
[1189,153,289551,288050]
[1190,20,175324,176938]
[1191,16,327234,329008]
[1192,60,671310,671820]
[1193,271,493447,492817]
[1194,198,671496,671871]
[1195,213,680066,679166]
[1196,221,490587,488598]
[1197,141,431875,431689]
[1198,78,246250,248152]
[1199,98,211413,212415]
[1200,247,426215,425431]
[1201,118,112844,114144]
[1202,54,719710,719730]
[1203,226,525233,526340]
[1204,112,660506,661350]
[1205,16,271362,273271]
[1206,116,210382,211426]
[1207,37,169805,167946]
[1208,59,52894,52613]
[1209,198,408877,409597]
[1210,44,648435,650186]
[1211,19,630848,630754]
[1212,55,446646,445264]
[1213,129,376875,375098]
[1214,246,103437,104040]
[1215,237,50092,50043]
[1216,216,113608,114707]
[1217,102,230095,232054]
[1218,135,184943,184085]
[1219,156,517863,518696]
[1220,79,250331,248519]
[1221,200,324140,324964]
[1222,201,569609,568649]
[1223,195,571735,571412]
[1224,22,418400,420207]
[1225,258,125545,126880]
[1226,32,659303,660878]
[1227,258,676028,677824]
[1228,244,387325,389199]
[1229,22,483278,484755]
[1230,38,561151,562301]
[1231,66,399647,400657]
[1232,147,483708,482931]
[1233,43,443263,442093]
[1234,7,234925,234808]
[1235,21,417504,415530]
[1236,237,332330,330899]
[1237,76,127678,129192]
[1238,225,451822,449989]
[1239,225,438082,436370]
[1240,185,553887,553301]
[1241,155,179865,177928]
[1242,199,625085,623278]
[1243,256,313933,315901]
[1244,24,135864,135930]
[1245,175,155087,154325]
[1246,56,249946,250316]
[1247,184,527606,529123]
[1248,24,104856,105929]
[1249,72,197779,199359]
[1250,75,32637,31935]
[1251,232,288735,289621]
[1252,51,481196,480792]
[1253,21,515366,513704]
[1254,52,655993,657554]
[1255,144,518717,518928]
[1256,100,8379,9729]
[1257,262,134023,135159]
[1258,94,337798,338157]
[1259,250,116806,118030]
[1260,173,405219,404606]
[1261,15,287057,285548]
[1262,231,137547,136961]
[1263,216,239789,241531]
[1264,145,284721,283690]
[1265,257,23510,22454]
[1266,52,580928,582644]
[1267,225,523110,522648]
[1268,216,139588,140158]
[1269,57,421044,419142]
[1270,139,675284,675109]
[1271,169,173135,171979]
[1272,12,362955,364794]
[1273,247,585261,584927]
[1274,53,622244,620767]
[1275,183,216017,215760]
[1276,166,212841,214289]
[1277,268,478447,480294]
[1278,272,541047,541173]
[1279,267,133970,133096]
[1280,145,160166,158387]
[1281,247,245185,244357]
[1282,233,205981,204221]
[1283,202,622007,622190]
[1284,191,3520,2677]
[1285,236,565613,566934]
[1286,107,695738,694991]
[1287,72,587355,587548]
[1288,57,52327,51518]
[1289,61,223104,221998]
[1290,262,403433,405202]
[1291,140,205762,207184]
[1292,179,488869,487901]
[1293,275,659444,659089]
[1294,268,257360,258524]
[1295,33,120594,118595]
[1296,247,173270,171859]
[1297,250,687427,688660]
[1298,2,477161,477975]
[1299,91,220725,220392]
[1300,76,137217,138352]
[1301,155,496427,495438]
[1302,216,95005,96495]
[1303,150,253909,255235]
[1304,181,193742,192067]
[1305,221,555510,554543]
[1306,129,610225,608642]
[1307,224,544353,545476]
[1308,23,292992,291826]
[1309,45,62593,60884]
[1310,232,639566,641563]
[1311,53,328939,327994]
[1312,59,346159,345270]
[1313,74,270615,270724]
[1314,204,24465,25945]
[1315,72,455101,456833]
[1316,199,725450,723668]
[1317,202,183678,184257]
[1318,77,7595,5670]
[1319,84,120582,121173]
[1320,54,90139,91825]
[1321,164,617863,617909]
[1322,23,571180,570815]
[1323,136,50072,51078]
[1324,143,588782,588380]
[1325,136,206862,208744]
[1326,34,82864,83869]
[1327,74,41720,41885]
[1328,236,14115,15230]
[1329,60,564572,564743]
[1330,62,271445,271944]
[1331,71,122995,122745]
[1332,43,106325,105165]
[1333,120,378346,378687]
[1334,73,281079,279503]
[1335,22,415741,416928]
[1336,51,503541,501881]
[1337,111,556767,555256]
[1338,181,431771,431108]
[1339,145,545148,544322]
[1340,34,316436,318008]
[1341,252,143021,144033]
[1342,168,10402,10525]
[1343,125,279706,278893]
[1344,220,284079,285201]
[1345,109,454148,452193]
[1346,259,120147,119601]
[1347,91,598645,597389]
[1348,88,592703,593238]
[1349,233,443750,442927]
[1350,82,332721,332921]
[1351,134,100485,101058]
[1352,260,313089,313959]
[1353,2,48741,49658]
[1354,23,168666,166735]
[1355,185,298018,296394]
[1356,55,447341,446542]
[1357,77,729768,728832]
[1358,126,642453,644242]
[1359,59,290628,288714]
[1360,239,664260,662800]
[1361,178,278647,279287]
[1362,272,658657,659173]
[1363,38,564842,565462]
[1364,269,127122,126141]
[1365,234,428927,429371]
[1366,228,43201,43361]
[1367,260,197025,198018]
[1368,127,382559,382252]
[1369,178,299115,299938]
[1370,195,686764,686593]
[1371,136,654298,656177]
[1372,101,542445,540610]
[1373,261,363950,363656]
[1374,253,673745,673052]
[1375,251,415690,414381]
[1376,37,29788,29186]
[1377,123,308233,306642]
[1378,145,200927,200361]
[1379,272,103300,104789]
[1380,93,145215,144801]
[1381,177,584417,583299]
[1382,85,32494,32080]
[1383,114,664555,665839]
[1384,103,687491,687456]
[1385,141,310342,309997]
[1386,199,250152,248892]
[1387,173,352611,351776]
[1388,88,475695,477328]
[1389,146,647681,648731]
[1390,35,8758,7657]
[1391,139,316277,315184]
[1392,214,241236,241278]
[1393,90,166164,168134]
[1394,142,44575,44641]
[1395,256,688633,689657]
[1396,10,66789,67555]
[1397,255,13981,13755]
[1398,37,352388,352371]
[1399,179,701582,700508]
[1400,250,467768,469169]
[1401,62,428069,428258]
[1402,155,587414,586109]
[1403,117,284576,283340]
[1404,60,598230,599065]
[1405,272,645667,646017]
[1406,221,521465,520919]
[1407,158,674418,676207]
[1408,189,624140,622199]
[1409,205,172769,171305]
[1410,202,537329,538959]
[1411,119,498027,497319]
[1412,128,707332,707914]
[1413,165,608958,608914]
[1414,221,44158,42166]
[1415,272,161547,162516]
[1416,262,181015,181756]
[1417,246,628929,630534]
[1418,98,287112,287268]
[1419,33,607225,606850]
[1420,54,89420,90075]
[1421,19,114221,112611]
[1422,234,53205,55025]
[1423,6,92324,93021]
[1424,4,147086,148666]
[1425,81,361806,359920]
[1426,88,287743,287816]
[1427,72,397727,398425]
[1428,259,505103,504639]
[1429,79,447961,447518]
[1430,144,306821,308593]
[1431,58,656450,658315]
[1432,67,715511,714527]
[1433,112,601441,602519]
[1434,119,407315,406213]
[1435,152,102536,102707]
[1436,17,19647,17867]
[1437,141,603095,602782]
[1438,246,203391,205113]
[1439,154,433524,434988]
[1440,42,716794,718737]
[1441,73,98735,98305]
[1442,212,479170,479568]
[1443,193,132264,130276]
[1444,25,456939,456165]
[1445,43,402430,400711]
[1446,95,519288,518559]
[1447,107,97670,97291]
[1448,205,297237,295361]
[1449,276,126736,128192]
[1450,256,417461,418847]
[1451,78,36829,38315]
[1452,137,685200,683923]
[1453,262,260781,260865]
[1454,229,718840,717422]
[1455,1,505490,503975]
[1456,166,116023,116532]
[1457,64,497006,497122]
[1458,248,601022,603002]
[1459,90,332861,333813]
[1460,9,296423,296182]
[1461,96,566442,568287]
[1462,130,358563,358851]
[1463,29,720637,718966]
[1464,154,619852,620799]
[1465,16,363674,364134]
[1466,105,659294,657843]
[1467,80,434803,436102]
[1468,187,320997,320224]
[1469,17,92525,91352]
[1470,82,244119,244882]
[1471,108,692201,693269]
[1472,98,517222,519177]
[1473,192,232368,233881]
[1474,105,614600,613544]
[1475,270,389720,390450]
[1476,169,145591,144358]
[1477,243,212703,212565]
[1478,239,332974,331865]
[1479,173,304272,303163]
[1480,49,576424,574478]
[1481,254,383866,384362]
[1482,26,235046,235993]
[1483,225,475334,474111]
[1484,180,282244,283176]
[1485,275,632909,632544]
[1486,98,673240,675033]
[1487,261,614254,613421]
[1488,5,283338,282619]
[1489,168,398128,399226]
[1490,25,565770,564344]
[1491,40,477582,478498]
[1492,169,620831,619445]
[1493,147,570778,569681]
[1494,163,620576,620360]
[1495,52,338192,338390]
[1496,157,419967,419418]
[1497,120,675483,676998]
[1498,109,637622,636299]
[1499,10,589424,589498]
[1500,164,273787,274066]
[1501,270,98491,98883]
[1502,175,217393,217363]
[1503,8,396142,396286]
[1504,23,458430,456630]
[1505,85,195760,194648]
[1506,143,471468,469739]
[1507,4,100569,100859]
[1508,209,506200,505979]
[1509,43,322242,321404]
[1510,51,568847,568610]
[1511,202,419640,420709]
[1512,146,549785,549922]
[1513,279,333916,332104]
[1514,36,517248,517601]
[1515,62,122110,122964]
[1516,241,385857,385306]
[1517,204,487185,487332]
[1518,2,346875,346915]
[1519,202,9462,11084]
[1520,177,278365,276768]
[1521,31,533557,532091]
[1522,42,484386,485277]
[1523,175,694306,693323]
[1524,196,526455,527019]
[1525,195,85189,84082]
[1526,172,75652,77186]
[1527,83,19085,17620]
[1528,26,117823,118445]
[1529,201,337017,336160]
[1530,199,629881,628342]
[1531,168,323512,324765]
[1532,49,324639,323038]
[1533,204,209275,211196]
[1534,117,369764,368366]
[1535,5,623866,622464]
[1536,3,53298,52265]
[1537,187,595355,594228]
[1538,88,425760,427452]
[1539,15,346347,344740]
[1540,111,541888,541570]
[1541,245,15328,15047]
[1542,177,140694,139666]
[1543,6,477608,478415]
[1544,185,209177,209083]
[1545,228,5154,6888]
[1546,172,475827,477489]
[1547,63,300077,299080]
[1548,259,255063,254830]
[1549,113,478983,477281]
[1550,58,563534,564506]
[1551,71,673326,671496]
[1552,273,19063,17895]
[1553,92,82923,84786]
[1554,248,109453,110266]
[1555,109,523739,523655]
[1556,84,185309,186279]
[1557,38,634542,635241]
[1558,72,485713,487262]
[1559,238,675713,677305]
[1560,125,436141,434232]
[1561,265,542593,541152]
[1562,163,93017,91819]
[1563,218,651863,653373]
[1564,108,155684,157398]
[1565,196,266990,267586]
[1566,218,58127,59391]
[1567,6,663906,664654]
[1568,91,306576,306501]
[1569,254,108048,109357]
[1570,160,417360,418067]
[1571,257,61233,59643]
[1572,42,97878,99613]
[1573,169,177337,175784]
[1574,275,61018,60982]
[1575,48,688737,690206]
[1576,64,196596,197811]
[1577,175,634835,633801]
[1578,234,536779,536833]
[1579,91,223563,222294]
[1580,25,713345,713335]
[1581,52,393965,395849]
[1582,159,127789,127352]
[1583,208,323493,325362]
[1584,12,494804,495854]
[1585,122,237675,238197]
[1586,191,579730,578539]
[1587,158,507823,509572]
[1588,58,44712,45135]
[1589,167,501983,500848]
[1590,270,52964,54622]
[1591,40,331113,331329]
[1592,225,529475,529142]
[1593,162,427844,429013]
[1594,214,313599,315530]
[1595,204,56470,57751]
[1596,72,49206,49991]
[1597,175,331763,331084]
[1598,174,562510,564219]
[1599,106,115257,115351]
[1600,58,216516,218254]
[1601,194,703447,703901]
[1602,61,314748,314711]
[1603,20,278294,280119]
[1604,4,640989,640999]
[1605,113,317943,317870]
[1606,11,365827,364180]
[1607,263,275316,273742]
[1608,168,661181,662640]
[1609,162,384090,385791]
[1610,128,205495,206338]
[1611,190,340975,342440]
[1612,235,218658,217072]
[1613,108,530947,532580]
[1614,26,231458,233144]
[1615,278,83635,84271]
[1616,62,48501,49008]
[1617,51,431712,430483]
[1618,21,433401,433016]
[1619,266,544175,545105]
[1620,219,123067,122702]
[1621,92,689086,689130]
[1622,266,655132,656279]
[1623,37,261937,260887]
[1624,31,505191,503626]
[1625,104,442118,443548]
[1626,94,497338,497670]
[1627,145,241349,240647]
[1628,6,676487,676948]
[1629,190,601652,601693]
[1630,275,311428,310279]
[1631,45,196503,196304]
[1632,145,545400,544553]
[1633,275,215188,214002]
[1634,146,337427,337451]
[1635,129,354468,353613]
[1636,10,540634,542245]
[1637,30,567989,569660]
[1638,102,568518,569299]
[1639,101,55195,54124]
[1640,70,101487,102860]
[1641,53,562256,560631]
[1642,61,467504,466616]
[1643,240,457631,458590]
[1644,47,519991,518733]
[1645,105,142820,141893]
[1646,28,240706,242653]
[1647,143,310801,309036]
[1648,33,399222,399066]
[1649,166,33112,33444]
[1650,160,494546,495593]
[1651,74,426500,427373]
[1652,145,264562,263834]
[1653,183,95506,94960]
[1654,95,80981,79057]
[1655,190,254353,254998]
[1656,227,709713,707737]
[1657,12,467523,467779]
[1658,151,265223,263875]
[1659,55,556028,555591]
[1660,1,686611,685962]
[1661,19,247881,247032]
[1662,42,541096,541732]
[1663,96,293495,294991]
[1664,116,107208,107243]
[1665,77,545594,544581]
[1666,53,404649,403946]
[1667,63,622654,620656]
[1668,260,379923,380607]
[1669,64,68868,70353]
[1670,40,30535,31956]
[1671,268,255280,255689]
[1672,152,320039,321149]
[1673,195,98053,97743]
[1674,171,675857,674489]
[1675,91,695536,694816]
[1676,72,309326,310563]
[1677,10,705425,707092]
[1678,248,458558,459043]
[1679,230,419408,421153]
[1680,269,366030,366020]
[1681,107,391420,389536]
[1682,67,139537,138918]
[1683,173,488464,487384]
[1684,169,123594,123163]
[1685,125,461454,460911]
[1686,45,562815,561089]
[1687,207,637585,636826]
[1688,244,686797,687948]
[1689,133,705064,703638]
[1690,74,294174,295371]
[1691,239,24086,23934]
[1692,160,340837,341112]
[1693,168,680312,680497]
[1694,220,323190,324838]
[1695,245,521841,521179]
[1696,218,494099,495649]
[1697,53,214531,214179]
[1698,109,683968,682956]
[1699,49,455847,455612]
[1700,86,438163,438352]
[1701,252,513018,513452]
[1702,237,80837,79841]
[1703,186,179781,181080]
[1704,225,547893,547149]
[1705,265,27994,27277]
[1706,87,28652,28281]
[1707,42,116732,117065]
[1708,72,379573,379957]
[1709,187,486061,484853]
[1710,216,193594,193672]
[1711,116,57202,57586]
[1712,154,4627,5719]
[1713,90,471621,472670]
[1714,66,240186,241651]
[1715,179,569071,567196]
[1716,11,513399,511807]
[1717,130,432669,434212]
[1718,173,182226,181591]
[1719,57,298853,297758]
[1720,209,98934,98750]
[1721,77,728466,727219]
[1722,35,307587,305991]
[1723,185,521808,521439]
[1724,157,255256,254360]
[1725,202,89780,90390]
[1726,46,676990,678910]
[1727,149,652028,650428]
[1728,163,114373,112751]
[1729,269,179661,179154]
[1730,35,646982,645193]
[1731,139,549760,549704]
[1732,69,162443,160940]
[1733,125,22264,20824]
[1734,199,225620,224468]
[1735,153,573556,573336]
[1736,163,28749,26938]
[1737,234,466978,468463]
[1738,74,520356,520961]
[1739,248,720671,721690]
[1740,128,494575,496491]
[1741,172,34245,35586]
[1742,89,177334,176871]
[1743,201,607124,606159]
[1744,260,589279,590437]
[1745,99,518953,518614]
[1746,57,277139,276229]
[1747,21,450466,449765]
[1748,190,694956,695930]
[1749,110,182906,182916]
[1750,48,571016,571390]
[1751,180,597891,599401]
[1752,219,180474,179221]
[1753,154,108432,110402]
[1754,15,192109,190230]
[1755,159,212665,212164]
[1756,63,333656,332724]
[1757,261,235235,235084]
[1758,170,433157,433610]
[1759,155,242983,242428]
[1760,7,701913,700903]
[1761,109,491544,490950]
[1762,73,434395,433432]
[1763,86,193530,194396]
[1764,212,229218,229252]
[1765,258,534825,534941]
[1766,233,558586,557500]
[1767,254,380910,381107]
[1768,146,198174,200127]
[1769,232,377418,377461]
[1770,8,318945,320513]
[1771,258,138691,138912]
[1772,253,707590,705853]
[1773,81,12664,12633]
[1774,208,114411,115598]
[1775,230,393458,394353]
[1776,270,546378,547100]
[1777,227,559294,559197]
[1778,156,161406,163355]
[1779,55,220250,220202]
[1780,143,498348,497894]
[1781,235,19942,19619]
[1782,249,136004,134446]
[1783,265,72826,71119]
[1784,165,240926,240280]
[1785,102,294780,296570]
[1786,190,362847,363407]
[1787,189,379901,378323]
[1788,267,71692,71399]
[1789,88,428136,429149]
[1790,29,679899,679414]
[1791,180,312826,314130]
[1792,257,437920,436313]
[1793,225,646013,644212]
[1794,35,214795,214625]
[1795,53,12470,10477]
[1796,276,415604,415873]
[1797,0,658190,659798]
[1798,90,407546,407736]
[1799,229,61525,61303]
[1800,37,400016,400006]
[1801,25,668404,668294]
[1802,82,290606,291050]
[1803,117,190304,189810]
[1804,279,488937,486954]
[1805,56,722745,723733]
[1806,230,49249,50465]
[1807,26,246945,247377]
[1808,236,340668,341957]
[1809,199,323277,321660]
[1810,54,525689,526575]
[1811,145,434318,432705]
[1812,214,646920,648095]
[1813,199,432725,431779]
[1814,231,516666,516055]
[1815,55,124451,123134]
[1816,265,458732,457226]
[1817,260,433198,433739]
[1818,142,225337,226948]
[1819,52,539761,540633]
[1820,171,489071,487692]
[1821,31,656337,655070]
[1822,26,496990,497469]
[1823,115,26943,25763]
[1824,210,237302,239091]
[1825,188,483390,483863]
[1826,51,315542,314093]
[1827,242,498578,499975]
[1828,8,617790,618805]
[1829,155,235553,235530]
[1830,177,293835,292082]
[1831,19,574070,572944]
[1832,104,290215,291034]
[1833,80,711432,712926]
[1834,159,668828,666856]
[1835,269,526806,526004]
[1836,24,260476,261311]
[1837,251,213938,212398]
[1838,168,697605,699191]
[1839,141,590906,590782]
[1840,222,60330,61487]
[1841,179,230249,229776]
[1842,178,3478,3567]
[1843,245,58433,57748]
[1844,84,157492,159263]
[1845,114,538420,539472]
[1846,93,578979,578969]
[1847,238,217151,218780]
[1848,220,418390,419984]
[1849,44,217818,219783]
[1850,185,322656,322155]
[1851,36,13047,14020]
[1852,279,177920,176336]
[1853,144,19379,20712]
[1854,228,396670,397175]
[1855,114,600313,601686]
[1856,67,378403,378245]
[1857,66,661944,663898]
[1858,235,703874,703103]
[1859,0,243100,244273]
[1860,131,31310,30981]
[1861,247,122172,121648]
[1862,233,168009,167358]
[1863,123,193434,192285]
[1864,114,666396,666767]
[1865,48,652114,652737]
[1866,274,520412,520715]
[1867,187,654940,653382]
[1868,125,165114,164950]
[1869,68,359759,361649]
[1870,132,5145,6827]
[1871,256,68457,70130]
[1872,54,388937,389652]
[1873,213,202015,201891]
[1874,214,646255,646613]
[1875,216,354799,355285]
[1876,125,25271,24095]
[1877,111,98006,97293]
[1878,89,201736,201621]
[1879,154,288964,289734]
[1880,65,378401,377371]
[1881,3,546744,545775]
[1882,25,542885,542790]
[1883,67,215411,214796]
[1884,129,79521,79219]
[1885,207,406995,406395]
[1886,246,132788,134776]
[1887,15,484199,483739]
[1888,18,256267,257173]
[1889,115,605846,604735]
[1890,203,131259,129671]
[1891,167,17882,15894]
[1892,73,279441,278804]
[1893,5,499788,499051]
[1894,115,409280,408569]
[1895,267,154520,152908]
[1896,15,615111,613719]
[1897,133,175638,175369]
[1898,154,200966,201094]
[1899,188,716231,717513]
[1900,44,695574,695877]
[1901,71,178901,178747]
[1902,33,36684,36335]
[1903,166,412731,413595]
[1904,129,503468,502633]
[1905,217,149260,147656]
[1906,177,111418,109841]
[1907,186,428926,430229]
[1908,78,225175,225901]
[1909,243,610612,610004]
[1910,62,362090,362714]
[1911,195,504384,503210]
[1912,1,328357,326782]
[1913,36,228954,229880]
[1914,261,153831,153705]
[1915,68,195262,196825]
[1916,116,513548,514934]
[1917,210,397317,398702]
[1918,244,339231,339906]
[1919,84,430876,432599]
[1920,33,19134,18161]
[1921,12,325228,326243]
[1922,57,239957,239245]
[1923,122,486512,486574]
[1924,276,124656,126382]
[1925,70,704421,705098]
[1926,72,288375,289829]
[1927,195,216649,214654]
[1928,262,717599,718756]
[1929,120,189435,190524]
[1930,15,441553,441255]
[1931,266,650969,652280]
[1932,241,659763,658325]
[1933,191,114217,113139]
[1934,246,549840,550016]
[1935,104,427730,428356]
[1936,1,560160,559126]
[1937,44,333169,333274]
[1938,79,326912,324983]
[1939,84,379432,381192]
[1940,130,334411,335124]
[1941,9,271534,270981]
[1942,234,557500,558786]
[1943,103,398167,397527]
[1944,203,518157,516326]
[1945,155,676234,674821]
[1946,50,355846,356050]
[1947,97,264231,262662]
[1948,99,632643,631493]
[1949,92,668299,669530]
[1950,51,103923,102631]
[1951,226,248419,248542]
[1952,160,527866,528464]
[1953,21,242106,242096]
[1954,189,515791,515254]
[1955,167,325398,325074]
[1956,47,98725,98043]
[1957,3,39879,37888]
[1958,123,701855,701536]
[1959,161,236358,236167]
[1960,103,627997,626917]
[1961,193,36919,35950]
[1962,87,637961,636458]
[1963,102,553234,553753]
[1964,67,359361,359314]
[1965,233,361211,359532]
[1966,103,3964,2819]
[1967,146,536379,537460]
[1968,56,383716,385500]
[1969,272,680651,682077]
[1970,212,76532,77726]
[1971,36,495293,496143]
[1972,251,208755,208424]
[1973,187,538169,537337]
[1974,51,726440,724950]
[1975,220,209330,209492]
[1976,34,415446,416043]
[1977,132,242120,242166]
[1978,93,146976,146893]
[1979,111,358663,356916]
[1980,234,132536,134165]
[1981,121,677875,676500]
[1982,91,724668,724446]
[1983,49,377793,377566]
[1984,211,308709,306977]
[1985,262,373112,373871]
[1986,138,720975,721878]
[1987,212,254935,255701]
[1988,47,144605,143502]
[1989,8,412403,413977]
[1990,100,35315,36273]
[1991,195,305693,305510]
[1992,4,299268,299812]
[1993,96,469296,469757]
[1994,171,44980,43926]
[1995,108,75218,76161]
[1996,182,489758,490250]
[1997,64,625954,626505]
[1998,170,666598,666975]
[1999,265,94143,93515]
[2000,273,216609,214632]
