["head":"wrap","lpos","status"]
[35,136954,1]
["io count"]
[200]
["io":"id","wrap","startLpos","endLpos"]
[1,151,376428,375568]
[2,56,402974,403079]
[3,278,636061,636331]
[4,226,545540,545600]
[5,7,345965,344935]
[6,149,509671,509412]
[7,8,391321,393107]
[8,87,519175,518015]
[9,193,478805,478233]
[10,134,589293,590286]
[11,123,358022,356315]
[12,155,346572,346049]
[13,57,44525,44279]
[14,77,483235,482731]
[15,210,143253,145072]
[16,257,418301,416539]
[17,142,323459,324903]
[18,130,192323,193733]
[19,83,562135,560995]
[20,136,366569,368005]
[21,209,134366,133259]
[22,220,337241,338894]
[23,268,403716,404056]
[24,206,442135,442899]
[25,198,71643,72258]
[26,37,236786,235868]
[27,62,325054,326261]
[28,141,290316,288924]
[29,120,705990,706398]
[30,101,213553,213304]
[31,214,538227,539198]
[32,77,286978,285357]
[33,120,444352,445058]
[34,3,570281,569039]
[35,40,351580,351613]
[36,160,229371,229459]
[37,31,630870,629017]
[38,234,251860,253680]
[39,126,146253,147501]
[40,187,309740,309314]
[41,35,383996,382831]
[42,201,532047,531091]
[43,150,652505,653806]
[44,29,534898,533135]
[45,253,232409,230597]
[46,249,699177,698057]
[47,40,380887,382412]
[48,21,566016,564760]
[49,174,432854,433736]
[50,194,566322,567339]
[51,199,396307,395263]
[52,208,710711,712701]
[53,48,548066,548736]
[54,137,441294,439910]
[55,229,543151,542045]
[56,163,367559,365921]
[57,88,625290,625944]
[58,216,276580,277245]
[59,200,519363,520393]
[60,135,195376,193961]
[61,146,436366,437280]
[62,85,47386,47033]
[63,126,385237,386273]
[64,246,359870,361843]
[65,2,44482,46429]
[66,229,496187,494766]
[67,144,338550,338611]
[68,45,513244,511443]
[69,69,478716,477123]
[70,248,330931,332593]
[71,262,331560,332139]
[72,113,343529,342771]
[73,63,194910,194292]
[74,239,269234,267354]
[75,169,593371,592850]
[76,46,302120,302902]
[77,51,179611,178259]
[78,246,509298,509697]
[79,160,275863,276253]
[80,77,334520,334285]
[81,64,358051,359819]
[82,218,422887,424674]
[83,159,139776,139199]
[84,259,343750,343311]
[85,166,188977,190148]
[86,43,554125,554090]
[87,166,223955,224384]
[88,175,201570,201392]
[89,18,476817,477518]
[90,19,301163,299352]
[91,273,503377,501784]
[92,169,347710,346095]
[93,214,463969,464133]
[94,54,438699,439680]
[95,187,167527,165939]
[96,15,237615,237151]
[97,204,483487,483889]
[98,163,165489,165479]
[99,38,244125,244390]
[100,177,157704,155708]
[101,146,322804,324468]
[102,243,659725,658529]
[103,34,373193,374299]
[104,193,4301,3667]
[105,188,277171,278599]
[106,111,430294,428314]
[107,6,615546,617314]
[108,126,379951,380731]
[109,3,585467,584736]
[110,211,568341,567831]
[111,125,409007,407640]
[112,226,488458,488957]
[113,1,573814,573517]
[114,158,355438,357382]
[115,232,608898,609836]
[116,227,575832,574363]
[117,161,448722,446742]
[118,225,59298,57579]
[119,188,536441,538440]
[120,3,294220,293187]
[121,54,209320,210850]
[122,172,546906,548498]
[123,216,604808,605456]
[124,106,308060,308107]
[125,98,487404,488329]
[126,125,233431,232842]
[127,86,529589,530100]
[128,45,523334,522007]
[129,61,251472,250529]
[130,76,256269,257397]
[131,39,313722,312047]
[132,51,351484,350877]
[133,31,555269,554945]
[134,193,476179,475397]
[135,22,235386,236627]
[136,168,246018,247770]
[137,256,446537,447299]
[138,19,687587,686226]
[139,85,322613,321729]
[140,173,587351,585858]
[141,258,328229,330100]
[142,19,704910,704658]
[143,35,307116,306772]
[144,149,115211,115042]
[145,113,446909,446713]
[146,96,237848,239131]
[147,52,597007,598997]
[148,252,496059,496587]
[149,59,632096,630742]
[150,268,472474,474463]
[151,178,71431,72992]
[152,12,503676,504561]
[153,204,345298,347231]
[154,259,479911,479349]
[155,219,288632,287348]
[156,23,139026,138168]
[157,84,460884,462387]
[158,125,120645,118850]
[159,57,427939,427402]
[160,201,406409,405963]
[161,73,575518,574595]
[162,169,609340,609127]
[163,275,452359,450954]
[164,220,531836,533435]
[165,207,396450,395455]
[166,125,153356,152358]
[167,60,511042,512745]
[168,228,534893,535002]
[169,49,397850,397491]
[170,197,566865,566278]
[171,112,511226,513180]
[172,208,539511,539741]
[173,276,387893,388732]
[174,147,685628,685330]
[175,197,261258,260859]
[176,118,596852,598240]
[177,215,482446,480513]
[178,167,621720,621331]
[179,112,421189,421457]
[180,202,403810,405450]
[181,67,312557,311827]
[182,99,293271,293089]
[183,84,385318,385843]
[184,53,549915,549252]
[185,80,287133,287877]
[186,176,231176,231337]
[187,171,279430,277909]
[188,129,7978,7379]
[189,124,314224,316180]
[190,167,588531,588472]
[191,96,164758,166155]
[192,87,491208,489977]
[193,130,548787,549059]
[194,197,96197,95395]
[195,245,630908,629726]
[196,129,317340,315721]
[197,127,207739,205939]
[198,35,432666,431781]
[199,121,401856,401776]
[200,243,509673,509162]
