["head":"wrap","lpos","status"]
[139,284931,1]
["io count"]
[2000]
["io":"id","wrap","startLpos","endLpos"]
[1,112,2,1091]
[2,178,1,1952]
[3,210,1,459]
[4,22,1,1089]
[5,278,1,1566]
[6,152,1,661]
[7,267,970,1]
[8,4,1,549]
[9,126,2,741]
[10,158,1,415]
[11,132,1,360]
[12,175,115,1]
[13,27,441,2]
[14,213,1125,1]
[15,8,1,1550]
[16,203,34,1]
[17,240,1,1180]
[18,45,1926,1]
[19,41,1497,1]
[20,257,731,1]
[21,29,970,1]
[22,97,12,2]
[23,128,2,1716]
[24,105,379,1]
[25,113,1709,1]
[26,235,1019,1]
[27,36,1,155]
[28,166,1,1509]
[29,254,1,1791]
[30,59,1004,1]
[31,146,1,1881]
[32,255,1307,1]
[33,43,339,1]
[34,51,1968,1]
[35,37,1224,1]
[36,199,1290,1]
[37,43,1772,1]
[38,93,57,2]
[39,28,1,131]
[40,212,1,204]
[41,93,495,1]
[42,162,1,106]
[43,157,528,1]
[44,33,788,2]
[45,216,1,31]
[46,246,3,26]
[47,252,1,1870]
[48,72,1,1001]
[49,131,380,1]
[50,59,1936,1]
[51,227,1732,2]
[52,173,89,2]
[53,203,955,1]
[54,250,1,1885]
[55,153,1948,1]
[56,165,746,2]
[57,21,1977,2]
[58,66,1,899]
[59,53,519,1]
[60,81,296,1]
[61,268,1,122]
[62,93,1869,1]
[63,76,1,1585]
[64,70,1,1640]
[65,165,514,1]
[66,107,335,1]
[67,259,971,1]
[68,263,1014,2]
[69,63,1354,1]
[70,155,1036,1]
[71,225,1343,1]
[72,272,1,706]
[73,259,1767,1]
[74,16,1,436]
[75,33,1854,1]
[76,39,584,1]
[77,107,672,1]
[78,89,1802,1]
[79,169,1680,1]
[80,108,1,263]
[81,169,1982,2]
[82,238,2,12]
[83,120,1,1161]
[84,32,1,499]
[85,172,1,303]
[86,241,1635,1]
[87,15,720,1]
[88,1,239,1]
[89,259,1880,1]
[90,25,230,1]
[91,222,1,607]
[92,44,1,715]
[93,11,943,2]
[94,78,1,866]
[95,264,1,767]
[96,94,1,219]
[97,189,1466,1]
[98,74,2,110]
[99,1,1232,1]
[100,47,1711,1]
[101,125,1085,1]
[102,270,1,674]
[103,218,1,382]
[104,179,353,1]
[105,97,644,1]
[106,248,2,1220]
[107,13,360,1]
[108,190,1,157]
[109,68,1,1717]
[110,86,1,1014]
[111,144,3,1793]
[112,185,1604,1]
[113,80,2,1834]
[114,226,1,980]
[115,67,1712,1]
[116,115,273,1]
[117,49,577,1]
[118,267,977,1]
[119,275,1039,1]
[120,217,1147,1]
[121,164,1,442]
[122,198,1,422]
[123,21,25,1]
[124,124,1,1237]
[125,171,132,1]
[126,188,1,1110]
[127,159,262,1]
[128,261,865,1]
[129,95,699,1]
[130,135,615,2]
[131,219,1860,1]
[132,30,1,1917]
[133,88,1,1326]
[134,195,368,1]
[135,92,1,1986]
[136,182,1,339]
[137,206,1,773]
[138,275,1943,1]
[139,200,1,127]
[140,177,1511,1]
[141,82,1,1581]
[142,2,1,822]
[143,257,1079,1]
[144,129,1149,2]
[145,265,1500,1]
[146,84,1,1983]
[147,228,1,1684]
[148,231,1136,2]
[149,151,1058,1]
[150,93,1952,1]
[151,243,1426,1]
[152,156,1,1150]
[153,91,1935,1]
[154,154,1,1062]
[155,9,1444,1]
[156,60,1,11]
[157,217,1571,1]
[158,46,1,1300]
[159,257,1635,1]
[160,134,1,1504]
[161,102,1,307]
[162,62,1,1516]
[163,137,566,1]
[164,67,1850,1]
[165,194,1,1660]
[166,83,1695,1]
[167,133,221,1]
[168,251,1882,1]
[169,55,1935,1]
[170,269,1817,1]
[171,123,996,1]
[172,204,1,634]
[173,48,2,1548]
[174,208,1,708]
[175,73,1774,1]
[176,116,1,1646]
[177,171,850,1]
[178,117,1662,1]
[179,38,1,67]
[180,273,1381,1]
[181,232,1,632]
[182,231,1394,3]
[183,167,425,1]
[184,239,1087,1]
[185,87,1938,1]
[186,103,763,1]
[187,138,1,667]
[188,98,1,931]
[189,39,1126,1]
[190,201,1716,1]
[191,17,673,2]
[192,196,1,1228]
[193,249,424,1]
[194,203,1517,1]
[195,71,1355,2]
[196,34,1,83]
[197,115,1071,1]
[198,64,1,1611]
[199,192,2,804]
[200,173,233,1]
[201,42,1,1633]
[202,263,522,1]
[203,233,1350,1]
[204,265,1843,1]
[205,205,113,1]
[206,169,1735,1]
[207,167,1043,1]
[208,96,1,1817]
[209,104,2,1493]
[210,77,1539,1]
[211,65,1012,1]
[212,157,1004,1]
[213,214,1,1446]
[214,21,1148,1]
[215,151,1409,1]
[216,136,2,303]
[217,123,1634,1]
[218,230,2,508]
[219,122,1,567]
[220,129,701,1]
[221,225,1635,1]
[222,7,425,1]
[223,143,1921,1]
[224,12,1,1198]
[225,177,1715,2]
[226,49,1792,2]
[227,52,2,1291]
[228,157,1701,1]
[229,21,1415,1]
[230,186,1,1102]
[231,255,1974,1]
[232,256,2,1595]
[233,148,1,1874]
[234,14,1,294]
[235,202,2,1861]
[236,110,1,456]
[237,225,1906,2]
[238,197,1839,1]
[239,175,260,1]
[240,244,1,325]
[241,90,2,1922]
[242,183,1959,1]
[243,199,1756,1]
[244,7,1699,1]
[245,35,489,1]
[246,184,1,1328]
[247,150,1,687]
[248,18,2,608]
[249,173,844,1]
[250,97,1447,1]
[251,33,1914,1]
[252,61,1773,1]
[253,114,1,1669]
[254,149,1856,1]
[255,245,454,1]
[256,211,1487,1]
[257,147,669,1]
[258,258,1,511]
[259,181,1355,1]
[260,139,253,1]
[261,23,1035,1]
[262,69,1051,1]
[263,101,1096,1]
[264,277,1546,1]
[265,40,1,1409]
[266,145,668,1]
[267,27,466,1]
[268,81,1323,1]
[269,175,1414,1]
[270,205,480,1]
[271,20,1,882]
[272,135,907,1]
[273,191,47,2]
[274,229,829,1]
[275,199,1964,1]
[276,233,1701,1]
[277,271,683,1]
[278,77,1855,1]
[279,115,1866,1]
[280,49,1838,1]
[281,53,1259,1]
[282,58,1,1482]
[283,10,1,1176]
[284,220,2,1290]
[285,6,2,525]
[286,263,1273,1]
[287,223,1934,1]
[288,277,1709,1]
[289,24,2,1810]
[290,13,1320,1]
[291,118,1,1785]
[292,253,1863,1]
[293,215,697,1]
[294,21,1573,1]
[295,31,1235,1]
[296,224,1,875]
[297,221,1722,1]
[298,50,1,614]
[299,119,1481,1]
[300,100,1,54]
[301,3,1695,1]
[302,242,1,956]
[303,54,1,11]
[304,140,1,1577]
[305,247,912,1]
[306,279,1040,1]
[307,187,990,1]
[308,257,1790,1]
[309,103,1191,1]
[310,262,1,11]
[311,5,40,1]
[312,174,1,1630]
[313,35,901,1]
[314,95,1695,1]
[315,260,1,1746]
[316,130,2,410]
[317,105,786,1]
[318,65,1134,1]
[319,237,121,1]
[320,26,1,1262]
[321,29,1938,1]
[322,261,890,1]
[323,236,1,975]
[324,249,1174,1]
[325,63,1494,1]
[326,247,1495,1]
[327,145,970,1]
[328,209,1653,1]
[329,35,1919,1]
[330,103,1245,1]
[331,227,1266,1]
[332,241,1763,1]
[333,17,1651,1]
[334,231,288,1]
[335,170,1,841]
[336,274,2,902]
[337,249,1842,3]
[338,245,797,1]
[339,225,1687,1]
[340,85,173,1]
[341,231,965,1]
[342,71,685,1]
[343,75,1437,1]
[344,237,1469,1]
[345,131,1629,1]
[346,106,1,464]
[347,15,1593,2]
[348,145,1014,1]
[349,79,927,1]
[350,111,275,2]
[351,37,1726,2]
[352,279,1951,1]
[353,163,281,1]
[354,71,1687,1]
[355,43,1906,1]
[356,221,1760,1]
[357,101,1518,1]
[358,81,1667,1]
[359,27,1011,1]
[360,5,434,1]
[361,271,1079,1]
[362,195,574,1]
[363,3,1730,1]
[364,5,483,1]
[365,213,1165,1]
[366,9,1959,1]
[367,207,1537,2]
[368,229,958,1]
[369,213,1845,1]
[370,79,1012,1]
[371,69,1393,1]
[372,167,1526,1]
[373,13,1472,1]
[374,203,1592,1]
[375,161,411,1]
[376,45,1941,1]
[377,161,1084,1]
[378,11,1828,1]
[379,109,436,1]
[380,267,1910,1]
[381,205,1848,3]
[382,123,1749,1]
[383,121,1478,1]
[384,205,1810,1]
[385,179,1637,1]
[386,37,1235,1]
[387,263,1409,1]
[388,127,1373,1]
[389,67,1924,1]
[390,121,1829,1]
[391,41,1542,1]
[392,261,1250,2]
[393,261,913,1]
[394,161,1303,1]
[395,139,498,1]
[396,261,1509,1]
[397,47,1836,1]
[398,131,1987,1]
[399,234,2,1816]
[400,111,1364,1]
[401,97,1651,1]
[402,243,1822,1]
[403,109,1362,1]
[404,235,1192,2]
[405,5,821,1]
[406,191,635,1]
[407,261,1992,1]
[408,17,1834,2]
[409,0,1,45]
[410,180,1,1025]
[411,233,1903,1]
[412,187,1376,1]
[413,163,677,1]
[414,103,1334,1]
[415,205,1951,1]
[416,103,1604,1]
[417,231,1727,1]
[418,115,1986,1]
[419,81,1881,1]
[420,263,1837,1]
[421,5,1279,1]
[422,176,1,1690]
[423,266,2,1877]
[424,107,847,1]
[425,56,1,191]
[426,187,1449,1]
[427,276,1,577]
[428,193,740,1]
[429,160,2,834]
[430,235,1945,1]
[431,135,924,1]
[432,147,1218,1]
[433,249,1597,2]
[434,25,340,1]
[435,57,1107,1]
[436,271,1171,1]
[437,53,1406,1]
[438,193,1906,1]
[439,15,1263,1]
[440,99,1273,1]
[441,27,1442,2]
[442,53,1736,1]
[443,209,1997,1]
[444,229,1560,1]
[445,163,1057,1]
[446,99,1488,1]
[447,139,1981,1]
[448,249,1473,1]
[449,79,1084,1]
[450,107,1392,1]
[451,159,1305,1]
[452,171,1443,1]
[453,135,1177,1]
[454,173,996,1]
[455,127,1702,2]
[456,165,1970,1]
[457,103,1933,1]
[458,161,1558,2]
[459,187,1473,1]
[460,167,1605,1]
[461,47,1860,1]
[462,105,1088,1]
[463,185,1647,1]
[464,151,1670,1]
[465,159,1861,1]
[466,187,1934,1]
[467,241,1954,1]
[468,123,1804,1]
[469,173,1643,2]
[470,85,1600,1]
[471,37,1557,1]
[472,207,782,1]
[473,21,1954,1]
[474,168,1,1928]
[475,23,1678,1]
[476,3,1800,2]
[477,25,1637,1]
[478,57,1947,1]
[479,125,1534,1]
[480,157,1909,1]
[481,75,1643,1]
[482,147,1951,1]
[483,243,1927,1]
[484,19,1407,1]
[485,249,1840,2]
[486,195,1624,1]
[487,129,1964,1]
[488,93,1958,1]
[489,231,1898,1]
[490,257,1887,1]
[491,97,1981,2]
[492,151,1964,2]
[493,117,1760,1]
[494,271,1910,1]
[495,142,1,1142]
[496,149,1961,1]
[497,117,1937,1]
[498,229,1803,1]
[499,265,1871,1]
[500,259,1910,1]
[501,207,1845,1]
[502,99,1933,1]
[503,135,1548,1]
[504,111,1808,1]
[505,141,536,1]
[506,141,621,1]
[507,65,1533,2]
[508,273,1446,2]
[509,269,1930,1]
[510,79,1312,2]
[511,13,1966,1]
[512,137,963,1]
[513,211,1954,1]
[514,175,1796,1]
[515,7,1860,1]
[516,135,1646,1]
[517,133,790,1]
[518,63,1515,2]
[519,145,1453,1]
[520,27,1428,1]
[521,15,1601,1]
[522,253,1892,1]
[523,173,1457,1]
[524,201,1900,1]
[525,173,1801,1]
[526,215,1989,1]
[527,79,1706,1]
[528,251,1892,3]
[529,239,1706,2]
[530,101,1620,1]
[531,227,1665,1]
[532,105,1607,1]
[533,161,1788,1]
[534,109,1656,1]
[535,151,1677,1]
[536,203,1907,1]
[537,181,1965,2]
[538,237,1976,1]
[539,179,1948,1]
[540,57,1977,1]
[541,123,1910,1]
[542,189,1589,1]
[543,245,1171,1]
[544,85,1613,1]
[545,155,1460,1]
[546,213,1880,1]
[547,227,1668,1]
[548,141,878,1]
[549,137,1958,1]
[550,239,1586,1]
[551,75,1934,2]
[552,39,1668,1]
[553,97,1991,1]
[554,273,1914,2]
[555,163,1974,1]
[556,83,1893,1]
[557,69,1656,1]
[558,189,1613,1]
[559,245,1879,1]
[560,217,1576,1]
[561,125,1891,2]
[562,5,1905,1]
[563,91,1966,1]
[564,159,1911,2]
[565,69,1981,1]
[566,167,1643,2]
[567,195,1743,1]
[568,223,1963,1]
[569,195,1751,1]
[570,17,1877,1]
[571,141,1136,1]
[572,23,1739,1]
[573,195,1997,1]
[574,3,1918,1]
[575,249,1491,1]
[576,197,1892,1]
[577,135,1776,1]
[578,217,1701,1]
[579,225,1896,1]
[580,223,1975,1]
[581,167,1883,2]
[582,179,1954,1]
[583,37,1870,3]
[584,77,1874,1]
[585,19,1476,1]
[586,181,1438,1]
[587,185,1901,1]
[588,31,1791,1]
[589,99,1940,1]
[590,41,1623,2]
[591,59,1956,1]
[592,81,1899,1]
[593,177,1999,1]
[594,133,1084,1]
[595,61,1943,1]
[596,273,1553,1]
[597,43,1944,1]
[598,107,1681,1]
[599,155,1796,1]
[600,257,1936,1]
[601,119,1587,1]
[602,253,1916,1]
[603,11,1829,2]
[604,85,1849,3]
[605,249,1939,1]
[606,87,1977,1]
[607,67,1998,1]
[608,227,1967,1]
[609,37,1758,2]
[610,105,1990,2]
[611,181,1581,1]
[612,171,1912,1]
[613,73,1958,1]
[614,85,1690,1]
[615,11,1957,1]
[616,25,1937,1]
[617,41,1846,1]
[618,125,1635,1]
[619,201,1925,1]
[620,15,1939,1]
[621,63,1502,1]
[622,191,1214,1]
[623,33,1921,1]
[624,125,1920,1]
[625,141,1565,2]
[626,203,1984,1]
[627,157,1911,1]
[628,109,1694,1]
[629,143,1945,1]
[630,277,1832,1]
[631,1,1265,1]
[632,7,1978,1]
[633,79,1874,2]
[634,65,1608,1]
[635,27,1677,1]
[636,269,1970,1]
[637,119,1670,1]
[638,141,1903,1]
[639,169,1894,1]
[640,71,1699,1]
[641,161,1802,1]
[642,133,1868,1]
[643,1,1323,1]
[644,193,1949,1]
[645,105,1818,1]
[646,75,1750,1]
[647,65,1961,1]
[648,277,1906,1]
[649,95,1740,1]
[650,113,1792,2]
[651,97,1998,1]
[652,133,1996,1]
[653,185,1998,1]
[654,145,1942,1]
[655,251,1956,1]
[656,1,1430,1]
[657,41,1902,1]
[658,151,1950,1]
[659,39,1793,1]
[660,19,1743,1]
[661,159,1881,1]
[662,189,1679,1]
[663,1,1555,1]
[664,111,1861,1]
[665,143,1998,1]
[666,257,1996,1]
[667,43,1946,2]
[668,19,1986,1]
[669,49,1991,1]
[670,135,1859,1]
[671,105,1943,1]
[672,63,1671,2]
[673,89,1807,1]
[674,263,1846,1]
[675,161,1995,1]
[676,61,1945,1]
[677,167,1796,1]
[678,1,1962,1]
[679,63,1800,1]
[680,239,1978,1]
[681,265,1996,1]
[682,23,1917,1]
[683,147,1957,1]
[684,111,1975,1]
[685,179,1965,1]
[686,111,1987,1]
[687,187,1946,1]
[688,119,1832,1]
[689,9,1966,1]
[690,229,1978,1]
[691,121,1873,1]
[692,127,1551,1]
[693,77,1987,2]
[694,81,1933,1]
[695,95,1795,1]
[696,273,1948,2]
[697,245,1881,1]
[698,17,1912,1]
[699,119,1983,1]
[700,191,1348,1]
[701,95,1996,2]
[702,253,1977,1]
[703,127,1851,1]
[704,109,1741,1]
[705,263,1954,1]
[706,37,1913,1]
[707,121,1906,1]
[708,109,1950,2]
[709,217,1947,1]
[710,35,1934,1]
[711,167,1927,1]
[712,53,1973,1]
[713,31,1882,1]
[714,93,1973,1]
[715,79,1770,1]
[716,191,1673,1]
[717,259,1912,1]
[718,77,1952,1]
[719,45,1993,2]
[720,5,1949,1]
[721,101,1709,1]
[722,3,1919,1]
[723,43,1995,1]
[724,191,1894,1]
[725,101,1779,1]
[726,211,1980,2]
[727,169,1922,1]
[728,85,1753,1]
[729,107,1826,1]
[730,189,1740,1]
[731,145,2000,1]
[732,101,1995,1]
[733,81,1991,1]
[734,125,1940,1]
[735,247,1622,1]
[736,71,1724,1]
[737,247,1807,1]
[738,1,1966,2]
[739,127,1952,1]
[740,125,1987,1]
[741,109,1997,1]
[742,175,1956,2]
[743,33,1953,1]
[744,167,1983,1]
[745,181,1715,1]
[746,173,1812,1]
[747,39,1952,1]
[748,275,1960,1]
[749,197,1989,1]
[750,273,1820,1]
[751,79,1863,1]
[752,113,1982,2]
[753,165,1995,1]
[754,25,1964,1]
[755,277,1950,1]
[756,135,1990,1]
[757,63,1986,1]
[758,207,1987,2]
[759,83,1952,1]
[760,75,1865,1]
[761,231,1983,1]
[762,189,1810,1]
[763,213,1991,1]
[764,207,1878,1]
[765,65,1975,1]
[766,175,1829,1]
[767,267,1961,1]
[768,189,1847,1]
[769,163,1984,1]
[770,5,1980,1]
[771,27,1976,1]
[772,221,1888,1]
[773,25,1993,1]
[774,267,1988,1]
[775,169,1972,1]
[776,119,1994,1]
[777,129,1980,1]
[778,155,1887,2]
[779,173,1926,1]
[780,241,2000,1]
[781,123,1930,1]
[782,77,1974,1]
[783,181,1831,1]
[784,85,1910,1]
[785,191,1975,1]
[786,207,1959,1]
[787,107,1989,1]
[788,271,2000,1]
[789,157,1969,2]
[790,37,1916,1]
[791,63,1996,1]
[792,51,1996,2]
[793,219,1994,1]
[794,79,1957,2]
[795,173,1973,1]
[796,123,1948,1]
[797,61,1996,1]
[798,17,1960,1]
[799,35,1970,1]
[800,171,1942,1]
[801,179,1968,1]
[802,111,1991,1]
[803,161,1997,1]
[804,73,1962,1]
[805,181,1877,1]
[806,79,1959,1]
[807,95,1810,1]
[808,51,2000,1]
[809,153,1976,2]
[810,179,1995,1]
[811,171,1967,1]
[812,57,1992,1]
[813,3,1940,2]
[814,139,1995,1]
[815,13,1985,1]
[816,247,1830,1]
[817,99,1986,1]
[818,71,1881,1]
[819,31,1959,1]
[820,3,1920,1]
[821,181,1884,1]
[822,263,1966,1]
[823,59,1975,1]
[824,27,1986,1]
[825,259,1966,1]
[826,95,1914,1]
[827,159,1970,1]
[828,181,1926,1]
[829,183,1969,1]
[830,149,1998,2]
[831,57,1994,1]
[832,155,1960,1]
[833,257,2000,1]
[834,95,1958,1]
[835,47,1895,1]
[836,15,1943,1]
[837,11,1961,1]
[838,87,1991,1]
[839,157,1974,1]
[840,223,1985,1]
[841,221,1901,1]
[842,181,1932,1]
[843,235,1979,1]
[844,41,1947,1]
[845,249,1959,1]
[846,221,1918,1]
[847,205,1982,1]
[848,189,1988,1]
[849,247,1990,1]
[850,81,1997,1]
[851,175,1959,1]
[852,55,1955,1]
[853,21,1982,1]
[854,233,1980,1]
[855,253,1992,1]
[856,277,1970,1]
[857,181,1946,1]
[858,183,1999,1]
[859,221,1934,2]
[860,151,1972,1]
[861,201,1961,1]
[862,127,1968,1]
[863,245,1888,1]
[864,239,1995,1]
[865,21,1992,1]
[866,159,1972,1]
[867,71,1928,2]
[868,89,1931,1]
[869,29,1944,1]
[870,75,1963,1]
[871,189,1992,1]
[872,9,1990,1]
[873,117,1939,1]
[874,121,1980,2]
[875,45,1967,1]
[876,175,1965,1]
[877,279,1952,1]
[878,113,1734,1]
[879,259,1998,1]
[880,279,1973,1]
[881,23,1940,1]
[882,87,1997,1]
[883,45,1976,1]
[884,211,2000,1]
[885,221,1930,1]
[886,237,1993,1]
[887,181,1950,1]
[888,137,1986,1]
[889,113,1917,1]
[890,199,1975,1]
[891,89,1992,1]
[892,155,1961,1]
[893,221,1980,1]
[894,75,1992,1]
[895,167,1997,1]
[896,245,1925,1]
[897,71,1915,1]
[898,255,1980,2]
[899,65,2001,2]
[900,121,1951,1]
[901,243,1957,1]
[902,59,1991,1]
[903,1,1971,2]
[904,71,1946,1]
[905,15,1978,1]
[906,229,1999,1]
[907,159,1993,1]
[908,113,1933,1]
[909,47,1944,1]
[910,79,1975,1]
[911,123,1955,1]
[912,225,1970,1]
[913,85,1953,1]
[914,55,1987,1]
[915,245,1957,2]
[916,31,1966,1]
[917,279,1994,1]
[918,1,1974,1]
[919,273,1946,1]
[920,151,1974,2]
[921,245,1976,1]
[922,105,1997,2]
[923,37,1968,1]
[924,187,1964,1]
[925,33,1990,1]
[926,175,1976,1]
[927,191,1996,1]
[928,71,1960,1]
[929,45,1998,1]
[930,27,1993,1]
[931,251,1993,2]
[932,151,1988,1]
[933,153,1997,1]
[934,3,1976,1]
[935,23,1966,1]
[936,23,1987,1]
[937,277,1973,1]
[938,137,1995,1]
[939,181,1999,1]
[940,129,2000,1]
[941,69,1991,1]
[942,225,1971,1]
[943,75,1995,1]
[944,29,1981,1]
[945,217,1949,1]
[946,217,1961,2]
[947,217,1969,1]
[948,155,1993,1]
[949,119,1999,1]
[950,83,1999,1]
[951,159,2000,1]
[952,251,1963,1]
[953,245,1981,1]
[954,85,1958,1]
[955,117,1975,1]
[956,147,1978,1]
[957,273,1980,2]
[958,27,1998,1]
[959,91,1989,1]
[960,201,1995,1]
[961,47,1958,1]
[962,197,1995,1]
[963,277,1998,1]
[964,39,1999,1]
[965,231,1988,1]
[966,11,1991,1]
[967,113,1951,1]
[968,85,1974,2]
[969,17,2000,1]
[970,37,1979,1]
[971,117,1991,1]
[972,203,1986,1]
[973,79,1976,1]
[974,105,1986,1]
[975,103,1964,1]
[976,243,1971,1]
[977,235,1987,1]
[978,141,1952,1]
[979,115,2000,1]
[980,243,1987,1]
[981,275,1988,1]
[982,71,1995,1]
[983,41,1959,1]
[984,269,1993,1]
[985,23,1993,1]
[986,223,1989,1]
[987,255,1993,2]
[988,117,1995,1]
[989,47,1959,1]
[990,47,1996,1]
[991,217,1979,1]
[992,187,1974,1]
[993,193,1968,1]
[994,103,1970,1]
[995,41,1960,1]
[996,57,1997,1]
[997,5,1981,1]
[998,199,1990,1]
[999,261,1997,1]
[1000,5,1983,1]
[1001,1534000926,333441481,333443302]
[1002,1868933222,1398391356,1398392003]
[1003,1396004311,428504556,428503318]
[1004,2058363731,649125528,649123623]
[1005,1801963328,183234061,183235149]
[1006,146527433,77888156,77887259]
[1007,1548004088,752363831,752365431]
[1008,1233471021,326151268,326150560]
[1009,552495959,2082409312,2082408535]
[1010,168553774,965212914,965213083]
[1011,554058336,1340445699,1340447122]
[1012,1878092598,1281378059,1281379417]
[1013,1417390775,2257076,2256637]
[1014,474286458,623159780,623160776]
[1015,980941525,351840610,351840495]
[1016,1140814677,464437,462526]
[1017,568888518,139972147,139973792]
[1018,713427369,705783748,705782163]
[1019,2051063825,1262437277,1262435887]
[1020,806529725,1754198228,1754198048]
[1021,1272737862,410415764,410416202]
[1022,639286360,1377593851,1377595838]
[1023,719857700,1368035396,1368037297]
[1024,869311072,1737119598,1737121127]
[1025,1959134793,853621474,853620409]
[1026,1062015047,229843394,229842492]
[1027,791904455,2003606604,2003606346]
[1028,240182152,889006884,889007166]
[1029,1591540210,1236128109,1236128623]
[1030,2132424141,1731486616,1731485247]
[1031,1899100907,1712410573,1712409956]
[1032,240279165,291653561,291653226]
[1033,1215178429,1656895474,1656895458]
[1034,1114582296,738862364,738864219]
[1035,93778291,283621059,283620819]
[1036,2024124444,439987052,439988508]
[1037,1562436193,1331901883,1331901131]
[1038,1045295753,1210922336,1210922143]
[1039,1388584340,2004438278,2004438442]
[1040,266133050,2093515087,2093516616]
[1041,147865737,93731723,93731009]
[1042,911968700,1304299411,1304300999]
[1043,1558297441,507760177,507758938]
[1044,2084135780,274704505,274706010]
[1045,1772702749,231948734,231947798]
[1046,2005989145,184724548,184722841]
[1047,1762256431,723299003,723297587]
[1048,1154446966,1595199430,1595200364]
[1049,85052865,1249201142,1249199850]
[1050,1251746807,2007963947,2007962788]
[1051,1943305678,1908488563,1908489677]
[1052,1271167576,1529454774,1529456504]
[1053,886344116,1730808781,1730809927]
[1054,2094606053,361610366,361608999]
[1055,382434271,323494188,323492929]
[1056,637161321,443095059,443094495]
[1057,754785636,2016821437,2016822058]
[1058,572465371,964028528,964026659]
[1059,1957424050,1967585180,1967586026]
[1060,1182417419,628119207,628118072]
[1061,1546308528,1409641524,1409642762]
[1062,1562262559,1333098224,1333096761]
[1063,527860716,1695150634,1695152456]
[1064,293033830,945092673,945094279]
[1065,1310232907,462797510,462795840]
[1066,898447781,744006600,744006185]
[1067,615893152,1859211891,1859212953]
[1068,2092959291,1558897538,1558897115]
[1069,1888174647,857864108,857863148]
[1070,286738515,1914597574,1914596347]
[1071,1554615202,923308794,923309098]
[1072,1352320304,1467104833,1467106507]
[1073,1715502341,502454395,502453228]
[1074,868675829,1807129749,1807127853]
[1075,1521446774,1724996619,1724998150]
[1076,377273497,1488395722,1488395619]
[1077,1960670857,1007112416,1007110813]
[1078,877773681,285056371,285055423]
[1079,1724740374,757682543,757683580]
[1080,406446122,1747103129,1747104024]
[1081,2109823369,571830655,571830548]
[1082,1573445796,949689309,949689812]
[1083,254500708,674812427,674813404]
[1084,271158156,426170660,426172265]
[1085,1221545218,1485758817,1485759039]
[1086,228057674,1679231206,1679231794]
[1087,1145158888,1237683643,1237683812]
[1088,843544999,1433707619,1433706775]
[1089,1280965117,1799875749,1799875292]
[1090,195002014,456258860,456260228]
[1091,1826407514,1321504407,1321504738]
[1092,485505346,1516879561,1516881257]
[1093,1704266142,1792744522,1792745705]
[1094,510557277,1949249113,1949248607]
[1095,534515597,1067971257,1067969955]
[1096,1992857141,844243385,844242531]
[1097,1429632777,497769747,497768826]
[1098,1293036428,1160077595,1160077960]
[1099,1245191752,1751409127,1751410756]
[1100,357511916,991184888,991185121]
[1101,956606314,1725319286,1725321230]
[1102,1852199784,738505445,738507378]
[1103,1637518018,168091860,168092119]
[1104,9589762,1031866279,1031867742]
[1105,1802840812,117403425,117403606]
[1106,113777846,802800386,802802176]
[1107,1402954167,668736980,668735062]
[1108,1937860224,1636784291,1636786075]
[1109,614780884,1047815732,1047816470]
[1110,752580229,2010267249,2010266293]
[1111,1109805113,1647288139,1647287108]
[1112,1370604016,1372299334,1372300531]
[1113,353521903,1949166350,1949164539]
[1114,113972922,1132884323,1132884333]
[1115,912354430,938603935,938605090]
[1116,659909791,1233296526,1233296140]
[1117,1168719515,2002160577,2002159629]
[1118,1261796878,1538221157,1538222481]
[1119,364321437,405880940,405879710]
[1120,2011490235,290824245,290822839]
[1121,315049784,263113331,263114023]
[1122,357633826,69924431,69926344]
[1123,1497054401,278976295,278974841]
[1124,1080751397,552251082,552249206]
[1125,1988567606,738574009,738574428]
[1126,314313704,935668500,935669608]
[1127,456055138,1281170661,1281171743]
[1128,1464517837,1911370523,1911368831]
[1129,161163416,1867873106,1867874931]
[1130,708127198,1758227237,1758227948]
[1131,13805187,968365766,968363841]
[1132,1344787062,987359752,987359873]
[1133,1118360557,294606891,294605895]
[1134,878551532,180761477,180761661]
[1135,1450088438,656580508,656582092]
[1136,1125736923,1471359642,1471358464]
[1137,167747259,1393018444,1393016469]
[1138,1734650307,1158642303,1158640800]
[1139,573382472,1601627266,1601628580]
[1140,430461280,1805157212,1805158277]
[1141,744622285,1671012125,1671011314]
[1142,2004408849,1824879966,1824879620]
[1143,464602539,1931717284,1931716669]
[1144,2011643783,826647309,826646335]
[1145,249630819,1206371307,1206370601]
[1146,1973901361,1475039466,1475037696]
[1147,214768165,1532338785,1532337425]
[1148,148087365,638730520,638728865]
[1149,1989543348,143421380,143422474]
[1150,540612742,104412062,104413004]
[1151,1330448684,33902615,33904028]
[1152,546750408,1009094599,1009094738]
[1153,1102823976,716372072,716372928]
[1154,1975359749,1452809673,1452808806]
[1155,572839458,1477294401,1477294416]
[1156,475498396,813413899,813415526]
[1157,839710439,1250083724,1250083397]
[1158,1604925656,1237168663,1237169760]
[1159,1183100750,431086332,431087652]
[1160,186164870,1050575857,1050576010]
[1161,656762933,105256717,105256557]
[1162,679722123,1523041058,1523039461]
[1163,698585548,1792373545,1792373819]
[1164,976622672,58711870,58713026]
[1165,344134102,1601713147,1601714929]
[1166,1522904177,1565491799,1565491588]
[1167,908349741,666507572,666507238]
[1168,1805382293,2041355531,2041355422]
[1169,1587747853,580615647,580613933]
[1170,255922321,694957792,694956143]
[1171,2026576587,112388886,112387712]
[1172,1983664601,1408516356,1408515479]
[1173,1506376304,288704673,288705020]
[1174,202483640,1990324447,1990326236]
[1175,1112767524,1823766371,1823768222]
[1176,315627601,297329520,297328467]
[1177,1397989493,681246245,681244686]
[1178,1563356828,979210218,979211430]
[1179,635059215,831407930,831407222]
[1180,184888825,85732700,85731694]
[1181,1076478760,2132943117,2132943271]
[1182,804767289,404046307,404045834]
[1183,1476416118,1675586510,1675587655]
[1184,232512230,657697513,657698875]
[1185,93675656,1838456059,1838457399]
[1186,616710321,600403700,600402188]
[1187,1912139807,1885512196,1885511206]
[1188,69622260,1251250738,1251250758]
[1189,989662400,1456136427,1456137388]
[1190,1665667585,2008383130,2008382468]
[1191,807318854,2119443621,2119444146]
[1192,2074893769,2066331021,2066329900]
[1193,1847125677,1287397417,1287397158]
[1194,168835340,1988814858,1988816009]
[1195,411185380,1198076643,1198076920]
[1196,1454470056,886956650,886956691]
[1197,1450483314,782417734,782419096]
[1198,624945263,345032962,345031998]
[1199,1240374257,1393809936,1393809786]
[1200,1368671445,701684902,701683474]
[1201,739230861,1674147092,1674146127]
[1202,1832289214,5016981,5018658]
[1203,68727302,952137580,952137885]
[1204,880800146,1251815565,1251817229]
[1205,599796568,944242919,944244737]
[1206,1702575287,1452641934,1452641777]
[1207,2044665805,591220716,591219999]
[1208,965214855,216125152,216123422]
[1209,60760006,1042352561,1042353930]
[1210,46672533,886394488,886392710]
[1211,605991710,825624289,825625025]
[1212,1131810512,1801449194,1801451069]
[1213,723451882,610112621,610112872]
[1214,299436502,1121582380,1121584261]
[1215,2105449639,1823568810,1823567572]
[1216,1684832759,327847821,327845877]
[1217,713820125,1365948549,1365946804]
[1218,730518442,566382642,566382870]
[1219,2699104,147439311,147441275]
[1220,1058522373,2100909875,2100909169]
[1221,1887179620,381465982,381466872]
[1222,1915624826,1941964110,1941964599]
[1223,1269766481,1116517045,1116515218]
[1224,582494306,1867803301,1867804802]
[1225,1744316354,181488959,181490951]
[1226,101464076,729793459,729793915]
[1227,508414996,1072044840,1072046383]
[1228,1775704219,773339373,773338018]
[1229,1847290353,1131857574,1131855802]
[1230,1708467011,2104848124,2104848079]
[1231,939744141,170324381,170323598]
[1232,1515032333,1197122801,1197121712]
[1233,730526920,1949272539,1949272613]
[1234,1971615874,1437677286,1437678375]
[1235,165114177,486459538,486458785]
[1236,70621546,217361747,217363640]
[1237,446842207,365833306,365832060]
[1238,148571291,497066462,497064991]
[1239,1220064488,2010818900,2010820523]
[1240,1184496286,2011517798,2011518765]
[1241,1308588762,2025976978,2025978579]
[1242,961040247,445016646,445015935]
[1243,71359547,406544002,406543160]
[1244,2018545685,1582043594,1582041742]
[1245,1179355973,1258070243,1258069651]
[1246,1558467763,1465442993,1465442913]
[1247,1183497787,1816908224,1816908076]
[1248,1756839489,970041066,970040729]
[1249,42119783,1982363965,1982363305]
[1250,1056755694,1968373518,1968373630]
[1251,526187107,2025048104,2025046709]
[1252,1997292177,91714101,91712199]
[1253,269866913,1883342117,1883341164]
[1254,257463752,1713136666,1713137888]
[1255,675452785,1628352333,1628350929]
[1256,162541158,943288180,943289126]
[1257,86453734,1749644356,1749644386]
[1258,1913682225,627419779,627418480]
[1259,1155023187,282657308,282656655]
[1260,1288653078,1933388395,1933390198]
[1261,1990056639,582501146,582499450]
[1262,722929482,1315500777,1315502213]
[1263,1340988505,185071135,185070243]
[1264,328496554,740592807,740594578]
[1265,1163249950,1288379751,1288380628]
[1266,1350904450,709786320,709787966]
[1267,572794612,993996157,993996173]
[1268,822116185,1516408355,1516408232]
[1269,831241308,864666670,864668139]
[1270,1228066755,845385514,845383523]
[1271,777903390,32780483,32781925]
[1272,930732329,2142176578,2142175156]
[1273,1800118247,955281532,955280830]
[1274,1959650577,128555053,128554768]
[1275,2117091023,1514616586,1514615312]
[1276,742762984,1593372142,1593373788]
[1277,2144567458,169551595,169551960]
[1278,261641220,639909991,639911766]
[1279,1791256574,1334212726,1334213061]
[1280,493107601,1176142712,1176141334]
[1281,1694636347,1254873102,1254871215]
[1282,431208465,1903119493,1903117763]
[1283,405564372,499355332,499356612]
[1284,1349353553,1691378950,1691377757]
[1285,1832406388,1549107749,1549109053]
[1286,198748424,1159115155,1159116191]
[1287,2109232093,271680033,271679542]
[1288,1153504114,1189464433,1189465767]
[1289,1286689750,1158791971,1158792306]
[1290,139688778,741905596,741906740]
[1291,262692740,1211289827,1211290964]
[1292,1405775598,53522096,53522480]
[1293,1807627635,924455545,924454613]
[1294,433331615,481360515,481360133]
[1295,1638781236,881424745,881425252]
[1296,1184704637,365717876,365716066]
[1297,1215864078,1138919538,1138919918]
[1298,434317638,2132094525,2132095048]
[1299,1337706983,1396523055,1396522770]
[1300,1735722356,1466928805,1466929006]
[1301,1881190427,1562031042,1562030176]
[1302,391522082,1520575525,1520577253]
[1303,764887290,1951802432,1951804055]
[1304,705092014,815311636,815313204]
[1305,1000575858,1618377370,1618377383]
[1306,2139901586,642069525,642070774]
[1307,1519809904,1797712460,1797713674]
[1308,915882368,2020912023,2020912753]
[1309,282969075,334309883,334308859]
[1310,603837654,1984286166,1984288067]
[1311,1275966337,946100016,946099556]
[1312,1251863929,1094593747,1094592483]
[1313,338665610,713279403,713281034]
[1314,1001751166,294389572,294389665]
[1315,1820939557,1410517301,1410516844]
[1316,1390718526,232290554,232291489]
[1317,189538580,1065634427,1065635556]
[1318,1246922535,508642716,508641416]
[1319,961538914,850750438,850750707]
[1320,305316934,1525270066,1525271883]
[1321,829150754,543082756,543083552]
[1322,856716239,397164153,397162394]
[1323,234907876,1215705823,1215706024]
[1324,34807418,1628417354,1628419082]
[1325,1871579733,2146232084,2146231943]
[1326,1881700485,2020480854,2020479794]
[1327,379382357,619976522,619974632]
[1328,909498792,1825181200,1825181721]
[1329,1313282266,1827306198,1827307781]
[1330,1316921795,525774783,525774607]
[1331,938470593,1336191951,1336190877]
[1332,1060741709,469710766,469709965]
[1333,1871594910,667604441,667606345]
[1334,729258968,147410978,147411675]
[1335,988832990,1372026602,1372026971]
[1336,1889407231,425594750,425594481]
[1337,64998434,353395942,353397888]
[1338,312411611,2056224649,2056222714]
[1339,734405234,1459200187,1459201538]
[1340,766061903,776036796,776035825]
[1341,820799945,1055957443,1055955607]
[1342,373573736,532534415,532536227]
[1343,145964859,127194830,127194595]
[1344,1696542696,821957093,821958912]
[1345,425093499,1326955467,1326953562]
[1346,664519595,1478423094,1478422050]
[1347,1686826887,1824237705,1824236951]
[1348,439853522,465567627,465569013]
[1349,2058082397,1250367943,1250367599]
[1350,447422350,1780985640,1780987015]
[1351,1165711289,1881033407,1881032204]
[1352,934821219,1159808648,1159807508]
[1353,253330358,2063314227,2063315361]
[1354,2146078655,678738640,678736884]
[1355,229620780,1893241602,1893242822]
[1356,1748618723,838204648,838203021]
[1357,549759410,695543238,695544054]
[1358,1543130639,267357237,267356126]
[1359,1248326991,1600321956,1600321456]
[1360,27386266,1467968612,1467969363]
[1361,374543349,883348560,883347273]
[1362,1132244309,1226173057,1226171483]
[1363,1533969693,996356137,996354585]
[1364,1876874807,1775793517,1775791974]
[1365,654986424,39558473,39558744]
[1366,892224855,965966279,965966006]
[1367,310823888,1947217105,1947217269]
[1368,278338270,76311307,76311525]
[1369,2034456094,2061869245,2061869453]
[1370,684462678,1450057468,1450058983]
[1371,1136667040,772895643,772897184]
[1372,878023822,299537614,299538010]
[1373,1898338090,1658736926,1658738605]
[1374,1443123411,1782606292,1782606164]
[1375,154219400,710291559,710291774]
[1376,340233032,1813269797,1813271381]
[1377,40303469,2080852289,2080851117]
[1378,182560205,1924329966,1924328645]
[1379,1057292051,684179458,684178135]
[1380,559010179,1675591344,1675589476]
[1381,481372552,1482053543,1482054240]
[1382,15384244,1125665980,1125666506]
[1383,1958837956,1529667019,1529668379]
[1384,2009026366,608754097,608754280]
[1385,1377593969,1028411773,1028411138]
[1386,1516540166,1194976465,1194977045]
[1387,1072132164,1144315784,1144317595]
[1388,1789434743,1707598068,1707596265]
[1389,899398921,453270389,453270346]
[1390,709041664,1917394646,1917395309]
[1391,170944791,2056932445,2056931538]
[1392,1193027489,1972112934,1972111252]
[1393,1555504822,432147799,432148037]
[1394,493856370,977275452,977276263]
[1395,237782896,899755730,899756955]
[1396,540592844,1618295998,1618296859]
[1397,1237748320,1704922622,1704923707]
[1398,845721446,1736990112,1736991501]
[1399,1701376271,438997222,438995791]
[1400,1014009291,771366597,771364952]
[1401,736654470,1634581093,1634582350]
[1402,826086775,1857542129,1857541157]
[1403,544869450,791733005,791733047]
[1404,192732548,962039330,962040266]
[1405,1098936305,1660810252,1660809152]
[1406,1433876363,923096229,923095620]
[1407,745652,1314330616,1314331489]
[1408,1106161997,1110899552,1110898928]
[1409,1443744448,378405437,378407368]
[1410,106541226,1093845787,1093845983]
[1411,806481269,681771541,681771049]
[1412,2070871929,558955104,558954124]
[1413,1085622645,447347601,447346879]
[1414,1408629585,1391321398,1391319546]
[1415,1710436756,1971752229,1971753744]
[1416,529928683,1728983885,1728982176]
[1417,1488307251,1898458708,1898457923]
[1418,1693682896,1768870893,1768872219]
[1419,1664437754,1514604660,1514606525]
[1420,256032276,1654705383,1654706211]
[1421,1663756027,411781524,411781182]
[1422,1638444544,1427191932,1427192704]
[1423,767796179,1244789486,1244788975]
[1424,136507121,687391665,687390733]
[1425,465276619,334798386,334796803]
[1426,2070001973,1855474984,1855474896]
[1427,2048636796,1792587264,1792589057]
[1428,605601331,1340546942,1340546274]
[1429,1306609528,1356087991,1356089821]
[1430,912096764,797274490,797275715]
[1431,89226887,1625529320,1625529006]
[1432,1398922929,2141030421,2141029334]
[1433,1878535769,877577831,877577282]
[1434,1259488010,1356010351,1356011059]
[1435,1357398373,2006622249,2006621874]
[1436,1833335974,367378354,367378364]
[1437,95667538,729584482,729586151]
[1438,228072797,1529759689,1529758441]
[1439,639355779,1572577312,1572576686]
[1440,404453769,1514684027,1514682427]
[1441,1252394239,907815923,907814479]
[1442,1802979696,214441286,214442757]
[1443,585042344,59432801,59433733]
[1444,1013574463,337057635,337057116]
[1445,1681067370,299942214,299943889]
[1446,1238879769,8586987,8586539]
[1447,1854501383,67449102,67448522]
[1448,117508770,148801047,148801507]
[1449,454866262,1680530303,1680530429]
[1450,1824266552,1161361050,1161361495]
[1451,1468635951,1373160056,1373158415]
[1452,2084934677,831319458,831318990]
[1453,83194290,443620154,443621371]
[1454,928182351,1117765802,1117765298]
[1455,513303703,551636982,551635582]
[1456,1351253713,654242850,654242049]
[1457,850068676,63727700,63728292]
[1458,709367317,988835395,988834201]
[1459,980241606,961405634,961407455]
[1460,591126841,1516366715,1516365941]
[1461,1054359356,2003108066,2003108837]
[1462,1072135093,951587753,951587266]
[1463,1506436,2018731654,2018731867]
[1464,1693441661,1051316466,1051314794]
[1465,994516408,1269918452,1269919999]
[1466,1219988501,2063311916,2063311327]
[1467,338227622,1550098396,1550100070]
[1468,1768853596,1981929437,1981930654]
[1469,1841157193,1046954262,1046952425]
[1470,947731155,1844619353,1844618700]
[1471,1715406552,1638201404,1638202221]
[1472,612017428,1681092644,1681094278]
[1473,98227424,1317245927,1317246051]
[1474,101143476,2077162848,2077162950]
[1475,72723263,1998218207,1998217702]
[1476,1166596712,1794293633,1794295432]
[1477,800444410,1961110969,1961111519]
[1478,1501699291,604851816,604850731]
[1479,528848698,424201235,424201847]
[1480,1287578179,1576575453,1576574777]
[1481,1181341678,1531150827,1531152358]
[1482,1828555433,1176117357,1176117104]
[1483,1009240219,1389868084,1389866587]
[1484,767915175,116728120,116727372]
[1485,1318002030,291081015,291082124]
[1486,618914779,777965069,777964172]
[1487,1086855064,1716611828,1716613729]
[1488,1763842674,1740517535,1740517588]
[1489,180531666,636768015,636768458]
[1490,483172301,1891166689,1891164966]
[1491,636777115,1671706972,1671706144]
[1492,1024909688,1430820017,1430821583]
[1493,183209310,611259918,611260480]
[1494,799954335,1605929986,1605928945]
[1495,2097419179,819167049,819165810]
[1496,921016369,1122101832,1122101722]
[1497,1638849664,1449804747,1449806729]
[1498,472200049,625807078,625805813]
[1499,1412722791,387870737,387869410]
[1500,819142048,405052623,405052795]
[1501,1265807541,557590825,557590555]
[1502,490518503,153677685,153677541]
[1503,1327652827,2056108560,2056106754]
[1504,1350592823,1469029271,1469028877]
[1505,170175037,471732475,471731877]
[1506,1977239413,107422871,107422560]
[1507,56065674,913186736,913187282]
[1508,541715792,816625639,816626787]
[1509,1500235063,1211418735,1211417339]
[1510,1466707313,737714836,737713678]
[1511,1003307541,905007373,905007196]
[1512,632242590,45399455,45400734]
[1513,1803024130,458454202,458455965]
[1514,2111175216,1743535623,1743537297]
[1515,96494404,566114261,566114289]
[1516,666099185,1406391640,1406390768]
[1517,309210596,113141344,113142267]
[1518,2144163726,2011870898,2011872827]
[1519,1021674506,378411335,378412260]
[1520,65984713,518656303,518654584]
[1521,2141492952,275104376,275104386]
[1522,1919617018,179078820,179078925]
[1523,823866542,138526314,138527951]
[1524,1600790771,1865260163,1865259596]
[1525,1863433084,1682916929,1682918076]
[1526,971747535,1804878093,1804876865]
[1527,1949988807,1885177970,1885177293]
[1528,1196155740,1017823229,1017824710]
[1529,502240748,462587114,462587960]
[1530,1483706361,377408158,377408148]
[1531,1501051885,565993272,565991619]
[1532,2013850827,2143078369,2143077253]
[1533,1294557575,15565627,15565127]
[1534,1757834273,2050220755,2050218944]
[1535,799469225,337736039,337734528]
[1536,1576072280,1114854309,1114855408]
[1537,1625366010,1451902812,1451902934]
[1538,1699403603,1181343317,1181342908]
[1539,661995951,782204784,782204185]
[1540,257669686,746493758,746495629]
[1541,1520279494,1115507893,1115509460]
[1542,2018174948,69193121,69194249]
[1543,1245530186,1895496862,1895498012]
[1544,774938884,96756115,96757445]
[1545,1407353506,21346957,21348111]
[1546,1711515348,21987438,21988968]
[1547,1583936416,1240733504,1240734058]
[1548,619784564,1787941568,1787941646]
[1549,391320903,58928057,58926245]
[1550,113938566,972437888,972439367]
[1551,143948137,596307418,596307269]
[1552,132689619,882133674,882131858]
[1553,1103379940,525117962,525119547]
[1554,604090854,2004485497,2004485635]
[1555,1872226482,1269951653,1269952388]
[1556,96536554,550345251,550346335]
[1557,1454406845,2001114476,2001113109]
[1558,466430741,475363779,475362015]
[1559,534008784,324223150,324223715]
[1560,1251338296,1508935258,1508935471]
[1561,975277106,1729141834,1729141954]
[1562,1928949523,853543314,853542743]
[1563,2017980140,1173377734,1173379063]
[1564,1968306669,823442507,823441886]
[1565,10713327,1655027204,1655026822]
[1566,1018552366,971581445,971582637]
[1567,1262029221,1279426770,1279426698]
[1568,763785677,1810122584,1810122079]
[1569,197368217,1958182821,1958181220]
[1570,296165507,1193330543,1193329520]
[1571,232374985,207338907,207338179]
[1572,1344782462,2143244954,2143246474]
[1573,1750020684,1197198342,1197198494]
[1574,1865610204,100630180,100630410]
[1575,288254433,1841312945,1841311743]
[1576,850000401,1306429005,1306427699]
[1577,1993078346,1762590768,1762592529]
[1578,1814455816,1181359021,1181360777]
[1579,1034526863,2114569534,2114567798]
[1580,1028055432,1004820046,1004821619]
[1581,2137411930,1933859537,1933861125]
[1582,418035538,825221325,825221562]
[1583,1381531293,1386245580,1386243839]
[1584,71345099,1416878406,1416877233]
[1585,277585810,910218507,910218883]
[1586,1999900984,800433310,800433787]
[1587,1200015618,1478246826,1478247435]
[1588,414354583,1747327067,1747325324]
[1589,1252203642,1166717853,1166718094]
[1590,242104529,2146467202,2146465676]
[1591,673164172,1252992340,1252992648]
[1592,2098290564,2096495551,2096495913]
[1593,1092405196,1457508097,1457508194]
[1594,2073103439,1293141536,1293139899]
[1595,480346701,1075629643,1075628308]
[1596,1448619444,1030461393,1030462225]
[1597,1043358682,552629809,552630991]
[1598,1260454774,295795384,295797143]
[1599,394446364,1289222231,1289223920]
[1600,1482819943,1356468336,1356467553]
[1601,1279066556,386057585,386058367]
[1602,342111668,789912624,789913041]
[1603,381917301,942911276,942910972]
[1604,1547677977,44060550,44059264]
[1605,428715491,1794004570,1794003923]
[1606,430699229,127143116,127141610]
[1607,969423234,1711114178,1711115123]
[1608,2112596109,1862184945,1862184537]
[1609,799572809,1117547779,1117546164]
[1610,1278303410,1472910585,1472911266]
[1611,2017530219,1262451060,1262450727]
[1612,1910748517,244168883,244167680]
[1613,676680839,1866775413,1866774494]
[1614,1649912181,1338749663,1338749588]
[1615,1130943168,1431223336,1431224064]
[1616,484517038,1358154470,1358155765]
[1617,1501706850,124147734,124148638]
[1618,1169148643,1464053639,1464051950]
[1619,1589466671,711521369,711519979]
[1620,1859305736,1295205493,1295206638]
[1621,1134524648,943722246,943723461]
[1622,1529691968,1713748517,1713750215]
[1623,346875427,2032311372,2032309513]
[1624,1005104092,1039420319,1039421984]
[1625,550183287,517201379,517199692]
[1626,1305880340,508485039,508486585]
[1627,127920665,1073945303,1073944806]
[1628,48087561,1373555365,1373554496]
[1629,803446831,217112757,217111452]
[1630,568558166,582799144,582799682]
[1631,172535452,2015198747,2015198757]
[1632,2021889416,1201564136,1201564576]
[1633,1712709928,194415926,194416881]
[1634,1649404589,1651464529,1651463868]
[1635,277452838,1476314596,1476314674]
[1636,1225761836,886608261,886610215]
[1637,2100412808,1762019179,1762019698]
[1638,24803209,1407091509,1407090486]
[1639,637563352,1770014343,1770015058]
[1640,1039973354,988504886,988505020]
[1641,107833395,224839074,224837369]
[1642,2128127784,1674503257,1674504305]
[1643,1448984963,337572221,337570532]
[1644,324128358,425189404,425190380]
[1645,1864451349,530373899,530372424]
[1646,1585997504,1565640744,1565641161]
[1647,334795276,1787976920,1787977543]
[1648,266055853,1256448209,1256447830]
[1649,548798196,434727872,434727978]
[1650,1083775831,317280138,317280125]
[1651,1155294095,1789967568,1789965691]
[1652,1537239230,1053369117,1053370791]
[1653,84364590,416720745,416720808]
[1654,531337471,1479117800,1479116064]
[1655,1722728226,1378012361,1378013700]
[1656,355769122,687996338,687998088]
[1657,836072318,182236669,182238304]
[1658,2091970840,1146437369,1146437557]
[1659,108218972,2141196151,2141197123]
[1660,617901498,920167959,920169251]
[1661,937504514,498026773,498027499]
[1662,753611214,51059650,51060627]
[1663,1132290523,1253354003,1253353919]
[1664,585857645,38582248,38582215]
[1665,1993795888,1545723971,1545725609]
[1666,1000089316,1776969900,1776970063]
[1667,1013842940,2117704826,2117705165]
[1668,1770207547,618204253,618203744]
[1669,1340398781,2022968617,2022967431]
[1670,148855413,155861030,155859976]
[1671,1211240312,1717139465,1717140461]
[1672,408652645,1640442491,1640441248]
[1673,1317809897,2124684088,2124683633]
[1674,1915609346,1036619311,1036619996]
[1675,1625042873,1058745542,1058744971]
[1676,350149364,1204641075,1204643005]
[1677,73515017,1520385795,1520384692]
[1678,949793877,1187583799,1187582605]
[1679,1293255648,331751627,331751937]
[1680,1454705862,1083823950,1083825511]
[1681,674937874,860910122,860911329]
[1682,1000879803,326925941,326925754]
[1683,1313164567,1038829168,1038827933]
[1684,1028373430,1407608887,1407610157]
[1685,679918944,1324321633,1324323556]
[1686,1666496230,255883753,255884679]
[1687,1017878951,304991440,304990067]
[1688,791657892,912186179,912188089]
[1689,1620159357,1172818006,1172816540]
[1690,6687405,33738382,33738037]
[1691,1278245292,40514960,40516163]
[1692,1324358306,2080371916,2080372460]
[1693,649470976,1459616805,1459618127]
[1694,1822427558,227355326,227356613]
[1695,1422796435,1977169111,1977168182]
[1696,242799885,1213464836,1213463524]
[1697,2036708034,1293069844,1293071646]
[1698,1289180243,46462224,46460955]
[1699,288121174,798591801,798591974]
[1700,243559070,1131831405,1131832746]
[1701,1075960704,664389553,664389876]
[1702,613775654,1552521949,1552523118]
[1703,323653911,867586264,867585680]
[1704,1136993182,1676505561,1676506339]
[1705,594457207,2000985892,2000984037]
[1706,697904150,330129405,330130561]
[1707,2018110425,616969156,616968447]
[1708,1254393055,1608966130,1608964820]
[1709,1706851408,1824110198,1824110900]
[1710,606216994,459534432,459535451]
[1711,1662515918,434247913,434248784]
[1712,840374754,695859388,695859650]
[1713,652498912,905017915,905019121]
[1714,2094449574,2106919900,2106920359]
[1715,2076088958,675162475,675164359]
[1716,2110669917,1475706589,1475705108]
[1717,526724082,831747357,831749094]
[1718,1868287580,114341615,114342872]
[1719,1585265669,1109121374,1109119630]
[1720,1978305167,1546085804,1546084248]
[1721,577952202,873032811,873034413]
[1722,726614622,764380572,764381519]
[1723,39983471,1679204142,1679204042]
[1724,1927386335,1662147731,1662146455]
[1725,491875442,1375836879,1375837465]
[1726,945399281,108983679,108982649]
[1727,949217833,1951716226,1951715286]
[1728,1602041032,15515022,15515411]
[1729,1785834019,34093681,34093382]
[1730,639366563,40701724,40700610]
[1731,314108499,932953934,932952204]
[1732,590634292,1830103453,1830104427]
[1733,1521858934,395906767,395907402]
[1734,893331534,177346106,177346772]
[1735,796630461,1645439356,1645439251]
[1736,52600857,1801117970,1801117480]
[1737,495752825,107259995,107259821]
[1738,565574580,2002498634,2002499448]
[1739,1471819757,889159484,889159332]
[1740,1855535699,1392096049,1392095172]
[1741,2113178746,999947917,999948102]
[1742,1516690979,1693272225,1693270849]
[1743,1204403385,326799571,326798080]
[1744,1016797913,228140106,228138363]
[1745,1234834098,491519033,491519220]
[1746,629957633,1963047045,1963045670]
[1747,994821259,1594529387,1594527811]
[1748,2012167289,62919283,62917359]
[1749,1202538954,208413833,208414466]
[1750,1327093600,1313614869,1313616189]
[1751,369339850,751274821,751276301]
[1752,576278115,2055542337,2055541750]
[1753,2094501522,796579449,796580068]
[1754,701599302,1227327274,1227329207]
[1755,2040429798,76891113,76891329]
[1756,1534369471,1687278681,1687277475]
[1757,1874518678,1094112333,1094113648]
[1758,1732121959,1524511840,1524510332]
[1759,824836932,1884840037,1884841984]
[1760,561018772,542565228,542567194]
[1761,531578093,1852492316,1852491694]
[1762,741698477,239991557,239991528]
[1763,1950034664,1551882732,1551883672]
[1764,873992055,1917872853,1917871243]
[1765,562985827,1597940843,1597940148]
[1766,1226835721,1165190752,1165189355]
[1767,1248494181,1577444333,1577444233]
[1768,1711518417,618811464,618810242]
[1769,1836605324,679137366,679137577]
[1770,755449317,755877251,755876646]
[1771,1892455381,323855167,323855068]
[1772,1930356281,425070784,425070036]
[1773,787815295,1219181540,1219179559]
[1774,2056491219,1989710734,1989708792]
[1775,1075428405,35301184,35300341]
[1776,333260723,371783682,371783514]
[1777,1245578161,787725724,787724407]
[1778,877161878,1843249060,1843249480]
[1779,1085248322,977537525,977537969]
[1780,256998124,1537642393,1537642695]
[1781,1767050936,165845349,165845441]
[1782,539850757,957008738,957008461]
[1783,2141296548,665747368,665748610]
[1784,1569032079,1598478230,1598477518]
[1785,1265382279,1181729800,1181729590]
[1786,1507525674,2125432816,2125434274]
[1787,1937753779,1337521396,1337521126]
[1788,1398551504,1647620940,1647622817]
[1789,1328473186,855278180,855279146]
[1790,1939733427,1960162178,1960161961]
[1791,39629632,885118452,885120295]
[1792,1770900927,1801743611,1801741670]
[1793,1665897233,1543729910,1543729664]
[1794,1561160656,859506463,859507598]
[1795,1231100785,403389607,403387704]
[1796,2125742036,263852746,263854039]
[1797,134048364,261947446,261947979]
[1798,629117916,527239663,527240018]
[1799,550296573,1531652191,1531651676]
[1800,776504215,995249552,995248456]
[1801,957716640,1507541702,1507542662]
[1802,1754902902,1470683460,1470684426]
[1803,281614423,1293519565,1293519368]
[1804,1775355220,64454403,64455696]
[1805,1627085946,669374841,669375749]
[1806,2022255358,632264755,632265795]
[1807,1997809016,689041422,689042883]
[1808,1526374870,259588719,259588945]
[1809,1003294203,351716074,351714614]
[1810,1383214907,1039146228,1039145970]
[1811,1781303337,603645282,603644754]
[1812,1728966158,958865440,958866993]
[1813,1972869520,224129689,224130224]
[1814,782130436,851615605,851617375]
[1815,997840061,1067921774,1067921157]
[1816,1788209709,1553929317,1553928220]
[1817,880679351,513318708,513317128]
[1818,1596772821,103192129,103191242]
[1819,1725497463,1144763305,1144762331]
[1820,1953049066,1221979788,1221980687]
[1821,1347746080,1919953927,1919955031]
[1822,965715222,1498715933,1498717102]
[1823,1603542061,2094685258,2094684066]
[1824,116907928,1895847104,1895848806]
[1825,1212335506,261682275,261682931]
[1826,93638233,1960806711,1960805616]
[1827,1461834706,1643653283,1643654278]
[1828,199630438,515836225,515837766]
[1829,835632656,1288364610,1288366060]
[1830,970317756,1820028492,1820030003]
[1831,38358937,443800489,443799851]
[1832,133687907,1942001681,1942000918]
[1833,277600254,272956624,272957101]
[1834,1846634838,1969389790,1969390625]
[1835,1287506047,2022882865,2022882809]
[1836,1106636449,1961035137,1961033751]
[1837,1681612652,519929026,519929253]
[1838,1239250518,581541420,581543290]
[1839,1417277724,614922505,614924469]
[1840,1696269579,1431272713,1431271025]
[1841,1708716726,1133922179,1133922307]
[1842,2107882780,1348738751,1348739243]
[1843,353096820,1832238188,1832239781]
[1844,1010098625,914986740,914985725]
[1845,796170893,2034394856,2034394241]
[1846,1854681977,1495806919,1495806357]
[1847,760386873,1028867511,1028867047]
[1848,123054775,265992695,265992148]
[1849,739444680,314233631,314235080]
[1850,947412855,1803205243,1803203453]
[1851,1224258037,935596542,935594744]
[1852,369234120,377811826,377812731]
[1853,471224331,1576476694,1576475735]
[1854,426252631,826408495,826407153]
[1855,1781749779,1648316468,1648315861]
[1856,775959487,1466734408,1466732441]
[1857,1694920145,1980513031,1980512594]
[1858,710728404,573699269,573701223]
[1859,164695877,601957151,601955642]
[1860,227098902,1728511761,1728512001]
[1861,561641273,1435137587,1435136122]
[1862,645936673,2032829788,2032829289]
[1863,555279847,352414369,352413366]
[1864,1631304819,1338284600,1338284305]
[1865,1943469101,58800476,58798790]
[1866,626215476,1299251120,1299252531]
[1867,957273124,1153260148,1153260181]
[1868,541502206,800436992,800438905]
[1869,955039889,549958433,549957152]
[1870,2088288764,2116955653,2116957650]
[1871,1536365789,600386929,600384976]
[1872,32051846,792166842,792168603]
[1873,1893699619,1454970525,1454969684]
[1874,1356577532,799087732,799089630]
[1875,277628778,1965640530,1965641306]
[1876,1982067290,911068242,911070050]
[1877,923100513,1790669162,1790668702]
[1878,1067225251,107506375,107505135]
[1879,1872315088,1002108541,1002108897]
[1880,1439897876,662527732,662529641]
[1881,238110656,311138086,311139116]
[1882,1063787036,526519573,526520079]
[1883,2016099528,636836098,636837264]
[1884,892563443,1687520609,1687520268]
[1885,1944754841,101163660,101161811]
[1886,96867325,863600838,863600713]
[1887,1043037092,1283404401,1283404710]
[1888,1600637061,871728148,871727510]
[1889,1110067364,1555361837,1555361917]
[1890,1685489842,1456472476,1456472646]
[1891,1177509530,1703920207,1703921085]
[1892,1234642445,120392844,120390947]
[1893,544947290,179452192,179452861]
[1894,1823157789,1245819554,1245819321]
[1895,219297202,1299213915,1299214107]
[1896,822798463,1159756351,1159755996]
[1897,888884084,321568318,321569963]
[1898,1197836703,1376776751,1376776526]
[1899,442418572,1747776490,1747776758]
[1900,1876118665,1530665708,1530664430]
[1901,1141175314,650009353,650009927]
[1902,869043978,478705674,478706248]
[1903,1851170896,672307092,672308132]
[1904,640749141,724213828,724212412]
[1905,1325304480,1193796992,1193797464]
[1906,1700656339,157959155,157958987]
[1907,1148872403,1617825637,1617824413]
[1908,740787449,1014020195,1014019262]
[1909,319811643,65936510,65935101]
[1910,1504156677,809119695,809117763]
[1911,1329229070,1472132279,1472133473]
[1912,2066782387,2126183664,2126182873]
[1913,125467976,1771784913,1771785704]
[1914,166070491,818585690,818585329]
[1915,123027993,642513686,642512201]
[1916,417789347,956309473,956308833]
[1917,1608560642,1270768080,1270768566]
[1918,1030822729,1301180785,1301180639]
[1919,809486101,583186161,583184883]
[1920,1229549913,2112413452,2112412534]
[1921,116020249,1593201738,1593201422]
[1922,657123902,894561701,894562210]
[1923,1286284373,346425876,346425060]
[1924,470846015,1956410401,1956409064]
[1925,528427156,1522395958,1522397052]
[1926,1520066780,1669239043,1669240403]
[1927,2080493078,1932422915,1932424607]
[1928,817573026,515464044,515465135]
[1929,1954371920,395848330,395850268]
[1930,486096954,1061122307,1061122619]
[1931,637659510,458458004,458458374]
[1932,361482617,208154140,208153628]
[1933,463158328,1474231718,1474232604]
[1934,1862601870,940867732,940869142]
[1935,1868136109,1563796535,1563794607]
[1936,1378819858,210607145,210608504]
[1937,695567509,1663945416,1663943838]
[1938,1635174727,1573364109,1573362604]
[1939,852088804,1361876136,1361876780]
[1940,469793692,1520480665,1520482004]
[1941,64724703,928863740,928861951]
[1942,1234380045,1558800684,1558798846]
[1943,454967737,324156588,324156105]
[1944,1036598883,939421866,939421286]
[1945,1183137087,2106491945,2106491746]
[1946,1396787297,1568807902,1568807582]
[1947,1765992184,891471081,891472301]
[1948,1625591170,123737546,123738584]
[1949,1292764331,1021407425,1021406959]
[1950,1872761671,762482953,762482102]
[1951,1851198687,2085226337,2085224381]
[1952,1828919552,1599768484,1599769618]
[1953,1377342070,2059010728,2059012440]
[1954,50093548,179246913,179247685]
[1955,586902125,488118342,488117871]
[1956,514387048,717203475,717204281]
[1957,789222640,1366837891,1366838376]
[1958,741187438,1803032082,1803032597]
[1959,1573104155,1302031451,1302029553]
[1960,903715963,2141235124,2141234701]
[1961,993763492,157884640,157885467]
[1962,671437188,1969424072,1969424340]
[1963,1071590221,619060486,619059551]
[1964,1216190219,1524069199,1524069133]
[1965,1710404223,1412878253,1412878223]
[1966,244931780,1600795088,1600796304]
[1967,739083981,1925565788,1925564011]
[1968,1766281997,7183629,7181669]
[1969,1137085582,1409635892,1409636965]
[1970,1612001201,1442051505,1442051084]
[1971,1970702115,1027779492,1027777840]
[1972,959608081,1395707874,1395707012]
[1973,1958140916,598535141,598535400]
[1974,1543800533,655843303,655842816]
[1975,1473558980,1217470478,1217471921]
[1976,1008590222,96642803,96643614]
[1977,700312152,1457071434,1457072241]
[1978,103876231,424692758,424691743]
[1979,1979853016,829184118,829184319]
[1980,1233846529,519946419,519944794]
[1981,1266608757,2007919067,2007918849]
[1982,1275535937,1663512346,1663512189]
[1983,689027674,1579979536,1579980295]
[1984,2042135880,1711369496,1711371426]
[1985,1862800300,1828771128,1828772410]
[1986,455166577,66446648,66445066]
[1987,1221039149,1721330830,1721329741]
[1988,915049566,1506058704,1506060471]
[1989,1359167665,876006275,876005826]
[1990,1405868652,543916200,543917187]
[1991,823922510,935101662,935102204]
[1992,1957460590,1112075822,1112077450]
[1993,1360358697,1500573463,1500571856]
[1994,1181180480,34447784,34449261]
[1995,1188853540,1281302055,1281303749]
[1996,152736844,693986165,693988154]
[1997,878454661,343628529,343627484]
[1998,1242545398,1381792754,1381794577]
[1999,1729668716,1710071972,1710073921]
[2000,160967455,1465795879,1465795761]
