["head":"wrap","lpos","status"]
[136,666360,1]
["io count"]
[1000]
["io":"id","wrap","startLpos","endLpos"]
[1,130,263584,264719]
[2,32,725838,726157]
[3,147,175239,174338]
[4,137,459485,459078]
[5,220,411925,413789]
[6,147,375289,374654]
[7,62,538852,540103]
[8,237,349700,349630]
[9,168,253644,254813]
[10,162,654641,655994]
[11,191,421000,419217]
[12,270,286203,288007]
[13,22,579184,580947]
[14,261,327954,327682]
[15,166,548239,548880]
[16,75,506963,506953]
[17,54,379659,380123]
[18,162,248854,249885]
[19,237,249458,249208]
[20,61,326638,326252]
[21,119,112667,112168]
[22,177,710522,709546]
[23,227,315077,315065]
[24,46,704010,705079]
[25,191,464562,463879]
[26,145,467914,466187]
[27,75,300247,298331]
[28,214,103504,103835]
[29,237,496942,495996]
[30,119,349549,349511]
[31,98,398860,400401]
[32,143,373464,373031]
[33,180,355650,356007]
[34,152,254172,254966]
[35,93,36570,35730]
[36,49,413870,413649]
[37,34,588608,590038]
[38,70,572456,572547]
[39,242,418000,418643]
[40,87,299582,298631]
[41,231,155450,153654]
[42,230,469211,469989]
[43,73,582299,581192]
[44,162,586484,588395]
[45,235,617504,616454]
[46,1,123242,121494]
[47,245,727336,727065]
[48,12,412094,413609]
[49,169,714069,712938]
[50,98,561696,562569]
[51,190,448322,448575]
[52,250,461603,463585]
[53,36,396620,398469]
[54,229,647584,647319]
[55,65,398291,397240]
[56,215,419110,418225]
[57,42,311498,311842]
[58,175,370931,369612]
[59,67,251953,250737]
[60,194,351858,353500]
[61,241,296359,295002]
[62,17,380446,379337]
[63,206,599955,600383]
[64,261,431106,431040]
[65,51,224739,222835]
[66,70,665585,666853]
[67,265,303976,303337]
[68,106,544738,546424]
[69,170,680268,681980]
[70,81,457590,456308]
[71,149,389974,389337]
[72,43,129560,127700]
[73,18,409788,409848]
[74,262,202184,203928]
[75,167,490181,488409]
[76,31,121590,120479]
[77,268,213586,215430]
[78,254,455143,455538]
[79,275,365078,364100]
[80,274,347542,348517]
[81,190,357929,359198]
[82,0,80605,82188]
[83,29,188639,187682]
[84,95,327167,325697]
[85,179,80776,80576]
[86,205,502069,501709]
[87,64,317052,317407]
[88,168,128874,129418]
[89,207,325782,324102]
[90,221,325449,323877]
[91,48,178201,178739]
[92,188,586692,588081]
[93,239,468315,467282]
[94,86,398011,398977]
[95,66,514380,515836]
[96,242,511750,513039]
[97,63,425507,424920]
[98,67,387230,387135]
[99,41,499455,498128]
[100,33,87319,87020]
[101,62,576881,578611]
[102,248,489405,491369]
[103,39,172045,171886]
[104,202,209700,211490]
[105,132,72931,72991]
[106,73,689633,689350]
[107,216,323750,325003]
[108,137,169495,169239]
[109,76,555644,556675]
[110,99,144475,143892]
[111,144,339643,340874]
[112,179,115247,114947]
[113,95,184542,184376]
[114,107,499515,498975]
[115,236,379274,381044]
[116,187,279206,278488]
[117,132,388445,389346]
[118,175,137224,137098]
[119,79,510963,509349]
[120,183,454808,453875]
[121,78,335489,335539]
[122,77,397520,397367]
[123,168,522947,523269]
[124,195,329774,328339]
[125,259,299848,298377]
[126,4,715975,716105]
[127,35,439767,439042]
[128,52,407385,407443]
[129,111,367063,366485]
[130,227,599519,599467]
[131,210,294151,294860]
[132,145,46895,46587]
[133,252,435586,435955]
[134,71,493000,492131]
[135,165,665400,664950]
[136,246,443372,444153]
[137,24,81948,83452]
[138,113,236028,235972]
[139,118,359582,360620]
[140,209,336489,335954]
[141,163,331450,330811]
[142,268,196949,197218]
[143,54,107827,109014]
[144,35,205411,204253]
[145,167,419675,418513]
[146,6,209049,210007]
[147,89,339921,338045]
[148,169,685513,685098]
[149,1,424552,423116]
[150,271,445131,443640]
[151,17,379114,377766]
[152,154,5752,7590]
[153,28,271323,273319]
[154,189,318782,318760]
[155,173,496546,495273]
[156,277,183927,182108]
[157,174,220217,220370]
[158,114,444074,444424]
[159,56,295698,297576]
[160,112,440066,440797]
[161,5,376929,376174]
[162,50,538685,539272]
[163,178,543452,544491]
[164,122,284277,285401]
[165,110,262646,264454]
[166,91,24836,23347]
[167,136,564040,564297]
[168,151,385742,384077]
[169,8,426695,428240]
[170,98,581630,582925]
[171,147,442584,442384]
[172,22,630280,630817]
[173,82,599208,601125]
[174,69,380506,379118]
[175,123,351505,349810]
[176,186,324657,325736]
[177,279,259834,259136]
[178,238,148810,150733]
[179,60,251896,253390]
[180,104,379668,379802]
[181,200,74423,76189]
[182,154,271120,272314]
[183,211,508487,506515]
[184,120,365438,365552]
[185,147,452506,451290]
[186,208,466826,468423]
[187,30,472466,474400]
[188,124,205011,206380]
[189,41,341067,339119]
[190,252,179768,181580]
[191,187,246167,246067]
[192,82,569141,569844]
[193,152,505736,506487]
[194,109,304433,302942]
[195,102,110751,110930]
[196,101,328849,328289]
[197,56,454664,455997]
[198,67,112044,111608]
[199,95,553016,552791]
[200,74,576864,578094]
[201,54,534178,535910]
[202,0,78931,79708]
[203,246,247956,249723]
[204,135,359251,359241]
[205,210,260268,260785]
[206,205,256088,254274]
[207,81,386934,385502]
[208,25,515034,513819]
[209,89,456016,455926]
[210,14,167756,168682]
[211,141,321530,319829]
[212,132,549236,551092]
[213,128,267307,267427]
[214,225,650634,648961]
[215,85,457800,457477]
[216,249,384131,382443]
[217,85,594005,592382]
[218,145,268505,268248]
[219,223,676652,675594]
[220,147,572600,570677]
[221,37,339497,339428]
[222,235,53009,51499]
[223,211,55178,54552]
[224,0,373877,375049]
[225,240,488287,489641]
[226,37,339199,338042]
[227,110,240018,240102]
[228,269,540434,539747]
[229,150,170141,171734]
[230,177,709844,709183]
[231,9,480533,480264]
[232,271,305790,304113]
[233,179,391304,389865]
[234,279,312367,311978]
[235,142,518017,518047]
[236,118,258759,260715]
[237,185,249719,249516]
[238,150,712948,714410]
[239,207,674286,672762]
[240,152,166383,167028]
[241,151,645826,645438]
[242,273,500402,499177]
[243,30,256194,257048]
[244,92,280017,280877]
[245,114,360832,361731]
[246,118,229689,230866]
[247,82,464925,465826]
[248,95,447612,446738]
[249,185,536617,535183]
[250,144,610586,610897]
[251,4,460045,460842]
[252,267,592597,590742]
[253,89,561202,559381]
[254,279,456115,454340]
[255,175,393152,392125]
[256,247,438458,436931]
[257,41,145798,144866]
[258,240,434107,435219]
[259,256,295602,296168]
[260,93,551116,550239]
[261,13,421985,420212]
[262,64,471534,472370]
[263,160,522806,523713]
[264,104,398191,399755]
[265,125,425787,424562]
[266,90,370578,371515]
[267,183,249920,248399]
[268,237,396352,394572]
[269,173,535556,534804]
[270,184,177480,178525]
[271,31,453338,452912]
[272,252,432480,433972]
[273,175,473917,473647]
[274,202,245458,247090]
[275,119,77776,77071]
[276,56,263690,265211]
[277,171,458839,458030]
[278,260,222770,223517]
[279,119,452750,452155]
[280,186,161047,162964]
[281,81,420385,418841]
[282,220,549369,549819]
[283,129,604215,604125]
[284,7,422926,421607]
[285,268,252523,254000]
[286,134,91678,93296]
[287,247,526722,526119]
[288,21,149023,148082]
[289,105,368417,368233]
[290,262,709768,711601]
[291,234,297849,298564]
[292,164,386806,388178]
[293,44,402482,403574]
[294,164,483443,483722]
[295,162,352177,352774]
[296,74,495659,496040]
[297,254,261902,262054]
[298,94,643227,643957]
[299,134,266482,267615]
[300,10,421881,423430]
[301,204,553186,554342]
[302,40,344399,345025]
[303,188,575210,575382]
[304,208,715767,716907]
[305,50,336149,337480]
[306,182,124827,124872]
[307,35,396449,394500]
[308,129,408804,407515]
[309,274,266196,266989]
[310,69,646536,645992]
[311,207,379058,377852]
[312,211,261248,260911]
[313,4,82996,84342]
[314,171,535312,534016]
[315,207,283694,283684]
[316,24,86004,86827]
[317,128,190619,191885]
[318,195,431598,430634]
[319,153,341832,341715]
[320,220,381411,383214]
[321,12,382864,384013]
[322,96,134117,134949]
[323,56,480022,480263]
[324,166,232820,234283]
[325,50,667735,669508]
[326,232,462340,462963]
[327,166,367009,368977]
[328,176,310725,311580]
[329,80,183130,184886]
[330,264,266033,267550]
[331,96,313527,313538]
[332,181,544048,543314]
[333,154,385888,385929]
[334,195,334227,332724]
[335,181,639343,638926]
[336,98,435893,435980]
[337,93,27731,26279]
[338,204,312748,314454]
[339,101,364957,364077]
[340,165,469133,468785]
[341,95,497214,496302]
[342,53,373539,371970]
[343,191,560168,558474]
[344,103,514473,513912]
[345,172,453710,455288]
[346,150,408017,408886]
[347,42,417258,417437]
[348,55,75799,74904]
[349,96,299961,300947]
[350,266,392304,394286]
[351,45,378566,378522]
[352,123,223638,223468]
[353,247,638480,637322]
[354,153,395571,395285]
[355,52,315379,317365]
[356,251,422838,421555]
[357,15,634480,633571]
[358,111,509019,507065]
[359,259,677116,676978]
[360,189,728294,727277]
[361,36,301434,303257]
[362,206,694466,694967]
[363,29,204801,204697]
[364,85,393597,391732]
[365,77,37641,37631]
[366,194,99977,100498]
[367,89,308541,306589]
[368,137,255968,254160]
[369,42,364066,364294]
[370,37,532321,531137]
[371,204,376398,376906]
[372,83,164554,163062]
[373,227,71578,70825]
[374,168,506903,507457]
[375,1,160326,160273]
[376,53,245198,243775]
[377,64,288514,288747]
[378,77,362494,360915]
[379,84,502325,503087]
[380,24,261986,262201]
[381,196,562341,563964]
[382,263,319474,318190]
[383,124,354663,356388]
[384,36,318649,320558]
[385,200,525702,527324]
[386,50,329482,330490]
[387,209,619607,618437]
[388,35,422043,420115]
[389,49,441164,439666]
[390,276,389509,390049]
[391,110,429443,431195]
[392,117,237002,235003]
[393,16,199694,200338]
[394,185,533286,531317]
[395,143,90976,90621]
[396,98,543944,545461]
[397,167,75529,75256]
[398,44,487870,488033]
[399,69,362570,360825]
[400,107,341051,339594]
[401,173,116957,115934]
[402,235,423716,422478]
[403,8,425107,425317]
[404,3,361110,359533]
[405,190,174021,175664]
[406,221,429040,428146]
[407,66,216439,217792]
[408,136,411167,411395]
[409,257,327288,326815]
[410,50,606272,606739]
[411,121,504893,504097]
[412,157,203527,203430]
[413,68,418959,420710]
[414,86,44745,45266]
[415,142,630493,630851]
[416,185,305159,303433]
[417,180,433873,435755]
[418,252,468551,470432]
[419,249,338718,337064]
[420,172,378160,379540]
[421,119,633540,632767]
[422,148,216161,217919]
[423,24,295496,297228]
[424,107,218351,216582]
[425,145,261981,260254]
[426,245,451240,451153]
[427,171,407957,406671]
[428,70,153855,153865]
[429,67,567823,567220]
[430,132,59156,60188]
[431,87,606585,604776]
[432,244,461702,463328]
[433,260,331381,332003]
[434,134,605169,605189]
[435,44,509240,510444]
[436,226,166946,167211]
[437,140,410463,411377]
[438,263,502165,501256]
[439,65,193065,192219]
[440,209,540444,538704]
[441,36,412137,413513]
[442,70,351549,353191]
[443,32,291031,291220]
[444,191,206719,205240]
[445,59,277810,277295]
[446,278,591293,592192]
[447,215,335694,334489]
[448,228,242767,243164]
[449,68,365397,366177]
[450,249,492835,491975]
[451,55,336271,336141]
[452,112,343680,345585]
[453,67,330530,329912]
[454,98,231862,232076]
[455,72,469984,471658]
[456,120,382127,382825]
[457,274,559411,560064]
[458,28,500152,501113]
[459,262,569182,570232]
[460,222,502688,503944]
[461,224,438075,438420]
[462,188,251959,252819]
[463,92,210813,212048]
[464,206,407505,408472]
[465,250,561838,563070]
[466,55,172276,171485]
[467,180,319242,320826]
[468,256,375711,376209]
[469,158,654943,656643]
[470,127,311908,311478]
[471,81,247145,246907]
[472,33,408359,407283]
[473,37,634068,633644]
[474,63,231369,230590]
[475,124,210362,210917]
[476,86,84800,85740]
[477,188,209355,211034]
[478,190,352728,352841]
[479,0,332664,334353]
[480,208,222354,222813]
[481,275,227537,226564]
[482,53,309750,307931]
[483,261,447748,447031]
[484,212,530937,532880]
[485,274,536268,536653]
[486,24,431967,432358]
[487,157,339411,338418]
[488,45,398553,397514]
[489,258,220241,221945]
[490,260,371711,372107]
[491,137,162087,161440]
[492,191,508967,508918]
[493,31,135176,133568]
[494,80,369425,371307]
[495,222,332470,333838]
[496,86,458516,459356]
[497,176,225877,226550]
[498,249,314574,313269]
[499,258,422696,424386]
[500,66,406018,406743]
[501,83,532954,532867]
[502,30,417344,417625]
[503,37,140478,140325]
[504,70,205181,206045]
[505,137,268795,267735]
[506,53,517783,517074]
[507,48,146103,147907]
[508,36,352766,353505]
[509,42,131700,132874]
[510,163,290198,288705]
[511,155,280468,278917]
[512,231,120806,120659]
[513,105,324440,322775]
[514,2,135560,135828]
[515,166,615153,615595]
[516,233,170355,169953]
[517,251,600028,599017]
[518,162,354133,355921]
[519,8,328868,330309]
[520,275,466262,465546]
[521,263,461775,461591]
[522,259,363532,363443]
[523,216,83199,84316]
[524,231,540895,539103]
[525,207,675856,675533]
[526,182,206920,207758]
[527,90,579432,580416]
[528,105,654648,653299]
[529,253,571932,571437]
[530,56,288622,289648]
[531,203,571072,570998]
[532,176,376779,377361]
[533,84,452919,454226]
[534,100,371078,371306]
[535,65,264783,263337]
[536,258,201683,202403]
[537,236,161085,162374]
[538,159,240560,238958]
[539,278,523684,525143]
[540,217,341307,340844]
[541,265,601797,600349]
[542,149,321435,320073]
[543,266,482070,483032]
[544,30,636792,638257]
[545,229,107067,105085]
[546,10,518095,519851]
[547,66,360892,362759]
[548,266,378562,379908]
[549,253,508984,507440]
[550,155,401250,399941]
[551,46,515640,516054]
[552,191,696221,696141]
[553,48,359166,360916]
[554,233,372230,372006]
[555,82,408445,408518]
[556,13,414476,413755]
[557,23,348876,347668]
[558,90,279185,280607]
[559,149,521700,520484]
[560,142,449561,449796]
[561,91,339417,337568]
[562,32,443091,443242]
[563,94,204342,206236]
[564,76,262048,262125]
[565,107,425715,424118]
[566,250,328900,329514]
[567,263,383838,382120]
[568,26,379923,381475]
[569,30,192723,193149]
[570,221,260887,260706]
[571,185,175324,174324]
[572,225,256071,254283]
[573,23,638074,636579]
[574,214,278775,279240]
[575,211,539245,539122]
[576,27,258406,257155]
[577,89,468039,466570]
[578,158,489238,490386]
[579,182,330923,331268]
[580,276,304913,306796]
[581,213,266660,265432]
[582,39,489991,489896]
[583,11,298317,296551]
[584,81,460688,459235]
[585,106,251446,251967]
[586,59,388152,387664]
[587,167,633749,632736]
[588,137,471701,469758]
[589,5,80446,80390]
[590,122,274466,276066]
[591,96,700977,701121]
[592,151,76038,75831]
[593,253,529616,528121]
[594,234,469419,469992]
[595,245,548071,547914]
[596,47,599076,598615]
[597,99,205661,205370]
[598,10,268755,270464]
[599,239,528801,527914]
[600,180,357539,358363]
[601,201,281637,280928]
[602,187,156298,155270]
[603,217,350574,350255]
[604,238,347672,349198]
[605,83,548171,547020]
[606,207,546293,544370]
[607,248,379596,379806]
[608,27,198435,197463]
[609,31,536283,535212]
[610,217,561893,561337]
[611,70,600238,601445]
[612,204,381377,382028]
[613,207,524758,524107]
[614,50,324886,325859]
[615,74,27662,28118]
[616,85,231403,230231]
[617,186,380458,382271]
[618,71,461613,459791]
[619,215,547639,546171]
[620,43,245273,243403]
[621,201,349454,348032]
[622,113,256888,254924]
[623,243,306430,306001]
[624,143,432022,430753]
[625,148,695477,696015]
[626,168,154835,155421]
[627,125,286326,284595]
[628,236,370253,371082]
[629,258,250505,251475]
[630,73,151795,151785]
[631,76,289780,290784]
[632,243,339187,337189]
[633,228,391063,391740]
[634,120,331678,332208]
[635,156,397293,398794]
[636,135,46812,46212]
[637,245,359696,358603]
[638,47,443830,443005]
[639,215,352379,352356]
[640,258,326073,327722]
[641,274,526040,526072]
[642,82,12617,13644]
[643,164,487161,487813]
[644,211,164739,163381]
[645,117,464442,462959]
[646,85,617415,615590]
[647,108,385971,387142]
[648,18,149346,151003]
[649,64,242882,244527]
[650,63,688986,687593]
[651,60,266464,267896]
[652,124,306068,307677]
[653,51,506894,505071]
[654,33,544464,543763]
[655,122,380284,380783]
[656,210,629364,629773]
[657,115,503777,502993]
[658,39,98499,97170]
[659,275,207614,206557]
[660,137,431218,429463]
[661,216,379702,381389]
[662,207,473978,473917]
[663,192,388144,388249]
[664,30,241966,242330]
[665,94,297823,298767]
[666,215,505433,503826]
[667,31,290864,289899]
[668,170,503181,503218]
[669,117,580189,579757]
[670,0,663591,664931]
[671,117,194312,194274]
[672,197,313952,313135]
[673,149,503418,503051]
[674,238,219233,219923]
[675,188,238496,238671]
[676,257,494535,494332]
[677,8,306191,307058]
[678,148,238306,240004]
[679,223,580567,578707]
[680,72,400790,401302]
[681,82,361554,362998]
[682,161,87095,85803]
[683,156,689852,690326]
[684,82,320669,322288]
[685,63,141627,141281]
[686,49,162303,161330]
[687,178,288257,288637]
[688,154,203544,204674]
[689,19,542263,541609]
[690,172,322521,323758]
[691,129,257723,257382]
[692,173,392609,390758]
[693,84,436501,437844]
[694,85,436180,435474]
[695,44,375697,376844]
[696,203,388212,386910]
[697,155,581196,581173]
[698,138,223684,224868]
[699,258,323310,323396]
[700,102,366264,367627]
[701,202,693015,694589]
[702,75,226863,225960]
[703,129,294356,294273]
[704,48,514956,515220]
[705,143,135623,134193]
[706,164,65701,65987]
[707,217,18509,17377]
[708,26,449977,451106]
[709,253,595070,594572]
[710,144,293560,295204]
[711,162,362504,363429]
[712,247,383309,381518]
[713,141,381875,381405]
[714,167,127248,126704]
[715,168,229637,230126]
[716,6,689587,691383]
[717,79,311568,310292]
[718,43,69339,67368]
[719,267,222201,221751]
[720,180,363748,364462]
[721,67,624816,623607]
[722,246,328838,329982]
[723,79,165868,165303]
[724,177,309568,309016]
[725,75,242608,242406]
[726,254,437163,437227]
[727,137,447533,447327]
[728,168,480383,480608]
[729,229,417270,416022]
[730,228,357333,357625]
[731,105,321291,319351]
[732,157,557085,556263]
[733,254,300642,302190]
[734,279,468987,468964]
[735,221,520326,518888]
[736,97,276678,275700]
[737,79,222357,221696]
[738,245,359923,359353]
[739,36,445354,445813]
[740,229,485091,483931]
[741,119,324671,324104]
[742,129,605315,603931]
[743,144,460384,461687]
[744,229,452310,451273]
[745,72,362130,362410]
[746,119,554246,552454]
[747,187,228581,227396]
[748,204,457446,459003]
[749,6,129987,131750]
[750,157,501831,499843]
[751,195,111928,111305]
[752,191,270109,268785]
[753,134,487825,488957]
[754,4,246697,248237]
[755,251,371876,371648]
[756,201,175316,173630]
[757,89,398488,396884]
[758,163,282573,282139]
[759,233,272246,270335]
[760,113,392309,391105]
[761,8,115815,116542]
[762,25,242139,241936]
[763,157,265575,265197]
[764,192,557028,557303]
[765,118,18126,18353]
[766,34,278150,279966]
[767,55,474311,472706]
[768,139,385167,384279]
[769,15,219009,218622]
[770,224,88755,88820]
[771,257,320001,319601]
[772,148,280483,281789]
[773,109,579225,577424]
[774,124,292468,294171]
[775,151,410186,409491]
[776,100,85730,85812]
[777,173,434279,432432]
[778,235,188902,187021]
[779,160,374865,376856]
[780,262,394637,396248]
[781,182,591297,593166]
[782,234,416647,417613]
[783,0,436596,437531]
[784,159,561286,559933]
[785,271,430433,429927]
[786,174,483219,484735]
[787,41,183553,182514]
[788,148,499787,499897]
[789,240,158324,160274]
[790,245,184693,183391]
[791,47,195398,193732]
[792,0,329302,330331]
[793,277,146777,145272]
[794,227,686731,686687]
[795,52,277418,279074]
[796,136,164477,164561]
[797,202,529964,530176]
[798,197,304515,303253]
[799,10,386132,387105]
[800,101,682683,681732]
[801,174,464108,465435]
[802,248,484236,485609]
[803,67,76738,76481]
[804,201,233668,232188]
[805,155,544424,542995]
[806,170,301619,302572]
[807,101,595945,594383]
[808,246,415002,416278]
[809,260,391885,392719]
[810,48,264728,266633]
[811,194,314113,315000]
[812,89,641447,640392]
[813,152,117500,118371]
[814,132,185644,185819]
[815,277,533951,533191]
[816,48,174783,176512]
[817,58,442482,444173]
[818,75,498115,496316]
[819,208,572433,572624]
[820,104,630246,632239]
[821,162,254713,256166]
[822,77,493218,491361]
[823,275,400832,399809]
[824,57,354875,354622]
[825,37,697190,696511]
[826,30,357583,358626]
[827,169,277925,277459]
[828,2,713319,713612]
[829,88,631021,631389]
[830,26,432187,433956]
[831,85,418013,416041]
[832,223,248119,248026]
[833,190,301619,301646]
[834,73,434505,433052]
[835,212,451127,452649]
[836,114,683563,684895]
[837,182,664780,666147]
[838,153,245352,244553]
[839,46,356226,356744]
[840,167,367533,366260]
[841,74,505894,505932]
[842,264,398875,400448]
[843,192,223560,224056]
[844,268,322316,322881]
[845,138,447718,448051]
[846,263,136326,136100]
[847,219,490424,489816]
[848,151,574284,573800]
[849,220,287607,288376]
[850,186,312734,313336]
[851,161,397680,395743]
[852,133,121410,120783]
[853,196,513561,515538]
[854,41,218660,217413]
[855,130,407319,408551]
[856,166,246946,247954]
[857,152,273238,273880]
[858,237,293872,293822]
[859,267,722936,721634]
[860,247,619379,618017]
[861,76,546102,547922]
[862,86,417958,419232]
[863,65,478354,476898]
[864,105,492980,491133]
[865,221,493243,492516]
[866,113,52839,51509]
[867,111,440594,439415]
[868,47,451942,451847]
[869,265,172649,172168]
[870,244,517382,517431]
[871,278,435239,436959]
[872,264,161961,162481]
[873,200,342070,343692]
[874,271,390495,389927]
[875,58,517207,518644]
[876,76,273522,273829]
[877,66,312905,313699]
[878,43,425961,425915]
[879,199,253719,252576]
[880,198,312572,314136]
[881,246,408994,409994]
[882,98,527068,528500]
[883,246,388552,389095]
[884,127,121065,120088]
[885,191,273259,272228]
[886,3,347723,345948]
[887,13,664492,664155]
[888,150,677587,679261]
[889,221,417028,415202]
[890,143,354325,352686]
[891,6,277616,278652]
[892,78,349318,351316]
[893,140,420990,421904]
[894,26,319495,320339]
[895,171,412932,411087]
[896,0,533218,535211]
[897,44,423559,423734]
[898,155,407274,405898]
[899,98,451840,452280]
[900,137,646364,644939]
[901,136,363440,363600]
[902,274,182227,183755]
[903,160,464186,465585]
[904,212,365561,366290]
[905,17,363739,362773]
[906,231,299705,299647]
[907,88,365008,366883]
[908,2,554163,555527]
[909,231,320630,319429]
[910,224,672612,674403]
[911,175,163396,163032]
[912,227,352393,351408]
[913,64,354356,355042]
[914,79,417891,416198]
[915,111,62419,62403]
[916,102,371430,372244]
[917,59,417348,417318]
[918,238,264684,264726]
[919,225,361346,360354]
[920,160,313669,313691]
[921,226,170477,171908]
[922,103,428420,427430]
[923,209,528788,527500]
[924,147,669160,668885]
[925,141,390684,389497]
[926,73,495101,493820]
[927,117,583765,582963]
[928,278,511973,512888]
[929,69,416241,416167]
[930,179,444239,442428]
[931,227,602537,601845]
[932,243,478323,478089]
[933,134,259383,260722]
[934,83,349682,349591]
[935,27,389659,388344]
[936,106,319742,320399]
[937,211,490214,489713]
[938,30,570208,571751]
[939,43,312359,312338]
[940,188,280692,280746]
[941,8,227277,228611]
[942,140,187933,188670]
[943,110,353047,354086]
[944,208,320196,320569]
[945,234,661336,662118]
[946,125,405232,403825]
[947,145,193500,192313]
[948,39,197926,197113]
[949,232,502870,504320]
[950,96,351453,351632]
[951,129,655769,654582]
[952,269,537554,536673]
[953,211,61896,60727]
[954,122,339333,339808]
[955,158,410066,411574]
[956,35,160638,159930]
[957,209,233033,231277]
[958,51,380077,379414]
[959,153,456289,454666]
[960,240,302635,304465]
[961,128,337767,338241]
[962,127,382019,381704]
[963,82,99017,99434]
[964,150,175861,176026]
[965,148,162963,163721]
[966,6,40764,40848]
[967,190,218343,219166]
[968,173,361480,360221]
[969,191,575135,573508]
[970,23,104367,103171]
[971,6,156881,158194]
[972,262,632063,633377]
[973,67,119939,118005]
[974,275,359053,358349]
[975,12,349134,350821]
[976,64,382101,383169]
[977,221,510009,509898]
[978,15,510796,509570]
[979,73,565886,565653]
[980,185,222423,220510]
[981,139,497385,495980]
[982,38,243585,245005]
[983,178,249899,251045]
[984,159,429009,428083]
[985,82,172081,173976]
[986,270,74124,74779]
[987,48,142922,144556]
[988,188,330856,330866]
[989,204,451473,452791]
[990,147,597018,595409]
[991,185,247488,247302]
[992,252,431513,431657]
[993,41,345280,345004]
[994,113,121360,120757]
[995,7,533439,533130]
[996,107,251087,250053]
[997,18,232888,233928]
[998,195,535530,534398]
[999,174,491996,492641]
[1000,106,446777,447444]
