["head":"wrap","lpos","status"]
[81,610141,1]
["io count"]
[500]
["io":"id","wrap","startLpos","endLpos"]
[1,0,461409,462705]
[2,0,726994,728307]
[3,1,489647,489357]
[4,1,3208,2085]
[5,1,878,0]
[6,2,444284,445739]
[7,2,668022,669443]
[8,2,726994,728382]
[9,3,260374,258519]
[10,3,14553,13252]
[11,3,1653,0]
[12,4,272452,272657]
[13,4,476123,477251]
[14,4,726994,728936]
[15,5,430412,429516]
[16,5,212870,212193]
[17,5,1277,0]
[18,6,260980,261876]
[19,6,636221,637079]
[20,6,726994,728410]
[21,7,238774,238109]
[22,7,1343,0]
[23,8,200019,202010]
[24,8,597738,599278]
[25,8,726994,728476]
[26,9,396987,395997]
[27,9,1638,0]
[28,10,458770,459349]
[29,10,726994,727023]
[30,11,504211,503511]
[31,11,154636,152717]
[32,11,1325,0]
[33,12,306653,306666]
[34,12,636076,636638]
[35,12,726994,727794]
[36,13,355911,354667]
[37,13,54418,54401]
[38,13,221,0]
[39,14,230302,230934]
[40,14,603486,605358]
[41,14,726994,728516]
[42,15,480409,479771]
[43,15,429,0]
[44,16,484652,485654]
[45,16,726994,727574]
[46,17,459060,457735]
[47,17,84340,84309]
[48,17,209,0]
[49,18,454073,454646]
[50,18,726994,728235]
[51,19,371364,369387]
[52,19,1238,0]
[53,20,346303,346887]
[54,20,640068,640388]
[55,20,726994,728125]
[56,21,514562,514143]
[57,21,93105,91795]
[58,21,1121,0]
[59,22,354203,355201]
[60,22,637766,639105]
[61,22,726994,728815]
[62,23,363926,362657]
[63,23,1016,0]
[64,24,301900,302087]
[65,24,625651,627482]
[66,24,726994,728811]
[67,25,372945,371514]
[68,25,1848,0]
[69,26,246360,246750]
[70,26,566535,566598]
[71,26,726994,727066]
[72,27,250755,250490]
[73,27,1053,0]
[74,28,211868,212369]
[75,28,679441,680708]
[76,28,726994,728979]
[77,29,496971,496793]
[78,29,216159,214860]
[79,29,194,0]
[80,30,344144,344896]
[81,30,645511,646403]
[82,30,726994,727518]
[83,31,404652,402662]
[84,31,1477,0]
[85,32,442627,443471]
[86,32,726994,728467]
[87,33,454343,452447]
[88,33,155,0]
[89,34,203837,204432]
[90,34,471083,472329]
[91,34,726994,728488]
[92,35,396375,395607]
[93,35,140555,140040]
[94,35,863,0]
[95,36,401273,402228]
[96,36,726994,727693]
[97,37,307755,307075]
[98,37,738,0]
[99,38,320544,321443]
[100,38,573043,574113]
[101,38,726994,728148]
[102,39,472284,471312]
[103,39,84843,83156]
[104,39,207,0]
[105,40,241226,243051]
[106,40,592804,593759]
[107,40,726994,727187]
[108,41,341553,341543]
[109,41,57864,57258]
[110,41,739,0]
[111,42,494072,494828]
[112,42,726994,728492]
[113,43,296113,294850]
[114,43,72083,70985]
[115,43,1327,0]
[116,44,464777,465237]
[117,44,726994,727566]
[118,45,247086,245511]
[119,45,615,0]
[120,46,306246,307765]
[121,46,516336,517157]
[122,46,726994,727455]
[123,47,276746,276459]
[124,47,1689,0]
[125,48,372225,373549]
[126,48,584375,585970]
[127,48,726994,727382]
[128,49,233461,233105]
[129,49,333,0]
[130,50,430661,431948]
[131,50,726994,728421]
[132,51,431190,429703]
[133,51,223720,223109]
[134,51,1466,0]
[135,52,450690,450737]
[136,52,726994,727431]
[137,53,353485,353064]
[138,53,94690,94450]
[139,53,793,0]
[140,54,384981,386360]
[141,54,726994,727973]
[142,55,251732,250183]
[143,55,1230,0]
[144,56,251501,252096]
[145,56,562226,563225]
[146,56,726994,727903]
[147,57,415943,414888]
[148,57,18661,17090]
[149,57,485,0]
[150,58,430265,430287]
[151,58,726994,728436]
[152,59,479424,477766]
[153,59,221525,221042]
[154,59,1730,0]
[155,60,445747,447094]
[156,60,726994,727154]
[157,61,290312,288635]
[158,61,1735,0]
[159,62,237704,238220]
[160,62,446951,446961]
[161,62,684397,685772]
[162,62,726994,727289]
[163,63,393675,391825]
[164,63,31517,31179]
[165,63,1762,0]
[166,64,364208,366105]
[167,64,726994,728121]
[168,65,490959,490424]
[169,65,107890,107753]
[170,65,1920,0]
[171,66,451787,453702]
[172,66,726994,728462]
[173,67,520737,518916]
[174,67,98040,96543]
[175,67,63,0]
[176,68,398370,399191]
[177,68,726994,727400]
[178,69,410350,408880]
[179,69,110117,109373]
[180,69,1243,0]
[181,70,432995,434487]
[182,70,703038,703225]
[183,70,726994,727896]
[184,71,509418,507442]
[185,71,43710,43441]
[186,71,249,0]
[187,72,488051,488539]
[188,72,726994,728940]
[189,73,276316,275979]
[190,73,65610,64606]
[191,73,308,0]
[192,74,228699,228763]
[193,74,725951,727603]
[194,75,403771,403369]
[195,75,1414,0]
[196,76,418853,419260]
[197,76,726994,728876]
[198,77,327382,327081]
[199,77,80138,79242]
[200,77,154,0]
[201,78,435954,436170]
[202,78,726994,727711]
[203,79,257525,255549]
[204,79,65,0]
[205,80,227721,228501]
[206,80,491773,492922]
[207,80,726994,727818]
[208,81,304597,303994]
[209,81,1893,0]
[210,82,308880,308947]
[211,82,651469,651564]
[212,82,726994,727426]
[213,83,438497,437176]
[214,83,67727,67304]
[215,83,701,0]
[216,84,235497,237068]
[217,84,559275,560186]
[218,84,726994,727993]
[219,85,476112,475852]
[220,85,58377,58109]
[221,85,1660,0]
[222,86,233760,234084]
[223,86,447175,449095]
[224,86,726994,727164]
[225,87,432147,431069]
[226,87,231132,229798]
[227,87,930,0]
[228,88,330137,331449]
[229,88,726994,728629]
[230,89,426647,424821]
[231,89,27049,25582]
[232,89,204,0]
[233,90,278704,279247]
[234,90,515411,517206]
[235,90,726994,727615]
[236,91,519012,517336]
[237,91,79009,77713]
[238,91,1445,0]
[239,92,246379,246658]
[240,92,701511,703052]
[241,92,726994,728859]
[242,93,510443,509717]
[243,93,56091,54117]
[244,93,1186,0]
[245,94,237523,238673]
[246,94,561665,562692]
[247,94,726994,728103]
[248,95,528278,528217]
[249,95,158741,158362]
[250,95,1369,0]
[251,96,350290,350619]
[252,96,726994,727033]
[253,97,305226,305181]
[254,97,249,0]
[255,98,265658,266219]
[256,98,474873,476349]
[257,98,726994,728929]
[258,99,294662,293171]
[259,99,788,0]
[260,100,239708,241631]
[261,100,711977,713647]
[262,100,726994,727249]
[263,101,519651,519172]
[264,101,21904,21339]
[265,101,402,0]
[266,102,430452,431552]
[267,102,726994,727235]
[268,103,312334,310636]
[269,103,898,0]
[270,104,248432,249304]
[271,104,583324,584564]
[272,104,726994,728109]
[273,105,421482,419883]
[274,105,106015,104449]
[275,105,301,0]
[276,106,245281,246382]
[277,106,595345,596290]
[278,106,726994,728757]
[279,107,491883,490369]
[280,107,238313,236989]
[281,107,1132,0]
[282,108,380034,381878]
[283,108,726994,728709]
[284,109,459468,457938]
[285,109,123400,122955]
[286,109,629,0]
[287,110,383895,384901]
[288,110,608994,609727]
[289,110,726994,727114]
[290,111,253912,252118]
[291,111,1008,0]
[292,112,455420,455562]
[293,112,726994,727396]
[294,113,440542,439055]
[295,113,165854,165146]
[296,113,1156,0]
[297,114,382873,383812]
[298,114,617129,618078]
[299,114,726994,727849]
[300,115,349459,349270]
[301,115,116577,116403]
[302,115,447,0]
[303,116,455909,457213]
[304,116,726994,727119]
[305,117,463463,463098]
[306,117,1958,0]
[307,118,472506,473732]
[308,118,726994,728304]
[309,119,436111,434390]
[310,119,740,0]
[311,120,255134,255769]
[312,120,519234,520439]
[313,120,726994,727930]
[314,121,372911,372209]
[315,121,163219,162484]
[316,121,1734,0]
[317,122,257963,259294]
[318,122,726994,727087]
[319,123,244987,244520]
[320,123,1804,0]
[321,124,485610,487498]
[322,124,726994,728469]
[323,125,482786,480840]
[324,125,274440,273798]
[325,125,65200,63886]
[326,125,654,0]
[327,126,462268,464066]
[328,126,726994,727599]
[329,127,387373,385417]
[330,127,1005,0]
[331,128,270256,271051]
[332,128,713338,713468]
[333,128,726994,728446]
[334,129,466701,466250]
[335,129,607,0]
[336,130,396082,397899]
[337,130,726994,727403]
[338,131,421600,419767]
[339,131,184419,183291]
[340,131,482,0]
[341,132,218648,219573]
[342,132,450830,450945]
[343,132,726994,728682]
[344,133,453729,451867]
[345,133,204158,202989]
[346,133,775,0]
[347,134,273334,274930]
[348,134,538299,539152]
[349,134,726994,727863]
[350,135,479608,479193]
[351,135,205046,204389]
[352,135,1109,0]
[353,136,243775,244017]
[354,136,553347,554302]
[355,136,726994,727097]
[356,137,505595,503687]
[357,137,36040,34430]
[358,137,1901,0]
[359,138,492149,492662]
[360,138,726994,728560]
[361,139,475074,474167]
[362,139,144654,142994]
[363,139,48,0]
[364,140,425059,425770]
[365,140,726994,727106]
[366,141,502523,501868]
[367,141,132886,132357]
[368,141,873,0]
[369,142,268708,269548]
[370,142,492049,492059]
[371,142,726994,728350]
[372,143,325002,323237]
[373,143,99834,99358]
[374,143,1396,0]
[375,144,270281,272260]
[376,144,643717,645714]
[377,144,726994,727517]
[378,145,255456,253529]
[379,145,850,0]
[380,146,314825,316569]
[381,146,657465,658159]
[382,146,726994,728501]
[383,147,522072,520867]
[384,147,27346,26410]
[385,147,463,0]
[386,148,255496,256804]
[387,148,631569,632765]
[388,148,726994,727419]
[389,149,493647,492085]
[390,149,5914,4204]
[391,149,343,0]
[392,150,456456,456925]
[393,150,677426,679148]
[394,150,726994,727385]
[395,151,368668,367488]
[396,151,1834,0]
[397,152,246825,248223]
[398,152,469382,469443]
[399,152,684491,685551]
[400,152,726994,727232]
[401,153,449325,448903]
[402,153,237694,237278]
[403,153,355,0]
[404,154,276123,277373]
[405,154,554901,555065]
[406,154,726994,727329]
[407,155,388512,387264]
[408,155,147806,147119]
[409,155,614,0]
[410,156,309023,309121]
[411,156,622413,623197]
[412,156,726994,728303]
[413,157,404224,402266]
[414,157,110048,108059]
[415,157,245,0]
[416,158,323639,324412]
[417,158,696683,697981]
[418,158,726994,728788]
[419,159,441296,440098]
[420,159,15947,15087]
[421,159,1504,0]
[422,160,378331,379872]
[423,160,652295,653976]
[424,160,726994,728572]
[425,161,351255,350971]
[426,161,5743,4530]
[427,161,1765,0]
[428,162,381543,381577]
[429,162,726994,728621]
[430,163,230485,229660]
[431,163,624,0]
[432,164,244328,244377]
[433,164,449988,451229]
[434,164,726994,727973]
[435,165,304464,302812]
[436,165,1757,0]
[437,166,362842,364508]
[438,166,726994,727894]
[439,167,250130,249334]
[440,167,281,0]
[441,168,228645,229995]
[442,168,649756,651336]
[443,168,726994,728584]
[444,169,385389,384081]
[445,169,1570,0]
[446,170,239633,239820]
[447,170,703552,703633]
[448,170,726994,728214]
[449,171,440605,438624]
[450,171,1631,0]
[451,172,445602,446034]
[452,172,674041,675878]
[453,172,726994,728518]
[454,173,296828,296363]
[455,173,1416,0]
[456,174,269100,270908]
[457,174,480115,481793]
[458,174,708966,710147]
[459,174,726994,727188]
[460,175,293825,292520]
[461,175,2512,2502]
[462,175,818,0]
[463,176,377279,378986]
[464,176,701522,703121]
[465,176,726994,728792]
[466,177,303417,301706]
[467,177,61123,59415]
[468,177,1816,0]
[469,178,489047,489658]
[470,178,726994,727498]
[471,179,375053,374956]
[472,179,1961,0]
[473,180,427898,428335]
[474,180,726994,727033]
[475,181,357042,355420]
[476,181,359,0]
[477,182,229253,229480]
[478,182,668148,669851]
[479,182,726994,728573]
[480,183,360714,360154]
[481,183,22781,21094]
[482,183,363,0]
[483,184,271722,272120]
[484,184,483749,484960]
[485,184,726994,727822]
[486,185,249154,248988]
[487,185,1372,0]
[488,186,392627,393485]
[489,186,592976,594675]
[490,186,726994,728560]
[491,187,267971,267455]
[492,187,57,0]
[493,188,202748,203133]
[494,188,426636,426859]
[495,188,726994,728650]
[496,189,323910,323375]
[497,189,1934,0]
[498,190,247496,249212]
[499,190,469484,469835]
[500,190,715026,715923]
