["head":"wrap","lpos","status"]
[52,175881,1]
["io count"]
[500]
["io":"id","wrap","startLpos","endLpos"]
[1,0,92282,92988]
[2,0,171347,172270]
[3,0,219274,219899]
[4,0,316729,317233]
[5,0,369039,370853]
[6,0,457896,458466]
[7,0,502643,503787]
[8,0,566244,567748]
[9,0,660339,662338]
[10,0,709392,710609]
[11,0,726994,727570]
[12,1,676239,674504]
[13,1,635008,633770]
[14,1,575445,574210]
[15,1,515920,514315]
[16,1,472041,470851]
[17,1,390707,389087]
[18,1,338777,336891]
[19,1,262537,261843]
[20,1,210051,209461]
[21,1,112192,111284]
[22,1,39980,38358]
[23,1,656,0]
[24,2,79544,81260]
[25,2,174000,174427]
[26,2,240599,241194]
[27,2,336171,336752]
[28,2,427925,428100]
[29,2,481720,482487]
[30,2,526816,527734]
[31,2,596975,597659]
[32,2,691921,693746]
[33,2,726994,728835]
[34,3,664419,663110]
[35,3,577253,576923]
[36,3,502067,502057]
[37,3,443884,442004]
[38,3,366099,364625]
[39,3,320429,318565]
[40,3,244159,243928]
[41,3,148846,147803]
[42,3,98399,97959]
[43,3,3544,1577]
[44,4,96931,97212]
[45,4,147317,148992]
[46,4,201569,203493]
[47,4,276254,277726]
[48,4,335569,337216]
[49,4,426384,428195]
[50,4,518088,518606]
[51,4,590010,590247]
[52,4,674955,675674]
[53,4,726994,727486]
[54,5,671487,670241]
[55,5,576471,576036]
[56,5,533985,533066]
[57,5,450437,448596]
[58,5,371871,370855]
[59,5,301109,300014]
[60,5,244263,243302]
[61,5,200797,200511]
[62,5,127375,127244]
[63,5,38827,38041]
[64,5,480,0]
[65,6,64750,66190]
[66,6,108336,109452]
[67,6,179832,180319]
[68,6,258368,260040]
[69,6,307640,308582]
[70,6,371675,372026]
[71,6,413050,414954]
[72,6,508751,510737]
[73,6,601558,602702]
[74,6,643931,645802]
[75,6,726994,727613]
[76,7,652153,651334]
[77,7,606689,604894]
[78,7,548951,548508]
[79,7,500518,499699]
[80,7,432476,430870]
[81,7,371910,370597]
[82,7,330074,329018]
[83,7,264429,263752]
[84,7,169523,167718]
[85,7,79494,79192]
[86,7,1112,0]
[87,8,55309,56034]
[88,8,151329,151825]
[89,8,192096,192576]
[90,8,245545,245717]
[91,8,344648,346105]
[92,8,411325,412444]
[93,8,462438,462741]
[94,8,512287,512530]
[95,8,592542,594493]
[96,8,675693,675788]
[97,8,726994,728706]
[98,9,650124,649686]
[99,9,587345,585577]
[100,9,536084,535078]
[101,9,487613,486471]
[102,9,436607,434935]
[103,9,358296,357304]
[104,9,284650,284364]
[105,9,238014,236119]
[106,9,167767,165803]
[107,9,75852,74395]
[108,9,1690,0]
[109,10,56857,57616]
[110,10,140932,141208]
[111,10,239747,241396]
[112,10,335627,335700]
[113,10,422456,424141]
[114,10,467229,467555]
[115,10,521274,523152]
[116,10,614230,614569]
[117,10,695809,697600]
[118,10,726994,727949]
[119,11,655561,654726]
[120,11,594100,593477]
[121,11,552586,551459]
[122,11,509380,508736]
[123,11,418323,418229]
[124,11,360188,358758]
[125,11,285201,284313]
[126,11,241928,241883]
[127,11,144046,142520]
[128,11,44294,43342]
[129,11,836,0]
[130,12,86132,87778]
[131,12,177635,179593]
[132,12,237493,237823]
[133,12,278811,280481]
[134,12,369596,370899]
[135,12,459734,460350]
[136,12,557362,558927]
[137,12,632548,634167]
[138,12,684270,684695]
[139,12,726994,728601]
[140,13,652376,651998]
[141,13,563018,561964]
[142,13,467457,466201]
[143,13,404113,403662]
[144,13,354453,353362]
[145,13,293152,291217]
[146,13,195464,194782]
[147,13,133391,131961]
[148,13,54127,52401]
[149,13,1637,0]
[150,14,86053,86671]
[151,14,177768,178469]
[152,14,228013,228778]
[153,14,279357,280619]
[154,14,362439,363235]
[155,14,451589,452136]
[156,14,528411,528913]
[157,14,616483,617676]
[158,14,707857,708282]
[159,14,726994,728448]
[160,15,687526,687145]
[161,15,639727,639656]
[162,15,593146,591381]
[163,15,524658,523947]
[164,15,453559,451818]
[165,15,369495,368427]
[166,15,297264,295585]
[167,15,207288,205982]
[168,15,158955,158268]
[169,15,82191,81734]
[170,15,10216,8950]
[171,15,1417,0]
[172,16,90987,92498]
[173,16,133002,133524]
[174,16,217477,219346]
[175,16,271835,272437]
[176,16,351509,352318]
[177,16,442964,443867]
[178,16,506987,507371]
[179,16,566888,567775]
[180,16,624399,624939]
[181,16,710998,712000]
[182,16,726994,728583]
[183,17,689413,687756]
[184,17,643711,643446]
[185,17,551382,550645]
[186,17,506298,506093]
[187,17,409250,408483]
[188,17,312564,312282]
[189,17,222661,221679]
[190,17,179979,179405]
[191,17,139697,139033]
[192,17,94348,93294]
[193,17,339,0]
[194,18,60883,62258]
[195,18,126008,127155]
[196,18,220896,222303]
[197,18,304667,305722]
[198,18,399880,400686]
[199,18,480263,480709]
[200,18,529831,531343]
[201,18,617173,617245]
[202,18,704364,706227]
[203,18,726994,728369]
[204,19,635251,634305]
[205,19,540157,540073]
[206,19,494858,494529]
[207,19,443475,441719]
[208,19,369110,368123]
[209,19,283836,283123]
[210,19,208914,208271]
[211,19,148023,146495]
[212,19,79693,77977]
[213,19,584,0]
[214,20,58363,59900]
[215,20,132337,134318]
[216,20,179372,180693]
[217,20,226471,226565]
[218,20,291227,291975]
[219,20,343592,345196]
[220,20,394220,395297]
[221,20,477769,479091]
[222,20,557503,558123]
[223,20,604255,604386]
[224,20,646938,646951]
[225,20,726994,728989]
[226,21,671039,669409]
[227,21,630575,629155]
[228,21,563348,561946]
[229,21,496355,495919]
[230,21,404994,404776]
[231,21,345207,343941]
[232,21,264601,264093]
[233,21,199102,199020]
[234,21,144272,143279]
[235,21,97745,95938]
[236,21,42649,42483]
[237,21,1474,152]
[238,22,87925,89488]
[239,22,146521,148027]
[240,22,195796,195832]
[241,22,286823,287029]
[242,22,382616,384002]
[243,22,426471,428223]
[244,22,517591,518382]
[245,22,564299,565222]
[246,22,611803,611888]
[247,22,676631,677095]
[248,22,726994,728012]
[249,23,690024,688839]
[250,23,615288,614868]
[251,23,574731,574636]
[252,23,505086,504578]
[253,23,410197,409157]
[254,23,324972,324394]
[255,23,240800,239927]
[256,23,188184,186796]
[257,23,145161,144953]
[258,23,65112,64818]
[259,23,790,0]
[260,24,87231,87876]
[261,24,135172,136036]
[262,24,229626,230035]
[263,24,289858,291363]
[264,24,331822,332768]
[265,24,431389,432791]
[266,24,472277,473589]
[267,24,558368,559833]
[268,24,622236,622961]
[269,24,705908,707135]
[270,24,726994,728317]
[271,25,680069,679308]
[272,25,613764,612330]
[273,25,548377,547668]
[274,25,486711,485846]
[275,25,423336,422759]
[276,25,360280,358648]
[277,25,310542,309592]
[278,25,240972,239579]
[279,25,157314,156312]
[280,25,108722,108587]
[281,25,59725,57911]
[282,25,1097,0]
[283,26,76007,77002]
[284,26,158465,159671]
[285,26,212676,212703]
[286,26,279673,281542]
[287,26,369214,369808]
[288,26,445993,446229]
[289,26,491012,491527]
[290,26,534610,535995]
[291,26,629986,631219]
[292,26,726618,727997]
[293,27,648470,647380]
[294,27,590070,589392]
[295,27,536158,534610]
[296,27,440723,439968]
[297,27,363888,363393]
[298,27,316815,316542]
[299,27,271004,269022]
[300,27,194895,193077]
[301,27,147890,146504]
[302,27,83493,81725]
[303,27,527,0]
[304,28,79583,80186]
[305,28,132762,133107]
[306,28,232495,233006]
[307,28,326997,328902]
[308,28,383122,383213]
[309,28,442043,443557]
[310,28,531393,531434]
[311,28,582420,582677]
[312,28,635240,636203]
[313,28,692142,693530]
[314,28,726994,728457]
[315,29,688040,687049]
[316,29,631722,630113]
[317,29,578579,578521]
[318,29,485965,484386]
[319,29,387615,387491]
[320,29,326200,324405]
[321,29,228447,227283]
[322,29,132481,130625]
[323,29,82936,80995]
[324,29,39841,39587]
[325,29,886,0]
[326,30,98270,100111]
[327,30,190724,191733]
[328,30,274998,276379]
[329,30,343713,343828]
[330,30,431442,432434]
[331,30,485493,486692]
[332,30,574110,575963]
[333,30,623304,624064]
[334,30,675853,677579]
[335,30,726994,727803]
[336,31,651236,649778]
[337,31,578965,578376]
[338,31,517245,516531]
[339,31,471137,469236]
[340,31,390854,390751]
[341,31,348129,347022]
[342,31,300744,300586]
[343,31,213990,212571]
[344,31,157642,157146]
[345,31,108992,107371]
[346,31,10055,9293]
[347,31,457,0]
[348,32,52993,53024]
[349,32,124544,125237]
[350,32,174504,175438]
[351,32,229465,229643]
[352,32,306660,308517]
[353,32,355415,356205]
[354,32,417329,417800]
[355,32,483463,483574]
[356,32,528524,528552]
[357,32,622376,622689]
[358,32,675665,677138]
[359,32,726994,728403]
[360,33,647565,646785]
[361,33,596637,595820]
[362,33,530193,529585]
[363,33,446973,446340]
[364,33,363257,361328]
[365,33,301043,300357]
[366,33,256374,254932]
[367,33,182769,181030]
[368,33,123165,121890]
[369,33,68658,68149]
[370,33,25121,23481]
[371,33,1731,0]
[372,34,81152,82768]
[373,34,125927,127725]
[374,34,202142,203644]
[375,34,256198,256662]
[376,34,330885,332657]
[377,34,384121,384385]
[378,34,479214,480136]
[379,34,547524,547679]
[380,34,610489,611446]
[381,34,679017,680873]
[382,34,726994,727328]
[383,35,688535,687369]
[384,35,589475,588477]
[385,35,546240,545435]
[386,35,495965,494336]
[387,35,420147,419121]
[388,35,374052,372934]
[389,35,326654,325552]
[390,35,228763,227976]
[391,35,140575,138677]
[392,35,49305,47386]
[393,35,4587,3192]
[394,35,884,0]
[395,36,72301,74150]
[396,36,157515,157948]
[397,36,206880,207558]
[398,36,251391,252979]
[399,36,294412,294472]
[400,36,355709,356896]
[401,36,411727,413308]
[402,36,454052,454195]
[403,36,552017,553173]
[404,36,607241,608620]
[405,36,662996,664641]
[406,36,726994,728614]
[407,37,662151,660648]
[408,37,612880,612619]
[409,37,556472,555578]
[410,37,495433,493774]
[411,37,432666,431096]
[412,37,373359,372257]
[413,37,308905,306912]
[414,37,248807,248071]
[415,37,182268,181816]
[416,37,118238,117088]
[417,37,42845,42479]
[418,37,1830,0]
[419,38,57779,58048]
[420,38,142781,144601]
[421,38,204371,204988]
[422,38,280037,280556]
[423,38,334830,336570]
[424,38,412751,413115]
[425,38,488356,489759]
[426,38,557644,559585]
[427,38,636741,637538]
[428,38,713050,713484]
[429,38,726994,728875]
[430,39,630337,629127]
[431,39,536409,534788]
[432,39,487385,485923]
[433,39,446144,444791]
[434,39,389060,388283]
[435,39,304240,303046]
[436,39,205396,204045]
[437,39,132227,131477]
[438,39,43335,42286]
[439,39,1612,0]
[440,40,87867,89511]
[441,40,133596,134304]
[442,40,217818,219353]
[443,40,294714,295461]
[444,40,363697,364750]
[445,40,451268,451539]
[446,40,499194,500745]
[447,40,591978,592182]
[448,40,668859,669848]
[449,40,726933,728315]
[450,41,640683,639873]
[451,41,596184,594185]
[452,41,511422,510078]
[453,41,424454,423552]
[454,41,362630,362266]
[455,41,309194,308446]
[456,41,267438,266243]
[457,41,221986,220473]
[458,41,154552,153018]
[459,41,67151,65723]
[460,41,8795,7720]
[461,41,1155,0]
[462,42,75456,76347]
[463,42,140304,141085]
[464,42,221155,221440]
[465,42,306613,307050]
[466,42,355071,355203]
[467,42,413877,414912]
[468,42,511687,513173]
[469,42,567711,567807]
[470,42,638519,639550]
[471,42,724458,725005]
[472,42,726994,728977]
[473,43,654188,654058]
[474,43,580943,579343]
[475,43,480888,480633]
[476,43,436465,434783]
[477,43,348808,347004]
[478,43,307320,305724]
[479,43,233020,231956]
[480,43,164773,164144]
[481,43,108925,108519]
[482,43,55590,54175]
[483,43,12096,11770]
[484,43,1660,0]
[485,44,96002,97781]
[486,44,159351,160777]
[487,44,237877,239084]
[488,44,277946,279591]
[489,44,345393,346353]
[490,44,437701,438337]
[491,44,534437,535157]
[492,44,574986,575101]
[493,44,619763,621642]
[494,44,695606,697107]
[495,44,726994,727746]
[496,45,653759,653443]
[497,45,605929,603944]
[498,45,559686,559547]
[499,45,510593,510439]
[500,45,453165,452731]
