["head":"wrap","lpos","status"]
[118,301674,1]
["io count"]
[200]
["io":"id","wrap","startLpos","endLpos"]
[1,259,406105,405797]
[2,56,667472,668522]
[3,2,467698,468409]
[4,259,284869,284313]
[5,82,354284,355311]
[6,46,440539,441702]
[7,6,400617,401887]
[8,126,675181,676792]
[9,226,669752,671328]
[10,103,289781,287862]
[11,170,702213,703065]
[12,9,127443,126812]
[13,99,92754,92093]
[14,21,100178,98472]
[15,194,368625,369243]
[16,3,16137,15691]
[17,128,691065,691657]
[18,269,603379,602963]
[19,93,12355,10948]
[20,132,128446,128794]
[21,29,242788,242072]
[22,140,95496,96167]
[23,247,590350,590114]
[24,149,252337,251311]
[25,78,685333,685670]
[26,99,424402,424285]
[27,250,640664,642603]
[28,67,616122,615807]
[29,6,660026,660920]
[30,270,335250,336914]
[31,120,398284,400215]
[32,96,582178,583380]
[33,161,209001,208287]
[34,35,358034,357392]
[35,266,436748,436858]
[36,87,11416,11323]
[37,266,432644,434449]
[38,61,317879,316147]
[39,69,590266,588561]
[40,241,231544,229811]
[41,65,650921,650911]
[42,228,421255,422164]
[43,152,134142,134506]
[44,53,575412,574396]
[45,164,446167,446782]
[46,13,40634,39299]
[47,4,306319,307781]
[48,13,496597,495037]
[49,111,669759,669656]
[50,161,1515,293]
[51,242,712052,712312]
[52,220,274525,275697]
[53,71,710128,709883]
[54,23,441331,440835]
[55,44,604224,604422]
[56,58,418961,419543]
[57,116,457864,458478]
[58,97,208320,208183]
[59,195,429048,427798]
[60,195,548622,546762]
[61,20,625706,627507]
[62,10,550451,551632]
[63,221,510294,508880]
[64,252,630201,631069]
[65,1,235408,235232]
[66,73,490877,489001]
[67,130,328684,329645]
[68,100,278550,280531]
[69,67,301439,299479]
[70,6,292676,293342]
[71,148,231371,233086]
[72,36,453376,455339]
[73,157,315223,313648]
[74,46,709896,710327]
[75,117,495444,494113]
[76,191,145299,144756]
[77,76,311062,311180]
[78,2,250297,251090]
[79,61,581929,581474]
[80,8,641514,641736]
[81,261,659263,658896]
[82,218,483119,483834]
[83,144,196980,198374]
[84,4,183974,184586]
[85,83,624779,623216]
[86,151,386293,384701]
[87,240,584771,586318]
[88,51,417518,417341]
[89,23,534538,534457]
[90,12,378356,379153]
[91,124,561970,562359]
[92,5,414929,414694]
[93,18,339500,339830]
[94,227,249973,249818]
[95,178,49724,50827]
[96,216,275504,276010]
[97,197,58430,58047]
[98,66,716468,716884]
[99,12,132394,133234]
[100,78,591840,592183]
[101,242,637842,639277]
[102,20,501849,502404]
[103,184,415158,415816]
[104,52,117347,118709]
[105,146,340353,341691]
[106,253,253617,251628]
[107,133,165958,164053]
[108,237,433395,431938]
[109,234,227643,228778]
[110,38,667982,668694]
[111,151,663150,663119]
[112,130,187437,188939]
[113,61,82266,80839]
[114,123,142093,140668]
[115,134,364194,364661]
[116,93,532126,531135]
[117,2,151772,153141]
[118,141,180829,180815]
[119,188,620864,622384]
[120,15,304953,303151]
[121,44,449560,450371]
[122,169,170603,170341]
[123,89,74370,74333]
[124,249,377550,376057]
[125,221,348602,347833]
[126,60,111296,112436]
[127,56,453293,453303]
[128,190,396580,397733]
[129,43,478419,476862]
[130,142,105372,106212]
[131,276,547860,549356]
[132,40,161872,162864]
[133,13,380351,378604]
[134,251,572983,572476]
[135,200,16278,16632]
[136,86,236458,237543]
[137,110,636356,636852]
[138,22,615789,616401]
[139,98,392520,393414]
[140,0,631753,633736]
[141,174,692403,693727]
[142,56,602446,603371]
[143,175,624131,622645]
[144,90,71983,73087]
[145,13,475499,474797]
[146,202,512860,514813]
[147,212,444862,445309]
[148,113,583338,582915]
[149,197,25521,25202]
[150,163,563467,561500]
[151,271,533652,533426]
[152,85,190448,189318]
[153,87,187983,187402]
[154,63,461208,460945]
[155,188,251720,252343]
[156,218,580709,582060]
[157,143,326642,325238]
[158,172,570620,571595]
[159,12,722048,722904]
[160,124,218879,220192]
[161,271,106065,104250]
[162,100,657049,657401]
[163,155,395451,394794]
[164,115,712494,710580]
[165,270,464081,465292]
[166,56,724557,725568]
[167,277,399434,398082]
[168,184,383761,383821]
[169,226,98726,100349]
[170,128,259307,259553]
[171,248,19113,19156]
[172,149,118227,116927]
[173,161,545089,543565]
[174,256,22161,24042]
[175,87,267612,267208]
[176,203,628872,628646]
[177,225,505144,504958]
[178,134,503693,504544]
[179,136,137515,138165]
[180,235,322651,322146]
[181,155,425137,423967]
[182,75,722400,721524]
[183,136,148646,150633]
[184,77,180700,180596]
[185,63,192613,191122]
[186,181,547834,546871]
[187,257,334587,333132]
[188,56,41501,42748]
[189,246,370705,372643]
[190,130,154517,154828]
[191,202,582178,582738]
[192,84,216753,216859]
[193,136,20124,21139]
[194,57,433826,432609]
[195,24,615155,615175]
[196,46,277758,277985]
[197,140,546642,547223]
[198,220,372619,373991]
[199,253,394990,394351]
[200,61,699978,699422]
