["head":"wrap","lpos","status"]
[152,261307,1]
["io count"]
[2000]
["io":"id","wrap","startLpos","endLpos"]
[1,0,64450,65943]
[2,0,178602,178848]
[3,0,285414,286094]
[4,0,376698,376859]
[5,0,494780,495834]
[6,0,583095,583867]
[7,0,675986,676542]
[8,0,726994,727488]
[9,1,639129,638423]
[10,1,521156,521094]
[11,1,401578,399764]
[12,1,284330,284274]
[13,1,208262,206705]
[14,1,127163,126436]
[15,1,76322,76249]
[16,1,17987,17477]
[17,1,495,0]
[18,2,82904,83717]
[19,2,177390,178690]
[20,2,268424,269156]
[21,2,368848,369518]
[22,2,473874,474226]
[23,2,576522,576723]
[24,2,675882,675968]
[25,2,726994,727859]
[26,3,673472,672320]
[27,3,599580,597771]
[28,3,533785,532828]
[29,3,433702,433113]
[30,3,372483,372459]
[31,3,266662,265761]
[32,3,212825,212390]
[33,3,116620,116350]
[34,3,37975,36393]
[35,3,596,0]
[36,4,124659,126335]
[37,4,234094,234448]
[38,4,347853,349357]
[39,4,471837,472360]
[40,4,540443,541856]
[41,4,629889,631455]
[42,4,703523,703860]
[43,4,726994,728815]
[44,5,614227,612752]
[45,5,514062,512997]
[46,5,458370,456476]
[47,5,356407,354422]
[48,5,286994,285434]
[49,5,190842,189782]
[50,5,136212,134574]
[51,5,51243,50599]
[52,5,1730,0]
[53,6,57914,59904]
[54,6,117106,117952]
[55,6,209463,211279]
[56,6,316784,317992]
[57,6,400321,402319]
[58,6,490576,492553]
[59,6,560898,561063]
[60,6,677297,678236]
[61,6,726994,727004]
[62,7,607973,606907]
[63,7,494926,493552]
[64,7,377635,377011]
[65,7,321154,320506]
[66,7,231917,231595]
[67,7,181527,180875]
[68,7,111006,109651]
[69,7,33563,31737]
[70,7,1175,0]
[71,8,73728,74848]
[72,8,147789,149533]
[73,8,227929,229442]
[74,8,318496,319437]
[75,8,419181,420401]
[76,8,515055,515985]
[77,8,568372,569559]
[78,8,645370,646927]
[79,8,726994,727836]
[80,9,678546,678299]
[81,9,568510,566963]
[82,9,514386,512899]
[83,9,392104,390127]
[84,9,338681,336791]
[85,9,267258,266925]
[86,9,145133,143340]
[87,9,44979,43881]
[88,9,683,0]
[89,10,55424,55546]
[90,10,106077,107340]
[91,10,193986,195960]
[92,10,284942,285418]
[93,10,353203,353532]
[94,10,435724,437425]
[95,10,551099,552199]
[96,10,665838,667168]
[97,10,726994,727017]
[98,11,671406,671302]
[99,11,611086,610049]
[100,11,551030,550828]
[101,11,474397,473117]
[102,11,390981,390824]
[103,11,297573,297275]
[104,11,244747,243954]
[105,11,138432,136982]
[106,11,78822,76952]
[107,11,1723,0]
[108,12,87127,87764]
[109,12,147123,148551]
[110,12,262299,262864]
[111,12,329453,330338]
[112,12,384228,385555]
[113,12,482153,482557]
[114,12,559876,561090]
[115,12,634707,636276]
[116,12,726994,727731]
[117,13,665925,664565]
[118,13,540706,540039]
[119,13,448159,446387]
[120,13,349534,348052]
[121,13,289055,288773]
[122,13,178788,177041]
[123,13,86204,84246]
[124,13,34594,33630]
[125,13,1448,0]
[126,14,68362,69772]
[127,14,151998,152292]
[128,14,240447,242270]
[129,14,320520,322035]
[130,14,420987,422670]
[131,14,471168,471545]
[132,14,580758,581553]
[133,14,674034,675874]
[134,14,726994,727670]
[135,15,674281,672341]
[136,15,593630,592340]
[137,15,480532,479986]
[138,15,400172,398509]
[139,15,276500,276221]
[140,15,207216,206890]
[141,15,117068,116488]
[142,15,47024,45860]
[143,15,10,0]
[144,16,65661,66646]
[145,16,142438,142817]
[146,16,223040,224615]
[147,16,311133,311207]
[148,16,394440,396179]
[149,16,488787,489382]
[150,16,594543,594742]
[151,16,680236,681809]
[152,16,726994,727871]
[153,17,623367,623069]
[154,17,557213,555681]
[155,17,472318,472125]
[156,17,412001,410255]
[157,17,314962,313668]
[158,17,193847,193008]
[159,17,119294,117373]
[160,17,67981,67172]
[161,17,522,0]
[162,18,59038,59337]
[163,18,139601,141557]
[164,18,195851,196565]
[165,18,314932,316259]
[166,18,436744,438640]
[167,18,536583,536939]
[168,18,611447,611672]
[169,18,669310,671221]
[170,18,720219,720855]
[171,18,726994,727898]
[172,19,661781,660937]
[173,19,584708,582908]
[174,19,508882,507972]
[175,19,450653,450472]
[176,19,397050,396519]
[177,19,298801,297964]
[178,19,206714,206107]
[179,19,116718,116096]
[180,19,54169,52737]
[181,19,806,0]
[182,20,117598,117794]
[183,20,173471,174133]
[184,20,265692,266796]
[185,20,369023,369103]
[186,20,486842,488049]
[187,20,561097,562299]
[188,20,676247,677621]
[189,20,726994,727041]
[190,21,625296,623820]
[191,21,551139,550603]
[192,21,434202,433281]
[193,21,331917,331790]
[194,21,218808,218316]
[195,21,166700,165064]
[196,21,91933,90127]
[197,21,19821,19080]
[198,21,1992,0]
[199,22,55373,55404]
[200,22,126197,127201]
[201,22,194949,195929]
[202,22,254736,255671]
[203,22,344653,344853]
[204,22,460816,461597]
[205,22,542479,542676]
[206,22,644637,645018]
[207,22,726994,728658]
[208,23,659249,657862]
[209,23,547117,545776]
[210,23,432956,432669]
[211,23,331815,330996]
[212,23,249322,249175]
[213,23,135591,134756]
[214,23,27597,25764]
[215,23,1604,0]
[216,24,119341,120256]
[217,24,201547,202588]
[218,24,263483,264641]
[219,24,319857,320146]
[220,24,442675,444115]
[221,24,512971,513605]
[222,24,604161,605338]
[223,24,658863,659224]
[224,24,726994,727755]
[225,25,631777,630107]
[226,25,569461,569112]
[227,25,464392,463825]
[228,25,341269,340506]
[229,25,232795,232453]
[230,25,174503,173552]
[231,25,104460,104341]
[232,25,37869,36195]
[233,25,238,0]
[234,26,88085,88405]
[235,26,195983,196438]
[236,26,273818,274254]
[237,26,343509,344562]
[238,26,466340,466812]
[239,26,569900,571723]
[240,26,639855,640249]
[241,26,726994,728105]
[242,27,656305,655311]
[243,27,574144,573250]
[244,27,512555,510609]
[245,27,430082,428902]
[246,27,354041,353543]
[247,27,293525,292664]
[248,27,232369,231796]
[249,27,139049,139039]
[250,27,48072,46570]
[251,27,13,0]
[252,28,61386,62029]
[253,28,181263,181943]
[254,28,286249,286975]
[255,28,376217,377973]
[256,28,469456,470158]
[257,28,552976,554052]
[258,28,655559,656235]
[259,28,724043,725860]
[260,28,726994,728764]
[261,29,644262,642635]
[262,29,574460,572524]
[263,29,464230,462786]
[264,29,348829,348612]
[265,29,248907,248299]
[266,29,135460,135208]
[267,29,75114,74461]
[268,29,14,0]
[269,30,82161,83237]
[270,30,187941,188769]
[271,30,254005,254413]
[272,30,316632,316819]
[273,30,409075,409250]
[274,30,488601,490255]
[275,30,544354,544487]
[276,30,653926,655281]
[277,30,726994,727498]
[278,31,674940,673594]
[279,31,564173,563893]
[280,31,497026,496513]
[281,31,390658,389458]
[282,31,320903,320610]
[283,31,266504,265348]
[284,31,147649,145769]
[285,31,22687,21316]
[286,31,1264,0]
[287,32,69688,70622]
[288,32,163757,164204]
[289,32,278654,280594]
[290,32,333368,334119]
[291,32,403432,404001]
[292,32,500659,502578]
[293,32,553357,554397]
[294,32,606647,607013]
[295,32,726917,727054]
[296,33,653213,652595]
[297,33,552354,551564]
[298,33,481341,479679]
[299,33,401169,399475]
[300,33,295433,293462]
[301,33,171221,170798]
[302,33,98838,98605]
[303,33,8018,7520]
[304,33,77,0]
[305,34,95854,96572]
[306,34,146920,148773]
[307,34,232453,233035]
[308,34,330274,330338]
[309,34,448262,448395]
[310,34,514031,515126]
[311,34,630938,632202]
[312,34,725832,726610]
[313,34,726994,727597]
[314,35,656220,654723]
[315,35,588235,587734]
[316,35,536614,534747]
[317,35,411360,410929]
[318,35,315230,313929]
[319,35,201552,199744]
[320,35,92506,91323]
[321,35,1870,0]
[322,36,122693,124420]
[323,36,190249,190472]
[324,36,281457,281693]
[325,36,344644,346508]
[326,36,438467,438690]
[327,36,492228,493434]
[328,36,571937,572944]
[329,36,643207,643445]
[330,36,726994,728246]
[331,37,608535,607205]
[332,37,529308,528647]
[333,37,478995,477510]
[334,37,426377,424549]
[335,37,345799,345061]
[336,37,276361,275806]
[337,37,206926,206893]
[338,37,97097,95425]
[339,37,619,0]
[340,38,63618,64136]
[341,38,129837,130956]
[342,38,182602,182838]
[343,38,298915,300563]
[344,38,375859,377581]
[345,38,492825,492910]
[346,38,548757,548906]
[347,38,643307,644897]
[348,38,723329,724197]
[349,38,726994,728444]
[350,39,652575,650825]
[351,39,551500,551449]
[352,39,461839,460166]
[353,39,355793,353964]
[354,39,298465,297839]
[355,39,232851,230942]
[356,39,111485,111439]
[357,39,12330,11128]
[358,39,1468,0]
[359,40,70666,71719]
[360,40,133705,135145]
[361,40,235461,236533]
[362,40,349514,350249]
[363,40,473148,473249]
[364,40,526555,527113]
[365,40,578120,579035]
[366,40,687242,688433]
[367,40,726994,728459]
[368,41,648498,647550]
[369,41,533655,532439]
[370,41,464512,464075]
[371,41,383249,381431]
[372,41,276202,275867]
[373,41,157800,156775]
[374,41,74974,73508]
[375,41,58,0]
[376,42,101904,103014]
[377,42,223366,225333]
[378,42,316084,316094]
[379,42,385271,387249]
[380,42,455990,457408]
[381,42,525584,527334]
[382,42,581553,581935]
[383,42,636532,637623]
[384,42,724568,726499]
[385,42,726994,728354]
[386,43,655273,653921]
[387,43,541958,539981]
[388,43,465212,464650]
[389,43,356700,355528]
[390,43,266103,265073]
[391,43,153301,152947]
[392,43,71337,71092]
[393,43,117,0]
[394,44,114743,115198]
[395,44,175444,176599]
[396,44,259460,260492]
[397,44,325420,327419]
[398,44,380525,381145]
[399,44,465251,465583]
[400,44,553315,554530]
[401,44,605258,606315]
[402,44,659289,659439]
[403,44,726994,728544]
[404,45,633174,633092]
[405,45,538791,536823]
[406,45,453742,451782]
[407,45,377507,376315]
[408,45,287388,285452]
[409,45,200789,200477]
[410,45,86546,85023]
[411,45,11902,10196]
[412,45,414,0]
[413,46,50912,51169]
[414,46,165866,167015]
[415,46,245552,245898]
[416,46,304028,305645]
[417,46,424809,425310]
[418,46,485252,485575]
[419,46,555986,556518]
[420,46,653906,655580]
[421,46,726994,728700]
[422,47,669862,668976]
[423,47,546484,544565]
[424,47,451552,449729]
[425,47,361548,360206]
[426,47,303336,301910]
[427,47,250948,249740]
[428,47,181852,180159]
[429,47,103427,103381]
[430,47,1540,0]
[431,48,106091,106999]
[432,48,206415,207519]
[433,48,270868,270911]
[434,48,377786,378596]
[435,48,450584,451770]
[436,48,530320,530331]
[437,48,652090,653213]
[438,48,726994,727725]
[439,49,660552,660253]
[440,49,540729,538942]
[441,49,424072,423818]
[442,49,320262,320252]
[443,49,263470,263268]
[444,49,199757,199246]
[445,49,96606,95452]
[446,49,19367,18819]
[447,49,480,0]
[448,50,99659,99669]
[449,50,156574,157445]
[450,50,279062,280074]
[451,50,396920,398602]
[452,50,508453,509382]
[453,50,558581,560480]
[454,50,650518,652471]
[455,50,726994,727747]
[456,51,655556,653963]
[457,51,572512,571133]
[458,51,478257,476296]
[459,51,422161,420523]
[460,51,366655,364878]
[461,51,277355,275502]
[462,51,225638,224740]
[463,51,145464,144583]
[464,51,73282,71386]
[465,51,60,0]
[466,52,77280,77700]
[467,52,182238,182498]
[468,52,278191,279374]
[469,52,368474,369625]
[470,52,419730,420289]
[471,52,491729,492700]
[472,52,581792,583549]
[473,52,675539,676104]
[474,52,726994,728519]
[475,53,648792,648172]
[476,53,546548,544829]
[477,53,450918,450845]
[478,53,401258,400158]
[479,53,323684,321957]
[480,53,236629,235333]
[481,53,168163,167698]
[482,53,104995,103234]
[483,53,30344,30118]
[484,53,716,0]
[485,54,56642,56708]
[486,54,158816,160147]
[487,54,242603,243264]
[488,54,363508,365305]
[489,54,471313,472957]
[490,54,546349,546648]
[491,54,667473,669048]
[492,54,725551,727048]
[493,55,614703,614247]
[494,55,509279,507533]
[495,55,406483,405226]
[496,55,345796,344920]
[497,55,279917,279907]
[498,55,156575,155782]
[499,55,46736,46357]
[500,55,565,0]
[501,56,108905,109021]
[502,56,195381,195869]
[503,56,287921,289403]
[504,56,385986,387627]
[505,56,493236,494344]
[506,56,617253,618455]
[507,56,722306,722372]
[508,56,726994,727555]
[509,57,619020,617739]
[510,57,513899,512537]
[511,57,395598,394220]
[512,57,286800,285405]
[513,57,214850,212910]
[514,57,154385,154291]
[515,57,95435,93974]
[516,57,15842,14571]
[517,57,755,0]
[518,58,105979,107238]
[519,58,183046,184313]
[520,58,268471,269525]
[521,58,319684,320518]
[522,58,416774,417891]
[523,58,497076,497679]
[524,58,592118,593760]
[525,58,689160,690023]
[526,58,726994,728854]
[527,59,673066,672195]
[528,59,585549,584328]
[529,59,475157,474152]
[530,59,414777,413527]
[531,59,298909,298771]
[532,59,200667,199546]
[533,59,117888,116149]
[534,59,48931,47310]
[535,59,1114,0]
[536,60,100742,101941]
[537,60,150830,152005]
[538,60,237655,238835]
[539,60,344811,344923]
[540,60,437489,438297]
[541,60,528439,529334]
[542,60,629883,631373]
[543,60,695973,696176]
[544,60,726994,728181]
[545,61,641669,640085]
[546,61,532379,532362]
[547,61,410393,409582]
[548,61,354534,353843]
[549,61,251129,249853]
[550,61,139000,138922]
[551,61,58030,56285]
[552,61,4479,4017]
[553,61,1195,0]
[554,62,106608,107308]
[555,62,157089,157193]
[556,62,269937,270347]
[557,62,329296,329857]
[558,62,423813,425140]
[559,62,512198,514181]
[560,62,585779,587697]
[561,62,685138,686068]
[562,62,726994,727116]
[563,63,661201,660161]
[564,63,547439,546418]
[565,63,473667,473572]
[566,63,390187,389681]
[567,63,307000,306780]
[568,63,223643,222373]
[569,63,159663,159624]
[570,63,71692,71359]
[571,63,78,0]
[572,64,60541,61475]
[573,64,110745,110920]
[574,64,201830,202464]
[575,64,293122,293595]
[576,64,416762,418522]
[577,64,481630,482281]
[578,64,573920,575204]
[579,64,690433,691236]
[580,64,726994,728921]
[581,65,633858,632143]
[582,65,547979,547430]
[583,65,448166,447425]
[584,65,369560,368298]
[585,65,272200,270599]
[586,65,163295,162098]
[587,65,108121,108096]
[588,65,6321,5807]
[589,65,525,0]
[590,66,72659,72669]
[591,66,148727,149160]
[592,66,243956,245411]
[593,66,336592,337074]
[594,66,396068,397893]
[595,66,513485,513961]
[596,66,608186,608763]
[597,66,706993,707324]
[598,66,726994,728042]
[599,67,667597,665750]
[600,67,566106,565736]
[601,67,453490,451757]
[602,67,392182,391904]
[603,67,324830,323174]
[604,67,253796,251887]
[605,67,164629,163717]
[606,67,46854,46724]
[607,67,21,0]
[608,68,84142,85705]
[609,68,182839,184605]
[610,68,297141,297965]
[611,68,361255,363097]
[612,68,449879,451360]
[613,68,562934,564659]
[614,68,671571,672154]
[615,68,726994,728090]
[616,69,653426,652099]
[617,69,565535,565403]
[618,69,500562,499441]
[619,69,389853,388012]
[620,69,327936,326927]
[621,69,203170,202041]
[622,69,145036,144410]
[623,69,62838,62374]
[624,69,1612,0]
[625,70,63282,63733]
[626,70,165521,166813]
[627,70,226241,226430]
[628,70,292609,293744]
[629,70,370083,370776]
[630,70,476884,477273]
[631,70,542807,544664]
[632,70,623541,623967]
[633,70,726994,727661]
[634,71,613505,611991]
[635,71,494158,493471]
[636,71,382582,380651]
[637,71,323059,321063]
[638,71,262542,261482]
[639,71,174711,173217]
[640,71,51926,51812]
[641,71,237,0]
[642,72,81151,82487]
[643,72,184462,186410]
[644,72,243729,244043]
[645,72,367489,367760]
[646,72,436684,437728]
[647,72,512566,514207]
[648,72,627953,628356]
[649,72,713349,713514]
[650,72,726994,728829]
[651,73,619397,617984]
[652,73,524856,523210]
[653,73,418428,417615]
[654,73,338883,338654]
[655,73,230594,228984]
[656,73,107776,106511]
[657,73,28126,26252]
[658,73,152,0]
[659,74,51696,52096]
[660,74,110691,111258]
[661,74,182673,183214]
[662,74,259024,259281]
[663,74,366764,368109]
[664,74,486214,487774]
[665,74,560658,560781]
[666,74,665401,665786]
[667,74,726994,728485]
[668,75,634930,634459]
[669,75,542588,541143]
[670,75,476275,474938]
[671,75,368418,367832]
[672,75,250594,250560]
[673,75,199445,198420]
[674,75,83682,83148]
[675,75,349,0]
[676,76,110820,112116]
[677,76,200183,201761]
[678,76,300381,300723]
[679,76,376497,376548]
[680,76,459684,459779]
[681,76,542535,543064]
[682,76,636911,638727]
[683,76,726994,727087]
[684,77,658058,656715]
[685,77,562348,561950]
[686,77,441533,441477]
[687,77,383490,382882]
[688,77,315205,314581]
[689,77,226075,225867]
[690,77,111727,110367]
[691,77,22573,21382]
[692,77,1101,0]
[693,78,78210,80179]
[694,78,129858,130746]
[695,78,232237,233250]
[696,78,293970,294063]
[697,78,362065,363338]
[698,78,425554,426058]
[699,78,503297,503861]
[700,78,578476,579547]
[701,78,635239,635432]
[702,78,709970,711120]
[703,78,726994,728099]
[704,79,611329,610111]
[705,79,538378,538342]
[706,79,435106,433300]
[707,79,330987,330473]
[708,79,275297,273331]
[709,79,151454,151305]
[710,79,89797,88880]
[711,79,1406,993]
[712,80,95262,95940]
[713,80,207597,208683]
[714,80,288111,288618]
[715,80,402115,402136]
[716,80,518996,520480]
[717,80,638476,639039]
[718,80,721348,722329]
[719,80,726994,727102]
[720,81,621687,620564]
[721,81,527148,526807]
[722,81,461409,459758]
[723,81,402271,402047]
[724,81,339892,339581]
[725,81,247123,246232]
[726,81,148077,146488]
[727,81,52547,51791]
[728,81,517,0]
[729,82,116005,116450]
[730,82,169489,170809]
[731,82,268140,269728]
[732,82,321278,321916]
[733,82,421796,422619]
[734,82,495017,496062]
[735,82,572095,573951]
[736,82,625515,626726]
[737,82,726994,728198]
[738,83,629230,628508]
[739,83,522762,521584]
[740,83,409165,407812]
[741,83,326386,324395]
[742,83,243295,241704]
[743,83,129036,128653]
[744,83,46328,45251]
[745,83,450,0]
[746,84,59017,59422]
[747,84,159074,159987]
[748,84,218831,220196]
[749,84,282073,283459]
[750,84,351322,352695]
[751,84,425227,425715]
[752,84,513869,513949]
[753,84,636949,638325]
[754,84,704289,705353]
[755,84,726994,727385]
[756,85,648191,647923]
[757,85,547402,546749]
[758,85,457181,455682]
[759,85,401219,400434]
[760,85,349794,348696]
[761,85,288134,287315]
[762,85,200498,199773]
[763,85,94611,92875]
[764,85,1994,0]
[765,86,94545,94667]
[766,86,159583,161527]
[767,86,242966,244172]
[768,86,364956,366282]
[769,86,419320,419986]
[770,86,479594,480330]
[771,86,530093,530772]
[772,86,607690,608348]
[773,86,682512,682839]
[774,86,726994,728409]
[775,87,640958,640871]
[776,87,589926,588796]
[777,87,472983,471163]
[778,87,367309,366308]
[779,87,307697,307202]
[780,87,224606,223048]
[781,87,115934,115208]
[782,87,33796,32460]
[783,87,1990,0]
[784,88,85630,85733]
[785,88,173307,173707]
[786,88,291388,292121]
[787,88,364658,365029]
[788,88,486109,487515]
[789,88,594263,594495]
[790,88,713639,715147]
[791,88,726994,727850]
[792,89,649030,647978]
[793,89,563159,562926]
[794,89,460363,459418]
[795,89,394795,393397]
[796,89,289598,289243]
[797,89,236413,235524]
[798,89,144888,143932]
[799,89,49846,49812]
[800,89,1908,0]
[801,90,96243,97935]
[802,90,203386,204451]
[803,90,283245,283811]
[804,90,372514,372886]
[805,90,482145,482625]
[806,90,596988,597641]
[807,90,654048,655550]
[808,90,726994,727646]
[809,91,676640,676630]
[810,91,587247,586898]
[811,91,466842,466631]
[812,91,394201,393468]
[813,91,331673,329988]
[814,91,275290,275089]
[815,91,174289,173453]
[816,91,62189,61751]
[817,91,1287,0]
[818,92,85209,86768]
[819,92,195030,195226]
[820,92,272329,273848]
[821,92,394080,395147]
[822,92,498256,499308]
[823,92,566613,567536]
[824,92,629867,631519]
[825,92,690422,692419]
[826,92,726994,727316]
[827,93,623773,623414]
[828,93,514176,513289]
[829,93,422590,421312]
[830,93,303347,302954]
[831,93,245306,244511]
[832,93,147428,146457]
[833,93,30331,28520]
[834,93,1713,0]
[835,94,81291,82986]
[836,94,201543,201834]
[837,94,286105,286823]
[838,94,340125,341322]
[839,94,441443,442387]
[840,94,500061,500786]
[841,94,603626,605172]
[842,94,674468,675975]
[843,94,726994,728452]
[844,95,670035,668451]
[845,95,571063,571003]
[846,95,519066,518420]
[847,95,421387,421365]
[848,95,318244,316897]
[849,95,220519,219962]
[850,95,142094,141876]
[851,95,81220,80353]
[852,95,1624,0]
[853,96,112346,113968]
[854,96,231681,233471]
[855,96,321610,323238]
[856,96,385326,386946]
[857,96,451132,451596]
[858,96,571341,571680]
[859,96,628703,629562]
[860,96,726994,727089]
[861,97,666909,665824]
[862,97,553974,553964]
[863,97,431729,430311]
[864,97,352270,351374]
[865,97,291413,291342]
[866,97,186247,185134]
[867,97,109033,107846]
[868,97,56407,55618]
[869,97,1606,1296]
[870,98,112361,112844]
[871,98,188943,190809]
[872,98,248304,248512]
[873,98,353264,355254]
[874,98,415448,417124]
[875,98,513535,513679]
[876,98,600647,601050]
[877,98,686813,687135]
[878,98,726994,727160]
[879,99,627188,625438]
[880,99,556263,555384]
[881,99,445523,444787]
[882,99,356664,356047]
[883,99,278705,277850]
[884,99,216667,216308]
[885,99,165936,165176]
[886,99,55344,54509]
[887,99,331,0]
[888,100,76497,77721]
[889,100,136412,137587]
[890,100,235772,237314]
[891,100,322668,323987]
[892,100,388193,388453]
[893,100,505284,507184]
[894,100,570989,572078]
[895,100,669269,670425]
[896,100,726994,728965]
[897,101,650423,650221]
[898,101,575843,575148]
[899,101,506334,505574]
[900,101,433803,432939]
[901,101,368105,366926]
[902,101,252528,251901]
[903,101,187406,186333]
[904,101,132780,131259]
[905,101,40035,39380]
[906,101,1217,0]
[907,102,88301,90225]
[908,102,166234,167212]
[909,102,235883,237619]
[910,102,295755,297430]
[911,102,411751,411960]
[912,102,528752,529576]
[913,102,628066,628710]
[914,102,688688,690105]
[915,102,726994,728529]
[916,103,614496,612740]
[917,103,519896,519644]
[918,103,442861,442643]
[919,103,364055,362722]
[920,103,276016,274237]
[921,103,223286,221526]
[922,103,171823,170819]
[923,103,89830,89791]
[924,103,1660,0]
[925,104,122717,122811]
[926,104,179832,181379]
[927,104,254729,256360]
[928,104,329036,329332]
[929,104,416158,416401]
[930,104,484847,485591]
[931,104,551461,552622]
[932,104,606539,608313]
[933,104,681744,683467]
[934,104,726994,727580]
[935,105,673708,672061]
[936,105,581318,580940]
[937,105,514732,512929]
[938,105,418757,416833]
[939,105,361035,359327]
[940,105,242208,240317]
[941,105,166844,164893]
[942,105,71730,71460]
[943,105,1068,0]
[944,106,120121,120716]
[945,106,191188,192875]
[946,106,299177,299780]
[947,106,417577,418281]
[948,106,475131,475422]
[949,106,538259,539433]
[950,106,607801,607838]
[951,106,702307,702378]
[952,106,726994,727928]
[953,107,651863,650822]
[954,107,571525,571415]
[955,107,477297,476350]
[956,107,370638,369503]
[957,107,250581,250571]
[958,107,145156,144226]
[959,107,94829,93397]
[960,107,9973,9720]
[961,107,26,0]
[962,108,106311,107256]
[963,108,226876,227255]
[964,108,296887,296988]
[965,108,407113,408644]
[966,108,463587,463965]
[967,108,543122,543602]
[968,108,622006,623692]
[969,108,693348,693650]
[970,108,726994,727534]
[971,109,676555,674625]
[972,109,608205,607952]
[973,109,503906,502744]
[974,109,453693,452695]
[975,109,371932,370731]
[976,109,270980,270131]
[977,109,174261,172308]
[978,109,112450,110545]
[979,109,12760,11619]
[980,109,1127,0]
[981,110,52734,54676]
[982,110,123168,124732]
[983,110,219254,219668]
[984,110,308536,309519]
[985,110,393328,395002]
[986,110,460336,462049]
[987,110,538886,539357]
[988,110,590558,590594]
[989,110,686968,687611]
[990,110,726994,727249]
[991,111,679635,678994]
[992,111,601012,600342]
[993,111,518166,516966]
[994,111,442266,441246]
[995,111,362795,362024]
[996,111,288031,286948]
[997,111,233934,232183]
[998,111,155315,153712]
[999,111,70045,69276]
[1000,111,53,0]
[1001,112,75574,76070]
[1002,112,194613,195664]
[1003,112,306215,306522]
[1004,112,360293,361951]
[1005,112,421850,421899]
[1006,112,503242,505102]
[1007,112,558877,559737]
[1008,112,673172,673527]
[1009,112,726994,728759]
[1010,113,658617,658264]
[1011,113,590260,588778]
[1012,113,470241,470182]
[1013,113,358092,356175]
[1014,113,305199,304951]
[1015,113,226967,225925]
[1016,113,153391,151448]
[1017,113,95977,94016]
[1018,113,24120,22255]
[1019,113,1980,0]
[1020,114,71730,72335]
[1021,114,122844,122964]
[1022,114,232561,233182]
[1023,114,356793,358420]
[1024,114,426485,428157]
[1025,114,521439,523433]
[1026,114,588331,589081]
[1027,114,658319,659074]
[1028,114,726994,728739]
[1029,115,653854,653148]
[1030,115,595235,593358]
[1031,115,536143,534345]
[1032,115,444837,443635]
[1033,115,372840,371912]
[1034,115,306964,306507]
[1035,115,205364,204152]
[1036,115,131257,130279]
[1037,115,31858,31541]
[1038,115,72,0]
[1039,116,94396,96081]
[1040,116,147178,147612]
[1041,116,213643,214068]
[1042,116,297792,298959]
[1043,116,383692,384185]
[1044,116,494505,494847]
[1045,116,584981,586749]
[1046,116,686258,688146]
[1047,116,726994,727632]
[1048,117,659121,657392]
[1049,117,539019,537266]
[1050,117,446539,445921]
[1051,117,333191,332505]
[1052,117,272577,272351]
[1053,117,217318,216079]
[1054,117,165297,164632]
[1055,117,98534,96636]
[1056,117,8869,7284]
[1057,117,1416,0]
[1058,118,83938,84592]
[1059,118,177454,178784]
[1060,118,259379,259853]
[1061,118,358275,358806]
[1062,118,442944,444425]
[1063,118,517275,517303]
[1064,118,609461,611272]
[1065,118,669264,671202]
[1066,118,726994,728234]
[1067,119,623112,622323]
[1068,119,499528,498920]
[1069,119,431821,430156]
[1070,119,361612,361138]
[1071,119,276741,275347]
[1072,119,212776,212686]
[1073,119,127781,125787]
[1074,119,20449,18561]
[1075,119,785,0]
[1076,120,91652,91766]
[1077,120,150620,152396]
[1078,120,252574,254349]
[1079,120,330123,331966]
[1080,120,412456,414337]
[1081,120,490851,491244]
[1082,120,542988,543870]
[1083,120,618421,618528]
[1084,120,718856,720840]
[1085,120,726994,728541]
[1086,121,672655,672645]
[1087,121,561202,559632]
[1088,121,502014,500699]
[1089,121,426831,425819]
[1090,121,354311,353411]
[1091,121,283897,283756]
[1092,121,179388,177493]
[1093,121,67102,66721]
[1094,121,169,0]
[1095,122,123730,125436]
[1096,122,233540,234212]
[1097,122,290262,292024]
[1098,122,367560,368408]
[1099,122,460371,462003]
[1100,122,538147,539574]
[1101,122,626797,628471]
[1102,122,726994,728020]
[1103,123,657432,655563]
[1104,123,553434,551766]
[1105,123,495578,494664]
[1106,123,432205,431199]
[1107,123,362051,361917]
[1108,123,270166,269124]
[1109,123,170329,169548]
[1110,123,102925,100947]
[1111,123,11100,9824]
[1112,123,1526,0]
[1113,124,120608,121820]
[1114,124,220666,222049]
[1115,124,336651,338162]
[1116,124,442404,443515]
[1117,124,528202,529943]
[1118,124,635834,636915]
[1119,124,706499,707278]
[1120,124,726994,728099]
[1121,125,637346,637013]
[1122,125,552633,551713]
[1123,125,479153,478153]
[1124,125,388017,386950]
[1125,125,294713,293623]
[1126,125,196089,195382]
[1127,125,71059,70968]
[1128,125,1204,0]
[1129,126,86667,88574]
[1130,126,182352,184075]
[1131,126,271366,271997]
[1132,126,389105,390686]
[1133,126,494140,494889]
[1134,126,565192,566044]
[1135,126,687675,689277]
[1136,126,726994,727010]
[1137,127,635762,633903]
[1138,127,549306,547570]
[1139,127,424541,423131]
[1140,127,341120,340128]
[1141,127,243234,243168]
[1142,127,174291,173605]
[1143,127,105431,104912]
[1144,127,21310,20032]
[1145,127,422,0]
[1146,128,67493,67875]
[1147,128,122885,123275]
[1148,128,229980,230495]
[1149,128,353691,355506]
[1150,128,418045,419214]
[1151,128,528485,530106]
[1152,128,633323,633471]
[1153,128,684152,684241]
[1154,128,726994,727967]
[1155,129,643060,641493]
[1156,129,531414,529883]
[1157,129,470245,470213]
[1158,129,416846,415188]
[1159,129,343991,343256]
[1160,129,246614,244675]
[1161,129,169161,167780]
[1162,129,63552,61834]
[1163,129,1521,0]
[1164,130,96190,96673]
[1165,130,165722,166293]
[1166,130,249557,250680]
[1167,130,361655,362506]
[1168,130,437989,438771]
[1169,130,506568,507779]
[1170,130,622291,622552]
[1171,130,677689,677815]
[1172,130,726994,728272]
[1173,131,667216,665916]
[1174,131,576585,575940]
[1175,131,508635,508079]
[1176,131,449740,448018]
[1177,131,386743,385716]
[1178,131,304579,303633]
[1179,131,191982,191393]
[1180,131,108843,108001]
[1181,131,22487,22020]
[1182,131,210,0]
[1183,132,96881,98224]
[1184,132,211068,211977]
[1185,132,324286,325822]
[1186,132,444938,445848]
[1187,132,501941,502381]
[1188,132,579892,581460]
[1189,132,669928,670497]
[1190,132,726994,728522]
[1191,133,631491,629983]
[1192,133,541636,541334]
[1193,133,483790,482192]
[1194,133,416546,415165]
[1195,133,292355,291570]
[1196,133,221945,221776]
[1197,133,165472,164968]
[1198,133,91863,90227]
[1199,133,1303,0]
[1200,134,108857,108924]
[1201,134,206072,206322]
[1202,134,257850,259280]
[1203,134,338974,340319]
[1204,134,402019,403569]
[1205,134,460382,460809]
[1206,134,568237,570139]
[1207,134,662722,664346]
[1208,134,726994,728801]
[1209,135,663043,661843]
[1210,135,601657,601092]
[1211,135,533156,532155]
[1212,135,411930,411910]
[1213,135,324843,323715]
[1214,135,257390,257046]
[1215,135,164154,163225]
[1216,135,96572,95908]
[1217,135,24302,22695]
[1218,135,1721,0]
[1219,136,54251,54483]
[1220,136,142124,142652]
[1221,136,247558,248807]
[1222,136,318239,319979]
[1223,136,426587,427769]
[1224,136,495560,496408]
[1225,136,609731,611204]
[1226,136,673919,675887]
[1227,136,726994,728363]
[1228,137,655902,655573]
[1229,137,534579,532623]
[1230,137,419378,418353]
[1231,137,318153,317756]
[1232,137,227338,226780]
[1233,137,114521,114066]
[1234,137,40664,38922]
[1235,137,108,0]
[1236,138,104704,105938]
[1237,138,220884,222528]
[1238,138,317787,317871]
[1239,138,383698,384739]
[1240,138,447832,449029]
[1241,138,511157,511807]
[1242,138,621253,621296]
[1243,138,692812,694029]
[1244,138,726994,728772]
[1245,139,670853,670114]
[1246,139,580250,580104]
[1247,139,488913,488471]
[1248,139,430492,429794]
[1249,139,353601,353382]
[1250,139,299126,298100]
[1251,139,207327,206101]
[1252,139,83874,82405]
[1253,139,1119,0]
[1254,140,84206,84615]
[1255,140,175349,176018]
[1256,140,252248,252840]
[1257,140,352548,353277]
[1258,140,434134,434524]
[1259,140,506621,507543]
[1260,140,617436,618473]
[1261,140,708753,710168]
[1262,140,726994,728313]
[1263,141,670261,668665]
[1264,141,602602,602380]
[1265,141,501075,500014]
[1266,141,375457,375401]
[1267,141,305289,303832]
[1268,141,246908,245850]
[1269,141,143669,143528]
[1270,141,21125,20275]
[1271,141,255,0]
[1272,142,74330,75473]
[1273,142,165450,166695]
[1274,142,217071,218895]
[1275,142,288918,290191]
[1276,142,352472,352809]
[1277,142,473468,473790]
[1278,142,573398,573465]
[1279,142,636625,637660]
[1280,142,726994,727535]
[1281,143,623718,622625]
[1282,143,568499,567885]
[1283,143,469795,469433]
[1284,143,384232,384020]
[1285,143,322554,321179]
[1286,143,257986,256955]
[1287,143,178169,177364]
[1288,143,53586,53482]
[1289,143,1774,0]
[1290,144,121812,123539]
[1291,144,198138,199631]
[1292,144,275816,277005]
[1293,144,360087,361133]
[1294,144,451842,452931]
[1295,144,523847,525611]
[1296,144,610777,611236]
[1297,144,707231,708729]
[1298,144,726994,728567]
[1299,145,670991,669474]
[1300,145,614049,612058]
[1301,145,545205,544782]
[1302,145,430157,430033]
[1303,145,359173,357687]
[1304,145,295994,295973]
[1305,145,207454,207154]
[1306,145,145501,144742]
[1307,145,55054,54696]
[1308,145,622,0]
[1309,146,52609,53435]
[1310,146,116979,118372]
[1311,146,213688,215204]
[1312,146,326776,328695]
[1313,146,389897,389907]
[1314,146,465372,467250]
[1315,146,518249,518381]
[1316,146,633533,634915]
[1317,146,726994,728256]
[1318,147,635353,634064]
[1319,147,542454,540616]
[1320,147,451417,450381]
[1321,147,395129,393761]
[1322,147,273573,272241]
[1323,147,182040,181463]
[1324,147,110969,110555]
[1325,147,25708,24935]
[1326,147,693,0]
[1327,148,113444,114669]
[1328,148,182279,182902]
[1329,148,259250,259516]
[1330,148,337830,338925]
[1331,148,436490,437104]
[1332,148,496947,497989]
[1333,148,552453,554024]
[1334,148,642569,642669]
[1335,148,712069,713132]
[1336,148,726994,728866]
[1337,149,679407,678548]
[1338,149,616378,614957]
[1339,149,540834,539988]
[1340,149,472319,472282]
[1341,149,353088,352274]
[1342,149,291338,290624]
[1343,149,205313,203356]
[1344,149,153533,152359]
[1345,149,100359,99766]
[1346,149,28167,27726]
[1347,149,908,0]
[1348,150,86591,86798]
[1349,150,165678,165760]
[1350,150,275700,276447]
[1351,150,392777,394372]
[1352,150,504599,506049]
[1353,150,613939,614370]
[1354,150,672958,673482]
[1355,150,726994,727210]
[1356,151,618796,617240]
[1357,151,554001,552783]
[1358,151,440012,438571]
[1359,151,347303,347123]
[1360,151,241677,240193]
[1361,151,128798,128262]
[1362,151,14617,13471]
[1363,151,878,0]
[1364,152,91187,91295]
[1365,152,170822,172069]
[1366,152,226384,228325]
[1367,152,294421,294753]
[1368,152,348767,349225]
[1369,152,432433,433795]
[1370,152,498576,499754]
[1371,152,617642,618138]
[1372,152,726994,727523]
[1373,153,630185,628292]
[1374,153,525836,525031]
[1375,153,406001,405946]
[1376,153,299535,298697]
[1377,153,180421,178823]
[1378,153,70433,69470]
[1379,153,1397,0]
[1380,154,87866,89546]
[1381,154,182279,182341]
[1382,154,253231,254223]
[1383,154,328565,329695]
[1384,154,404902,405395]
[1385,154,476652,478520]
[1386,154,593036,594734]
[1387,154,686805,686855]
[1388,154,726994,728080]
[1389,155,668524,667385]
[1390,155,603373,602791]
[1391,155,479669,478746]
[1392,155,368154,368126]
[1393,155,265817,264089]
[1394,155,185852,184051]
[1395,155,66233,66097]
[1396,155,12738,11763]
[1397,155,95,0]
[1398,156,81216,81684]
[1399,156,152860,154646]
[1400,156,212818,214627]
[1401,156,280096,282094]
[1402,156,346076,346710]
[1403,156,401488,402178]
[1404,156,504685,504928]
[1405,156,596751,598542]
[1406,156,658800,659545]
[1407,156,726994,728075]
[1408,157,675629,673888]
[1409,157,559056,558995]
[1410,157,495031,494201]
[1411,157,399812,398391]
[1412,157,313807,313684]
[1413,157,226915,225093]
[1414,157,109870,108967]
[1415,157,49295,48326]
[1416,157,43,0]
[1417,158,55148,55749]
[1418,158,163097,164116]
[1419,158,224785,225914]
[1420,158,302112,302204]
[1421,158,375784,377737]
[1422,158,462189,462593]
[1423,158,531128,531248]
[1424,158,623061,624742]
[1425,158,726340,726898]
[1426,158,726994,727602]
[1427,159,654435,653426]
[1428,159,550386,549733]
[1429,159,467813,466385]
[1430,159,363117,362322]
[1431,159,254632,253818]
[1432,159,152960,151533]
[1433,159,44526,42745]
[1434,159,1505,0]
[1435,160,93046,94716]
[1436,160,212212,213784]
[1437,160,275128,275378]
[1438,160,333848,334952]
[1439,160,451678,452991]
[1440,160,571047,571358]
[1441,160,690598,692532]
[1442,160,726994,728080]
[1443,161,639932,639145]
[1444,161,583177,583068]
[1445,161,483688,483347]
[1446,161,424790,423034]
[1447,161,315454,315302]
[1448,161,248781,247487]
[1449,161,157498,156371]
[1450,161,68588,66955]
[1451,161,1386,0]
[1452,162,61740,62820]
[1453,162,157223,157613]
[1454,162,209248,210755]
[1455,162,283405,284166]
[1456,162,339266,340214]
[1457,162,432016,432131]
[1458,162,545677,547447]
[1459,162,629720,631673]
[1460,162,700094,701990]
[1461,162,726994,727911]
[1462,163,619474,618707]
[1463,163,523734,522411]
[1464,163,412793,412095]
[1465,163,317473,317201]
[1466,163,218796,217451]
[1467,163,111148,110526]
[1468,163,19718,18843]
[1469,163,801,0]
[1470,164,103563,103850]
[1471,164,217687,219225]
[1472,164,336497,337585]
[1473,164,418795,420168]
[1474,164,475223,475548]
[1475,164,539201,540398]
[1476,164,636112,637826]
[1477,164,701989,702070]
[1478,164,726994,728695]
[1479,165,654287,653279]
[1480,165,555011,553803]
[1481,165,451208,449522]
[1482,165,393615,392868]
[1483,165,332369,332081]
[1484,165,262974,262546]
[1485,165,192804,192198]
[1486,165,123443,122041]
[1487,165,70132,68756]
[1488,165,721,0]
[1489,166,79705,80877]
[1490,166,143372,145053]
[1491,166,242837,243454]
[1492,166,298476,298918]
[1493,166,401327,402128]
[1494,166,465279,465571]
[1495,166,582769,583909]
[1496,166,671439,672864]
[1497,166,726994,728984]
[1498,167,652248,652133]
[1499,167,601571,601271]
[1500,167,481783,480992]
[1501,167,417606,417204]
[1502,167,342208,342017]
[1503,167,259143,257264]
[1504,167,140255,140127]
[1505,167,78626,78110]
[1506,167,1428,0]
[1507,168,91626,93468]
[1508,168,145694,146644]
[1509,168,225072,226553]
[1510,168,337054,338257]
[1511,168,401144,401654]
[1512,168,509146,510666]
[1513,168,583816,584118]
[1514,168,672732,673883]
[1515,168,726994,728942]
[1516,169,610946,610038]
[1517,169,558281,557728]
[1518,169,495400,493723]
[1519,169,385937,383956]
[1520,169,273715,273638]
[1521,169,171577,169867]
[1522,169,62861,61910]
[1523,169,519,0]
[1524,170,65375,65886]
[1525,170,158497,159740]
[1526,170,245796,245808]
[1527,170,365253,367190]
[1528,170,460625,462210]
[1529,170,528318,528445]
[1530,170,581535,582124]
[1531,170,668876,669253]
[1532,170,726994,727875]
[1533,171,619596,618816]
[1534,171,555136,554528]
[1535,171,441671,440662]
[1536,171,343108,341459]
[1537,171,269651,269262]
[1538,171,175944,174740]
[1539,171,103794,102843]
[1540,171,222,0]
[1541,172,99223,99982]
[1542,172,222263,223724]
[1543,172,327927,328021]
[1544,172,449613,450674]
[1545,172,513306,513918]
[1546,172,602341,602384]
[1547,172,668636,670605]
[1548,172,726994,728511]
[1549,173,655574,653854]
[1550,173,543269,541319]
[1551,173,471904,470309]
[1552,173,367868,366086]
[1553,173,252994,252093]
[1554,173,151020,150906]
[1555,173,100925,100631]
[1556,173,497,0]
[1557,174,108191,108669]
[1558,174,187030,187613]
[1559,174,308532,308966]
[1560,174,377997,378954]
[1561,174,488425,489949]
[1562,174,553732,554543]
[1563,174,609032,610871]
[1564,174,675541,676198]
[1565,174,726994,728766]
[1566,175,609484,608636]
[1567,175,517788,517130]
[1568,175,430084,429571]
[1569,175,358806,358402]
[1570,175,262025,260416]
[1571,175,161307,160220]
[1572,175,37514,36351]
[1573,175,1422,0]
[1574,176,121871,123053]
[1575,176,198348,198924]
[1576,176,257395,257430]
[1577,176,319596,320821]
[1578,176,435863,436408]
[1579,176,503544,505448]
[1580,176,620620,621917]
[1581,176,726994,727842]
[1582,177,679746,678247]
[1583,177,580235,579156]
[1584,177,504804,504703]
[1585,177,433995,432029]
[1586,177,363317,361592]
[1587,177,298425,297475]
[1588,177,206209,205765]
[1589,177,105453,104793]
[1590,177,1385,0]
[1591,178,59774,61528]
[1592,178,150171,150356]
[1593,178,226293,226841]
[1594,178,324850,326443]
[1595,178,394610,395452]
[1596,178,504059,504731]
[1597,178,611111,611904]
[1598,178,695666,697166]
[1599,178,726994,728179]
[1600,179,620161,618963]
[1601,179,514420,512959]
[1602,179,457013,456740]
[1603,179,377430,376717]
[1604,179,315435,314552]
[1605,179,260096,258289]
[1606,179,147431,146141]
[1607,179,31611,30341]
[1608,179,1384,0]
[1609,180,83744,83931]
[1610,180,149724,150899]
[1611,180,235246,235927]
[1612,180,305142,306177]
[1613,180,382983,383657]
[1614,180,487782,487894]
[1615,180,540299,541788]
[1616,180,609704,610696]
[1617,180,706526,706716]
[1618,180,726994,727433]
[1619,181,606331,604542]
[1620,181,501170,500320]
[1621,181,433247,431423]
[1622,181,362304,360761]
[1623,181,311565,310178]
[1624,181,237950,237577]
[1625,181,176308,175172]
[1626,181,111254,110673]
[1627,181,52445,51400]
[1628,181,281,0]
[1629,182,113567,113648]
[1630,182,169818,170401]
[1631,182,278545,280376]
[1632,182,365135,367029]
[1633,182,420286,421494]
[1634,182,508802,509347]
[1635,182,619336,620114]
[1636,182,705940,706955]
[1637,182,726994,727181]
[1638,183,669689,669641]
[1639,183,611515,611116]
[1640,183,541432,541058]
[1641,183,488341,486766]
[1642,183,374951,373519]
[1643,183,323829,322067]
[1644,183,256039,255789]
[1645,183,149601,147705]
[1646,183,82296,81045]
[1647,183,4712,3118]
[1648,183,438,0]
[1649,184,62628,64318]
[1650,184,124307,125690]
[1651,184,185126,186767]
[1652,184,267297,269164]
[1653,184,356222,357148]
[1654,184,426040,427068]
[1655,184,504796,505388]
[1656,184,560899,561313]
[1657,184,653671,655281]
[1658,184,717521,719510]
[1659,184,726994,727690]
[1660,185,649261,649218]
[1661,185,542664,542092]
[1662,185,443924,443397]
[1663,185,350982,349044]
[1664,185,260251,260119]
[1665,185,155542,154118]
[1666,185,95889,94821]
[1667,185,13765,12266]
[1668,185,1963,0]
[1669,186,64714,66182]
[1670,186,159816,160066]
[1671,186,210886,211224]
[1672,186,294485,295529]
[1673,186,373178,373212]
[1674,186,482131,482583]
[1675,186,561357,563003]
[1676,186,640735,642666]
[1677,186,726994,728697]
[1678,187,610784,609544]
[1679,187,547961,547240]
[1680,187,474200,472807]
[1681,187,361970,361346]
[1682,187,288061,287699]
[1683,187,178333,176721]
[1684,187,65981,64079]
[1685,187,1391,0]
[1686,188,71969,72173]
[1687,188,156200,156517]
[1688,188,242320,243321]
[1689,188,302658,302852]
[1690,188,422352,423365]
[1691,188,504563,505959]
[1692,188,555122,556240]
[1693,188,610136,612028]
[1694,188,666470,667804]
[1695,188,726994,728597]
[1696,189,630906,629237]
[1697,189,549498,548744]
[1698,189,485098,483996]
[1699,189,390039,388055]
[1700,189,317591,317368]
[1701,189,193737,192384]
[1702,189,108772,108450]
[1703,189,1267,0]
[1704,190,65943,67330]
[1705,190,145646,146420]
[1706,190,259744,261009]
[1707,190,377934,379604]
[1708,190,475790,476619]
[1709,190,554458,554963]
[1710,190,677414,677806]
[1711,190,726994,727569]
[1712,191,670139,668658]
[1713,191,561652,560546]
[1714,191,438511,438324]
[1715,191,376731,375347]
[1716,191,263071,262574]
[1717,191,169189,168445]
[1718,191,59071,57370]
[1719,191,4776,2926]
[1720,191,1290,0]
[1721,192,70270,71336]
[1722,192,154555,155802]
[1723,192,243882,244642]
[1724,192,341580,342890]
[1725,192,422353,423286]
[1726,192,524823,525186]
[1727,192,645461,646792]
[1728,192,726994,728682]
[1729,193,613144,611678]
[1730,193,535775,534459]
[1731,193,429103,428840]
[1732,193,309955,308784]
[1733,193,223361,221371]
[1734,193,105017,103487]
[1735,193,910,0]
[1736,194,117450,118567]
[1737,194,210082,211229]
[1738,194,270159,270740]
[1739,194,323161,325107]
[1740,194,406207,406217]
[1741,194,487755,489080]
[1742,194,576610,577131]
[1743,194,647223,648709]
[1744,194,726994,727425]
[1745,195,669428,668367]
[1746,195,594629,593407]
[1747,195,529791,528510]
[1748,195,432659,430854]
[1749,195,322118,320843]
[1750,195,249515,248032]
[1751,195,196179,194732]
[1752,195,114630,113937]
[1753,195,730,0]
[1754,196,77744,77951]
[1755,196,198471,198826]
[1756,196,286421,286437]
[1757,196,368314,368885]
[1758,196,471849,473536]
[1759,196,547455,547511]
[1760,196,643840,644229]
[1761,196,726994,728349]
[1762,197,655564,655245]
[1763,197,557865,556305]
[1764,197,468679,466982]
[1765,197,350548,350347]
[1766,197,291717,290895]
[1767,197,240922,240108]
[1768,197,154066,152718]
[1769,197,71694,70291]
[1770,197,1113,0]
[1771,198,74819,76171]
[1772,198,149177,150257]
[1773,198,216272,218258]
[1774,198,304517,305707]
[1775,198,359103,360967]
[1776,198,477910,478957]
[1777,198,598758,599170]
[1778,198,651493,652638]
[1779,198,708364,709568]
[1780,198,726994,727033]
[1781,199,678559,677579]
[1782,199,618669,617666]
[1783,199,532146,531414]
[1784,199,435154,433443]
[1785,199,312584,311373]
[1786,199,195374,194286]
[1787,199,96240,96161]
[1788,199,29497,29363]
[1789,199,1127,0]
[1790,200,91657,91792]
[1791,200,201957,202480]
[1792,200,283354,283836]
[1793,200,362504,362958]
[1794,200,428768,429203]
[1795,200,540315,540494]
[1796,200,663184,663839]
[1797,200,726994,728251]
[1798,201,620943,619597]
[1799,201,516014,516004]
[1800,201,424646,423633]
[1801,201,304707,304248]
[1802,201,205143,203436]
[1803,201,89516,89423]
[1804,201,445,0]
[1805,202,67624,68522]
[1806,202,171968,172277]
[1807,202,277249,279094]
[1808,202,359144,360806]
[1809,202,460309,462115]
[1810,202,544773,546174]
[1811,202,667545,669247]
[1812,202,726994,727781]
[1813,203,616753,616348]
[1814,203,507933,507147]
[1815,203,453659,452809]
[1816,203,331465,329849]
[1817,203,265103,263229]
[1818,203,143977,143048]
[1819,203,74527,74425]
[1820,203,1353,0]
[1821,204,114705,115769]
[1822,204,191124,191749]
[1823,204,270662,272497]
[1824,204,329680,331550]
[1825,204,442114,443526]
[1826,204,506728,507095]
[1827,204,565927,566452]
[1828,204,621157,622178]
[1829,204,682742,684455]
[1830,204,726994,727874]
[1831,205,673907,673521]
[1832,205,622310,621786]
[1833,205,563227,562288]
[1834,205,511950,511118]
[1835,205,447307,445986]
[1836,205,374365,374176]
[1837,205,288288,287147]
[1838,205,214693,213527]
[1839,205,135776,133924]
[1840,205,65426,64478]
[1841,205,920,0]
[1842,206,119598,121504]
[1843,206,221516,223251]
[1844,206,292873,294198]
[1845,206,388914,389606]
[1846,206,477602,478187]
[1847,206,559168,560461]
[1848,206,624905,625824]
[1849,206,726994,728860]
[1850,207,662325,660930]
[1851,207,537690,537418]
[1852,207,458435,457153]
[1853,207,345648,345276]
[1854,207,263672,263212]
[1855,207,172572,171420]
[1856,207,82344,80560]
[1857,207,21190,20011]
[1858,207,29,0]
[1859,208,51838,52995]
[1860,208,155193,156437]
[1861,208,205246,206507]
[1862,208,293187,294731]
[1863,208,405202,406970]
[1864,208,521245,521445]
[1865,208,592170,592546]
[1866,208,683662,684751]
[1867,208,726994,727384]
[1868,209,669167,667650]
[1869,209,544513,543905]
[1870,209,474734,474140]
[1871,209,414844,414027]
[1872,209,308683,307155]
[1873,209,208357,207857]
[1874,209,106614,106062]
[1875,209,43864,42659]
[1876,209,1544,0]
[1877,210,96931,98420]
[1878,210,158510,159008]
[1879,210,249736,250199]
[1880,210,325435,327142]
[1881,210,428785,429030]
[1882,210,507611,508347]
[1883,210,567620,568609]
[1884,210,672799,673416]
[1885,210,726994,728542]
[1886,211,605514,605021]
[1887,211,542736,541983]
[1888,211,423896,423169]
[1889,211,331094,330220]
[1890,211,261206,259296]
[1891,211,207478,205507]
[1892,211,118823,118688]
[1893,211,1454,0]
[1894,212,120335,122074]
[1895,212,197164,197852]
[1896,212,308685,308867]
[1897,212,432495,433675]
[1898,212,482999,484429]
[1899,212,584849,586549]
[1900,212,679402,679542]
[1901,212,726994,727018]
[1902,213,662127,661610]
[1903,213,560497,560477]
[1904,213,444873,443997]
[1905,213,333585,332163]
[1906,213,259026,257801]
[1907,213,173976,173556]
[1908,213,122258,120995]
[1909,213,40598,40523]
[1910,213,884,0]
[1911,214,108277,109248]
[1912,214,193219,193539]
[1913,214,280109,282081]
[1914,214,338015,338327]
[1915,214,461984,463273]
[1916,214,553249,554769]
[1917,214,667021,667827]
[1918,214,721365,721407]
[1919,214,726994,727241]
[1920,215,650845,650813]
[1921,215,535086,533133]
[1922,215,461811,461593]
[1923,215,367028,366860]
[1924,215,268500,266741]
[1925,215,184105,183796]
[1926,215,130376,129168]
[1927,215,71712,69770]
[1928,215,1841,0]
[1929,216,75115,75753]
[1930,216,154265,156259]
[1931,216,275480,277462]
[1932,216,351944,352606]
[1933,216,455157,456020]
[1934,216,556720,556730]
[1935,216,630626,632164]
[1936,216,708929,709566]
[1937,216,726994,728574]
[1938,217,608454,606496]
[1939,217,518302,516401]
[1940,217,421046,421036]
[1941,217,357378,356184]
[1942,217,242243,241019]
[1943,217,169830,169150]
[1944,217,56136,54970]
[1945,217,1888,0]
[1946,218,96393,98362]
[1947,218,177583,178621]
[1948,218,240796,241842]
[1949,218,349899,349911]
[1950,218,468113,469398]
[1951,218,557606,558685]
[1952,218,614780,615097]
[1953,218,688962,690817]
[1954,218,726994,728241]
[1955,219,630293,630217]
[1956,219,532282,531766]
[1957,219,453183,452728]
[1958,219,329431,329061]
[1959,219,214342,213984]
[1960,219,160171,158726]
[1961,219,97463,97099]
[1962,219,21461,20769]
[1963,219,107,0]
[1964,220,120084,121312]
[1965,220,233194,234240]
[1966,220,284570,286567]
[1967,220,363646,365511]
[1968,220,458754,459380]
[1969,220,549714,550021]
[1970,220,606598,606716]
[1971,220,714659,715645]
[1972,220,726994,728496]
[1973,221,631201,629859]
[1974,221,536116,534450]
[1975,221,421740,420720]
[1976,221,332732,331149]
[1977,221,224526,222539]
[1978,221,128770,128711]
[1979,221,15516,14887]
[1980,221,351,0]
[1981,222,84794,86490]
[1982,222,176987,178695]
[1983,222,270137,270805]
[1984,222,352374,353926]
[1985,222,471869,473176]
[1986,222,551184,552281]
[1987,222,666648,667068]
[1988,222,719558,719672]
[1989,222,726994,728813]
[1990,223,635634,634856]
[1991,223,558248,556689]
[1992,223,434415,434231]
[1993,223,375568,374098]
[1994,223,278772,277106]
[1995,223,206508,204744]
[1996,223,153030,152513]
[1997,223,61772,61757]
[1998,223,7405,5424]
[1999,223,1495,0]
[2000,224,72980,73303]
