["head":"wrap","lpos","status"]
[133,683409,1]
["io count"]
[100]
["io":"id","wrap","startLpos","endLpos"]
[1,0,726994,728129]
[2,1,10,0]
[3,2,726994,728298]
[4,3,590,0]
[5,4,726994,727134]
[6,5,1105,0]
[7,6,726994,727894]
[8,7,1653,0]
[9,8,726994,728480]
[10,9,440,0]
[11,10,726994,727955]
[12,11,1353,0]
[13,12,726994,727259]
[14,13,305,0]
[15,14,726994,728537]
[16,15,845,0]
[17,16,726994,728558]
[18,17,1017,0]
[19,18,726994,727693]
[20,19,1737,0]
[21,20,726994,728326]
[22,21,964,0]
[23,22,726994,728561]
[24,23,1687,0]
[25,24,726994,728743]
[26,25,455,0]
[27,26,726994,728575]
[28,27,1481,0]
[29,28,726994,728695]
[30,29,1035,0]
[31,30,726994,728961]
[32,31,1189,0]
[33,32,726994,728384]
[34,33,1623,0]
[35,34,726994,727125]
[36,35,1882,0]
[37,36,726994,727722]
[38,37,1032,0]
[39,38,726994,728530]
[40,39,567,0]
[41,40,726994,728818]
[42,41,497,0]
[43,42,726994,728914]
[44,43,89,0]
[45,44,726994,728148]
[46,45,1815,0]
[47,46,726994,728280]
[48,47,718,0]
[49,48,726994,727826]
[50,49,1985,0]
[51,50,726994,727801]
[52,51,517,0]
[53,52,726994,727943]
[54,53,375,0]
[55,54,726994,727198]
[56,55,1051,0]
[57,56,726994,728176]
[58,57,138,0]
[59,58,726994,727878]
[60,59,1235,0]
[61,60,726994,728519]
[62,61,851,0]
[63,62,726994,727418]
[64,63,1267,0]
[65,64,726994,727821]
[66,65,556,0]
[67,66,726994,728143]
[68,67,1555,0]
[69,68,726994,728934]
[70,69,685,0]
[71,70,726994,727116]
[72,71,1764,0]
[73,72,726994,728528]
[74,73,395,0]
[75,74,726994,727199]
[76,75,688,0]
[77,76,726994,727204]
[78,77,1492,0]
[79,78,726994,728753]
[80,79,1043,0]
[81,80,726994,728823]
[82,81,566,0]
[83,82,726994,728554]
[84,83,1131,0]
[85,84,726994,728287]
[86,85,116,0]
[87,86,726994,727176]
[88,87,475,0]
[89,88,726994,727600]
[90,89,1418,0]
[91,90,726994,728705]
[92,91,483,0]
[93,92,726994,727616]
[94,93,487,0]
[95,94,726994,728744]
[96,95,1449,0]
[97,96,726994,728389]
[98,97,900,0]
[99,98,726994,727998]
[100,99,1335,0]
