["head":"wrap","lpos","status"]
[9,655415,1]
["io count"]
[500]
["io":"id","wrap","startLpos","endLpos"]
[1,0,726994,727299]
[2,1,1349,0]
[3,2,545338,547100]
[4,2,726994,727142]
[5,3,104817,103305]
[6,3,1300,0]
[7,4,487041,488183]
[8,4,726994,728655]
[9,5,407,0]
[10,6,565981,566023]
[11,6,726994,727340]
[12,7,63629,63337]
[13,7,1165,0]
[14,8,726994,728123]
[15,9,173,0]
[16,10,463521,464959]
[17,10,726994,727485]
[18,11,105841,105398]
[19,11,1137,0]
[20,12,627016,627777]
[21,12,726994,727656]
[22,13,1950,0]
[23,14,400069,401937]
[24,14,726994,727533]
[25,15,1989,0]
[26,16,726994,728293]
[27,17,253,0]
[28,18,726994,727801]
[29,19,76138,76083]
[30,19,1216,0]
[31,20,726994,728530]
[32,21,361,0]
[33,22,726994,727912]
[34,23,1298,0]
[35,24,726994,727503]
[36,25,782,0]
[37,26,726994,727592]
[38,27,1651,0]
[39,28,511108,511551]
[40,28,726994,728351]
[41,29,45,0]
[42,30,580484,581273]
[43,30,726994,727004]
[44,31,1562,0]
[45,32,590407,592326]
[46,32,726994,727168]
[47,33,1000,0]
[48,34,726994,727756]
[49,35,970,0]
[50,36,726994,727131]
[51,37,1876,0]
[52,38,726994,728626]
[53,39,87,0]
[54,40,726994,728738]
[55,41,524,0]
[56,42,454454,454882]
[57,42,726994,728390]
[58,43,1129,0]
[59,44,726994,728581]
[60,45,24048,22597]
[61,45,698,0]
[62,46,726994,728117]
[63,47,1812,0]
[64,48,726994,728610]
[65,49,422,0]
[66,50,465742,466063]
[67,50,726994,727392]
[68,51,1372,0]
[69,52,569987,570311]
[70,52,726994,728187]
[71,53,304499,303769]
[72,53,721,0]
[73,54,726994,728977]
[74,55,286209,285478]
[75,55,283,0]
[76,56,726994,727248]
[77,57,212182,210924]
[78,57,1283,0]
[79,58,561501,562869]
[80,58,726994,727222]
[81,59,1772,0]
[82,60,428956,430200]
[83,60,726994,727206]
[84,61,1860,0]
[85,62,726994,727983]
[86,63,1088,0]
[87,64,680674,681314]
[88,64,726994,727379]
[89,65,315142,314924]
[90,65,228,0]
[91,66,726994,728830]
[92,67,916,0]
[93,68,603746,605097]
[94,68,726994,728643]
[95,69,532,0]
[96,70,726994,727119]
[97,71,322,0]
[98,72,726994,728276]
[99,73,1850,0]
[100,74,592496,593495]
[101,74,726994,727469]
[102,75,118073,117493]
[103,75,1720,0]
[104,76,726994,727804]
[105,77,179495,177832]
[106,77,10,0]
[107,78,726994,728410]
[108,79,1273,0]
[109,80,709045,710684]
[110,80,726994,727779]
[111,81,1853,0]
[112,82,726994,728406]
[113,83,29,0]
[114,84,487504,487570]
[115,84,726994,728618]
[116,85,1018,0]
[117,86,726994,728148]
[118,87,264,0]
[119,88,726994,728749]
[120,89,1724,0]
[121,90,436998,437842]
[122,90,726994,728586]
[123,91,640,0]
[124,92,726994,727542]
[125,93,1593,0]
[126,94,444553,446077]
[127,94,726994,727667]
[128,95,267,0]
[129,96,726994,727800]
[130,97,523,0]
[131,98,726994,728260]
[132,99,1634,0]
[133,100,424178,425633]
[134,100,726994,727981]
[135,101,796,0]
[136,102,726994,728465]
[137,103,1343,0]
[138,104,614917,615130]
[139,104,726994,727738]
[140,105,1334,0]
[141,106,726994,728344]
[142,107,598,0]
[143,108,726994,727740]
[144,109,141533,140154]
[145,109,1016,0]
[146,110,726994,727716]
[147,111,750,0]
[148,112,726994,727516]
[149,113,1339,0]
[150,114,726994,727499]
[151,115,247,0]
[152,116,587836,588019]
[153,116,726994,727443]
[154,117,887,0]
[155,118,726994,727725]
[156,119,394,0]
[157,120,726994,727406]
[158,121,1757,0]
[159,122,538248,538910]
[160,122,726994,728564]
[161,123,192324,191692]
[162,123,1928,0]
[163,124,726994,728550]
[164,125,440,0]
[165,126,726994,728261]
[166,127,353,0]
[167,128,726994,728905]
[168,129,188532,187570]
[169,129,566,0]
[170,130,726994,727649]
[171,131,297,0]
[172,132,726994,727262]
[173,133,293647,292042]
[174,133,1395,0]
[175,134,663228,664875]
[176,134,726994,727967]
[177,135,118,0]
[178,136,726994,727391]
[179,137,1496,0]
[180,138,721040,722497]
[181,138,726994,728249]
[182,139,73912,72169]
[183,139,1992,0]
[184,140,479025,479081]
[185,140,726994,727624]
[186,141,246614,245538]
[187,141,451,0]
[188,142,726994,728388]
[189,143,833,0]
[190,144,441703,442816]
[191,144,726994,728311]
[192,145,225230,223765]
[193,145,1393,0]
[194,146,726994,727867]
[195,147,1905,0]
[196,148,726994,728007]
[197,149,1226,0]
[198,150,726994,727162]
[199,151,1975,0]
[200,152,575411,575555]
[201,152,726994,728170]
[202,153,624,0]
[203,154,726994,727406]
[204,155,781,0]
[205,156,726994,727014]
[206,157,227762,227350]
[207,157,1755,0]
[208,158,726994,727484]
[209,159,1161,0]
[210,160,726994,728597]
[211,161,299,0]
[212,162,726994,727410]
[213,163,1346,0]
[214,164,726994,727285]
[215,165,473,0]
[216,166,528990,529318]
[217,166,726994,728361]
[218,167,924,0]
[219,168,626694,626769]
[220,168,726994,727546]
[221,169,389,0]
[222,170,726994,728386]
[223,171,205578,205208]
[224,171,1782,0]
[225,172,726994,727259]
[226,173,627,0]
[227,174,404661,405456]
[228,174,726994,728838]
[229,175,796,0]
[230,176,726994,728117]
[231,177,1988,0]
[232,178,726994,728966]
[233,179,1747,0]
[234,180,688584,689337]
[235,180,726994,728099]
[236,181,82435,82316]
[237,181,1165,0]
[238,182,726994,728206]
[239,183,609,0]
[240,184,570056,570382]
[241,184,726994,727809]
[242,185,1260,0]
[243,186,470683,471426]
[244,186,726994,727507]
[245,187,207917,206013]
[246,187,1568,0]
[247,188,726994,727836]
[248,189,46201,44578]
[249,189,844,0]
[250,190,726994,727911]
[251,191,324915,324739]
[252,191,1233,0]
[253,192,726994,727303]
[254,193,898,0]
[255,194,726994,728361]
[256,195,89172,88246]
[257,195,1525,0]
[258,196,726994,727157]
[259,197,770,0]
[260,198,726994,727667]
[261,199,185034,183396]
[262,199,1111,0]
[263,200,726994,727639]
[264,201,294365,292980]
[265,201,1864,0]
[266,202,416284,416387]
[267,202,726994,728499]
[268,203,1029,0]
[269,204,726994,728661]
[270,205,466,0]
[271,206,577583,578938]
[272,206,726994,727477]
[273,207,1727,0]
[274,208,726994,727444]
[275,209,1348,0]
[276,210,726994,728625]
[277,211,162981,162963]
[278,211,190,0]
[279,212,726994,728248]
[280,213,188582,187368]
[281,213,1459,0]
[282,214,726994,728776]
[283,215,447,0]
[284,216,726994,727114]
[285,217,69136,68456]
[286,217,167,0]
[287,218,726994,728393]
[288,219,206,0]
[289,220,492030,492360]
[290,220,726994,727163]
[291,221,1231,0]
[292,222,726994,727314]
[293,223,1280,0]
[294,224,726994,727223]
[295,225,1705,0]
[296,226,671000,672144]
[297,226,726994,727326]
[298,227,1562,0]
[299,228,525607,526132]
[300,228,726994,728993]
[301,229,29,0]
[302,230,520515,522396]
[303,230,726994,727828]
[304,231,108,0]
[305,232,726994,727677]
[306,233,87559,87376]
[307,233,91,0]
[308,234,726994,728048]
[309,235,34088,33363]
[310,235,1345,0]
[311,236,726994,727262]
[312,237,127371,126834]
[313,237,1480,0]
[314,238,709868,710936]
[315,238,726994,728003]
[316,239,293494,293334]
[317,239,1235,0]
[318,240,612533,612941]
[319,240,726994,727712]
[320,241,1917,0]
[321,242,726994,727572]
[322,243,1950,0]
[323,244,726994,727231]
[324,245,152639,152429]
[325,245,179,0]
[326,246,436344,436638]
[327,246,726994,728701]
[328,247,863,0]
[329,248,726994,728851]
[330,249,232,0]
[331,250,726994,728208]
[332,251,73273,71387]
[333,251,465,0]
[334,252,568570,568971]
[335,252,726994,727340]
[336,253,1149,0]
[337,254,726994,727578]
[338,255,437,0]
[339,256,726994,727197]
[340,257,196908,195247]
[341,257,134,0]
[342,258,468377,469200]
[343,258,726994,727544]
[344,259,1614,0]
[345,260,682799,684690]
[346,260,726994,728554]
[347,261,127,0]
[348,262,668892,670370]
[349,262,726994,727314]
[350,263,1197,0]
[351,264,582606,584001]
[352,264,726994,728244]
[353,265,1499,0]
[354,266,560509,562493]
[355,266,726994,728455]
[356,267,30,0]
[357,268,492794,493073]
[358,268,726994,728162]
[359,269,86249,85356]
[360,269,136,0]
[361,270,726994,728746]
[362,271,128069,127961]
[363,271,374,0]
[364,272,726994,727212]
[365,273,861,0]
[366,274,726994,728066]
[367,275,230898,229531]
[368,275,1797,0]
[369,276,726994,728503]
[370,277,78987,77065]
[371,277,1458,0]
[372,278,726994,728637]
[373,279,745,0]
[374,22,440006,440367]
[375,65,422704,421446]
[376,61,670363,669374]
[377,132,279023,279296]
[378,133,296099,294362]
[379,7,715992,715525]
[380,14,134854,135447]
[381,164,75175,76109]
[382,34,699543,699758]
[383,230,623182,625026]
[384,19,364411,363977]
[385,150,549343,549542]
[386,43,56470,54813]
[387,14,258764,259228]
[388,74,28249,29079]
[389,270,184979,186156]
[390,73,321456,319746]
[391,132,97552,98870]
[392,79,265852,264923]
[393,105,229066,228896]
[394,118,228921,230613]
[395,122,300440,301587]
[396,161,726594,725563]
[397,82,546772,547536]
[398,100,433341,434207]
[399,69,461566,460738]
[400,166,355848,356473]
[401,182,441146,442286]
[402,253,107986,107717]
[403,5,202455,200569]
[404,211,717856,716857]
[405,151,599545,597666]
[406,261,582802,581575]
[407,26,537295,538567]
[408,172,352136,353752]
[409,221,96353,96307]
[410,246,448096,448314]
[411,84,672028,672930]
[412,229,69368,69107]
[413,205,565350,565288]
[414,99,169600,167912]
[415,10,70108,70921]
[416,128,574627,576346]
[417,84,685514,685667]
[418,165,303902,301907]
[419,190,552306,553202]
[420,39,228706,228491]
[421,269,196008,194694]
[422,143,558333,558156]
[423,212,424469,424854]
[424,162,713319,714677]
[425,27,582186,580509]
[426,5,412045,410277]
[427,129,190317,189842]
[428,66,29226,29769]
[429,107,681005,680409]
[430,108,468080,469180]
[431,0,333484,335168]
[432,244,689335,690921]
[433,2,58049,59770]
[434,167,501572,499650]
[435,165,116352,115414]
[436,20,110665,112265]
[437,82,194337,195838]
[438,240,475097,475307]
[439,186,556479,558047]
[440,162,4387,5934]
[441,187,378401,377621]
[442,23,265707,264884]
[443,191,259480,259319]
[444,275,322004,321162]
[445,82,587352,587863]
[446,95,686700,685374]
[447,78,185887,186800]
[448,65,436225,435209]
[449,84,576112,577433]
[450,231,114249,114088]
[451,214,196309,197540]
[452,181,492485,491850]
[453,84,697663,698002]
[454,169,438123,436155]
[455,245,724040,722046]
[456,55,230361,230345]
[457,108,214941,216677]
[458,233,324239,323770]
[459,168,441184,442095]
[460,21,235237,234553]
[461,6,103726,105647]
[462,32,375372,376319]
[463,277,229981,229710]
[464,60,4913,6556]
[465,182,653479,654348]
[466,211,58297,57088]
[467,267,666479,664884]
[468,79,278183,277461]
[469,151,296929,295158]
[470,46,394218,395382]
[471,167,658965,658695]
[472,264,59988,60540]
[473,220,563223,563562]
[474,53,28831,28048]
[475,259,410161,408415]
[476,232,677562,678412]
[477,41,598663,598554]
[478,253,537967,536955]
[479,71,175415,173548]
[480,276,491403,492833]
[481,163,314220,313047]
[482,96,89508,90958]
[483,94,279601,280019]
[484,1,319885,318021]
[485,175,478611,477192]
[486,45,435778,435366]
[487,99,558112,556232]
[488,50,219549,221056]
[489,71,252972,251739]
[490,28,613302,614094]
[491,221,597055,596863]
[492,277,149111,147957]
[493,72,681520,683259]
[494,252,136617,137432]
[495,115,146211,145062]
[496,101,267444,266483]
[497,206,33120,33144]
[498,67,227671,226926]
[499,210,427744,429427]
[500,228,679017,679164]
