["head":"wrap","lpos","status"]
[109,680243,1]
["io count"]
[2000]
["io":"id","wrap","startLpos","endLpos"]
[1,1,504161,503286]
[2,195,678107,676807]
[3,9,454219,453910]
[4,233,124247,122979]
[5,232,390041,390450]
[6,190,13380,15198]
[7,96,428668,428764]
[8,143,341851,339916]
[9,171,266064,265138]
[10,247,287771,285775]
[11,104,453354,455126]
[12,6,518473,519296]
[13,227,241392,240493]
[14,228,595281,595597]
[15,56,435649,436568]
[16,277,337216,337042]
[17,135,589613,587632]
[18,232,256030,257128]
[19,264,54884,56001]
[20,126,65709,66238]
[21,55,438615,436807]
[22,152,194802,196632]
[23,146,57280,58576]
[24,116,655811,656836]
[25,188,282737,283773]
[26,172,105396,106819]
[27,198,625643,626775]
[28,123,271977,270794]
[29,239,559308,557385]
[30,196,534788,535063]
[31,127,210451,208688]
[32,46,485915,487066]
[33,78,262546,264122]
[34,24,82864,83288]
[35,202,170461,170880]
[36,269,51284,50947]
[37,242,405120,405362]
[38,91,442083,441215]
[39,279,281746,281474]
[40,53,451850,450330]
[41,215,439721,438857]
[42,144,492393,492790]
[43,150,232278,232974]
[44,163,81086,80971]
[45,139,505214,504501]
[46,26,536614,538229]
[47,172,282717,283006]
[48,156,492317,493363]
[49,8,270145,270858]
[50,53,566554,565148]
[51,86,358159,360086]
[52,256,284115,284988]
[53,173,319552,317964]
[54,143,186319,185096]
[55,249,617882,617631]
[56,248,309428,310404]
[57,177,377571,376573]
[58,213,176824,175089]
[59,96,73481,73641]
[60,221,641082,639808]
[61,139,201055,201044]
[62,246,87308,87583]
[63,70,120697,121122]
[64,207,236302,234363]
[65,189,249769,249070]
[66,17,591942,590746]
[67,181,139263,138987]
[68,269,183727,182433]
[69,84,615610,615674]
[70,52,592031,592932]
[71,228,608595,609409]
[72,275,371014,370085]
[73,146,560782,562080]
[74,96,393408,394918]
[75,161,28076,27032]
[76,169,327178,326815]
[77,199,87486,86009]
[78,130,624224,625910]
[79,199,535555,533794]
[80,212,306998,307189]
[81,173,494049,492957]
[82,205,320360,318672]
[83,116,416073,417137]
[84,98,130006,131039]
[85,258,203033,204296]
[86,228,655441,657108]
[87,245,7951,7941]
[88,35,447223,446610]
[89,176,140892,142295]
[90,63,195297,195128]
[91,112,275147,277034]
[92,232,372230,373644]
[93,232,129067,129863]
[94,224,420963,421627]
[95,79,262835,261130]
[96,31,308402,306906]
[97,91,168428,166567]
[98,208,499969,500302]
[99,235,380880,379738]
[100,138,493107,495032]
[101,41,524138,522904]
[102,88,259816,260124]
[103,161,239758,238552]
[104,215,416819,415935]
[105,146,269898,271717]
[106,65,528450,528199]
[107,98,509226,510825]
[108,103,89618,87970]
[109,100,196698,196987]
[110,239,439062,437702]
[111,10,134789,136628]
[112,163,477535,476154]
[113,238,468093,469493]
[114,166,217388,218644]
[115,103,509559,508793]
[116,33,612355,611340]
[117,33,299696,298920]
[118,28,294495,296124]
[119,15,344189,343863]
[120,116,449327,450624]
[121,264,580283,581799]
[122,0,289619,289711]
[123,241,208670,208576]
[124,185,392336,391803]
[125,9,296163,294366]
[126,144,431154,433096]
[127,122,201535,201929]
[128,187,313383,312900]
[129,139,471226,470142]
[130,244,188409,188728]
[131,193,374017,373948]
[132,209,85082,83690]
[133,248,469246,470772]
[134,27,183805,182851]
[135,228,340388,341951]
[136,206,270570,270699]
[137,131,340876,340323]
[138,112,449871,451083]
[139,51,523842,523424]
[140,103,299473,299207]
[141,239,607633,606230]
[142,109,627491,627340]
[143,202,544023,544041]
[144,4,238071,238730]
[145,201,284407,283489]
[146,48,240459,241493]
[147,255,306801,304866]
[148,61,233376,233330]
[149,182,247155,248170]
[150,17,479663,479402]
[151,38,323302,324645]
[152,194,660306,661189]
[153,29,184646,183940]
[154,127,284653,282864]
[155,266,352176,353592]
[156,23,321190,320335]
[157,44,326466,328197]
[158,223,409013,407203]
[159,122,247712,249050]
[160,268,299771,300938]
[161,103,184259,184129]
[162,210,108846,110254]
[163,222,152069,152981]
[164,217,414183,414173]
[165,96,647940,648654]
[166,84,539583,540410]
[167,57,113408,113271]
[168,111,219290,218023]
[169,23,446421,446030]
[170,104,344594,345501]
[171,127,259895,258010]
[172,113,200886,199091]
[173,219,140372,139314]
[174,120,381842,382098]
[175,120,352538,353344]
[176,122,305563,305891]
[177,65,357939,356649]
[178,226,407961,408702]
[179,137,368664,368290]
[180,20,155092,155397]
[181,233,550679,549324]
[182,85,204189,204119]
[183,70,256726,258266]
[184,234,291607,291668]
[185,184,352504,354363]
[186,277,86017,85060]
[187,228,382278,383546]
[188,167,161383,159440]
[189,168,238288,239055]
[190,154,279512,280119]
[191,253,528336,527226]
[192,130,513742,514991]
[193,39,405449,405082]
[194,213,312994,312620]
[195,15,517057,515800]
[196,213,371552,370471]
[197,46,171200,172402]
[198,271,351401,350007]
[199,218,292182,292882]
[200,57,213776,212183]
[201,146,691455,692108]
[202,229,93146,92208]
[203,187,551984,550596]
[204,16,409054,410766]
[205,73,422114,420920]
[206,177,443721,443526]
[207,115,392032,391640]
[208,123,423460,422624]
[209,56,33202,34490]
[210,146,144967,145734]
[211,28,372649,373790]
[212,186,298016,298659]
[213,177,202896,201707]
[214,153,556116,555083]
[215,75,379579,378523]
[216,24,711903,712951]
[217,225,420364,418374]
[218,215,421330,421005]
[219,4,138043,139034]
[220,188,348535,349645]
[221,129,114836,113552]
[222,11,548417,548315]
[223,78,456190,456549]
[224,214,586264,586274]
[225,30,308463,308939]
[226,111,369732,368115]
[227,207,508011,506927]
[228,86,471878,471908]
[229,239,231761,230398]
[230,16,359531,359667]
[231,121,549163,547539]
[232,137,256270,256253]
[233,251,430302,429228]
[234,189,621525,620161]
[235,161,431219,431138]
[236,169,254387,254119]
[237,138,150528,152087]
[238,124,583169,583642]
[239,49,124724,123620]
[240,97,416855,415655]
[241,198,518284,519876]
[242,263,204516,203919]
[243,254,530434,532277]
[244,84,272357,273138]
[245,45,321952,320321]
[246,107,511471,510219]
[247,55,346901,346719]
[248,221,404896,402923]
[249,109,262671,260742]
[250,149,655240,654067]
[251,200,305964,307047]
[252,119,209891,208326]
[253,135,471776,470149]
[254,142,467440,468883]
[255,12,310797,312365]
[256,185,312936,312480]
[257,225,46020,44608]
[258,213,222511,221859]
[259,169,444491,444005]
[260,24,349823,350950]
[261,145,382157,381017]
[262,39,501900,501790]
[263,217,598897,597401]
[264,93,230882,230667]
[265,156,640796,642623]
[266,206,209447,211376]
[267,88,308515,309350]
[268,212,183624,185362]
[269,60,149719,150474]
[270,261,439185,437245]
[271,139,580045,579107]
[272,242,272442,273141]
[273,8,624667,625556]
[274,134,603534,604668]
[275,74,171372,172853]
[276,85,466140,465268]
[277,30,289489,289875]
[278,148,293562,295225]
[279,84,241636,242482]
[280,147,447402,446735]
[281,223,178563,177375]
[282,255,238147,237866]
[283,264,448525,448757]
[284,198,382760,383576]
[285,255,265575,265499]
[286,80,319417,321217]
[287,220,107793,109417]
[288,257,460426,458586]
[289,130,138959,139763]
[290,235,572215,572105]
[291,136,329122,330090]
[292,206,296610,298554]
[293,209,585395,584822]
[294,274,459331,460147]
[295,190,493743,494254]
[296,99,251423,251023]
[297,204,485904,487002]
[298,165,498335,496988]
[299,243,383398,383260]
[300,204,279795,281648]
[301,89,180757,179118]
[302,261,431489,430060]
[303,205,564096,563544]
[304,274,301412,302292]
[305,211,22795,22232]
[306,143,246401,246016]
[307,60,537432,539185]
[308,95,240063,238762]
[309,65,439365,438965]
[310,271,543274,542323]
[311,54,484782,486750]
[312,177,230024,228435]
[313,154,439254,440486]
[314,5,417052,416500]
[315,246,463552,464309]
[316,228,186090,187399]
[317,225,335920,335568]
[318,111,388108,387727]
[319,193,385755,384606]
[320,143,267330,265822]
[321,106,457877,458720]
[322,250,367984,368453]
[323,205,197462,195658]
[324,96,96507,98275]
[325,96,363527,365165]
[326,267,463977,463661]
[327,88,301686,301854]
[328,221,441848,441112]
[329,236,666563,666578]
[330,266,410470,411129]
[331,177,672166,671577]
[332,152,538319,539973]
[333,46,457264,457352]
[334,114,234853,236346]
[335,253,583231,582697]
[336,49,558753,557750]
[337,131,137597,137366]
[338,121,610779,610140]
[339,222,273523,273827]
[340,26,388604,389235]
[341,73,456070,454480]
[342,227,157107,156483]
[343,196,330322,330894]
[344,91,519602,518427]
[345,276,722859,724035]
[346,65,376025,374344]
[347,222,245775,246259]
[348,214,381549,383429]
[349,242,132588,133002]
[350,153,402291,400306]
[351,205,444361,442973]
[352,179,484037,482779]
[353,74,309627,310082]
[354,44,531436,532628]
[355,176,438745,439771]
[356,248,379066,379159]
[357,92,113219,115079]
[358,63,213405,211858]
[359,176,307109,307938]
[360,24,474996,476871]
[361,162,406307,406865]
[362,278,112521,114291]
[363,263,399233,397352]
[364,39,494489,493491]
[365,253,725530,723915]
[366,37,422280,421512]
[367,85,587826,587473]
[368,262,546065,547911]
[369,279,616205,614798]
[370,208,439621,440278]
[371,227,568827,567997]
[372,181,317724,316374]
[373,166,320137,321770]
[374,21,349080,347678]
[375,214,377809,378334]
[376,34,718015,718824]
[377,137,493633,492549]
[378,213,104087,102726]
[379,170,447691,448380]
[380,79,369371,367521]
[381,116,441639,442985]
[382,166,375817,376246]
[383,73,497703,496595]
[384,213,493923,492122]
[385,92,225830,227803]
[386,159,595133,594646]
[387,58,328413,328659]
[388,110,479691,481525]
[389,261,83714,83328]
[390,177,329796,328369]
[391,247,493564,493503]
[392,200,594258,595554]
[393,141,593364,591815]
[394,30,164411,164706]
[395,127,209307,208661]
[396,8,485758,486923]
[397,192,325736,326799]
[398,103,157896,156897]
[399,48,121896,123259]
[400,146,452952,453774]
[401,162,543485,543495]
[402,244,351185,351378]
[403,97,710958,710434]
[404,89,533411,531770]
[405,177,267073,265125]
[406,123,397627,396578]
[407,244,167117,167567]
[408,25,173043,172011]
[409,157,327711,327301]
[410,6,645101,646592]
[411,55,391188,390306]
[412,127,465659,463902]
[413,153,194189,193917]
[414,214,336831,337174]
[415,50,620971,622881]
[416,174,562684,562929]
[417,78,326602,327784]
[418,109,411723,411214]
[419,202,257913,258344]
[420,30,12151,14071]
[421,233,700680,698744]
[422,41,265230,264385]
[423,28,602434,603650]
[424,107,148409,146571]
[425,90,405113,406253]
[426,29,488175,486313]
[427,80,568921,569924]
[428,132,622320,622875]
[429,273,511805,510944]
[430,269,357254,356536]
[431,153,276456,275079]
[432,250,546032,547253]
[433,45,100772,99860]
[434,189,362013,360111]
[435,200,30520,31382]
[436,32,261182,262042]
[437,143,604521,603218]
[438,49,90383,88719]
[439,257,362428,362184]
[440,222,338750,338816]
[441,229,452548,451041]
[442,166,189874,191352]
[443,81,376138,375963]
[444,205,374435,372656]
[445,259,422536,422363]
[446,139,26674,26589]
[447,101,471379,471355]
[448,64,359140,360495]
[449,277,300927,299981]
[450,142,133544,134000]
[451,194,220139,221414]
[452,136,466325,467560]
[453,111,405408,403755]
[454,137,170783,169940]
[455,41,274518,273445]
[456,244,193330,194123]
[457,55,685303,684598]
[458,21,200585,200157]
[459,84,594838,596186]
[460,15,286336,284418]
[461,107,390957,389811]
[462,6,142789,143866]
[463,250,726075,727214]
[464,226,73416,73474]
[465,90,334578,335909]
[466,44,640595,640948]
[467,234,523068,524338]
[468,61,551462,550475]
[469,132,236438,236455]
[470,122,292551,294065]
[471,112,385093,386146]
[472,213,103437,101561]
[473,143,621057,619712]
[474,239,343958,342730]
[475,99,470187,468532]
[476,160,290159,291677]
[477,5,493596,491931]
[478,0,282885,284565]
[479,145,252809,251583]
[480,95,438758,437794]
[481,216,310441,310929]
[482,243,386725,385872]
[483,268,396410,396609]
[484,27,408466,407973]
[485,78,212679,214376]
[486,116,553642,554914]
[487,62,166253,167539]
[488,129,456306,455552]
[489,103,159846,158146]
[490,169,227154,226168]
[491,8,358219,359244]
[492,9,350881,350035]
[493,184,650010,650425]
[494,173,186736,186220]
[495,218,87619,88876]
[496,192,571575,571674]
[497,156,392885,393755]
[498,143,379911,379384]
[499,66,356110,357196]
[500,244,306142,307381]
[501,101,544613,544219]
[502,279,400314,399823]
[503,224,396128,397244]
[504,193,533129,531390]
[505,133,112514,110795]
[506,189,651926,651155]
[507,99,168193,166584]
[508,75,608800,607064]
[509,27,713496,712693]
[510,239,406812,405977]
[511,208,179310,180010]
[512,43,414718,413075]
[513,120,418285,419974]
[514,125,654804,653905]
[515,92,479589,479725]
[516,87,324651,323265]
[517,135,277440,277269]
[518,165,423878,422104]
[519,273,335245,334753]
[520,168,406665,406888]
[521,169,488584,487472]
[522,202,400308,401825]
[523,205,516941,515871]
[524,211,344563,343035]
[525,130,212568,212602]
[526,246,232194,232873]
[527,169,373445,371818]
[528,148,303204,304108]
[529,125,369730,368524]
[530,102,545063,545776]
[531,163,265963,265468]
[532,57,271380,269428]
[533,255,465541,464337]
[534,78,410462,412073]
[535,133,332724,331033]
[536,254,441609,442884]
[537,242,605022,605757]
[538,75,144392,142739]
[539,49,396374,395011]
[540,7,371156,369266]
[541,198,470733,471221]
[542,180,343112,343176]
[543,103,559165,557279]
[544,259,378157,377628]
[545,178,670988,672303]
[546,64,487686,488060]
[547,106,474179,474446]
[548,192,608855,610694]
[549,235,326388,326239]
[550,121,175739,174979]
[551,161,258603,258541]
[552,226,404091,405352]
[553,42,312350,312627]
[554,81,251520,250036]
[555,222,359393,360534]
[556,173,408398,408087]
[557,35,246554,246039]
[558,188,187349,188117]
[559,131,497715,496148]
[560,180,141261,142983]
[561,258,526064,527897]
[562,43,303889,303826]
[563,222,548906,548932]
[564,2,346256,347645]
[565,222,168880,170554]
[566,86,165469,165539]
[567,245,165535,164519]
[568,100,216826,217587]
[569,48,425627,427350]
[570,8,156445,156825]
[571,92,461559,462211]
[572,161,386456,385893]
[573,233,369785,368989]
[574,180,305088,305978]
[575,83,358365,357272]
[576,263,290916,289652]
[577,86,152692,154052]
[578,136,523603,523905]
[579,198,627755,629520]
[580,8,554723,555195]
[581,64,696618,697335]
[582,65,142096,141069]
[583,261,558947,558197]
[584,195,200948,200747]
[585,109,36166,35998]
[586,255,316148,314735]
[587,279,251178,250461]
[588,126,182207,183496]
[589,128,691159,692140]
[590,31,655446,654655]
[591,161,410716,409242]
[592,9,304626,303230]
[593,151,226508,225691]
[594,101,458870,458006]
[595,164,451426,452496]
[596,174,200025,201264]
[597,43,95672,93792]
[598,2,424473,424657]
[599,209,211184,210222]
[600,66,255449,256061]
[601,138,322334,323522]
[602,51,684125,682599]
[603,234,362241,363649]
[604,164,418440,418518]
[605,150,293694,294665]
[606,38,652965,654837]
[607,233,312926,311584]
[608,161,235988,235305]
[609,5,91205,91031]
[610,214,237805,238913]
[611,134,315650,316806]
[612,219,372339,371096]
[613,159,512428,511941]
[614,182,392604,392862]
[615,9,508834,507389]
[616,158,234312,235319]
[617,107,398584,396913]
[618,219,142012,141498]
[619,189,311873,311225]
[620,75,681870,680866]
[621,138,213492,215149]
[622,212,532147,532270]
[623,160,366256,366656]
[624,88,397387,398213]
[625,19,339424,338085]
[626,73,590718,588895]
[627,175,354739,354673]
[628,238,269798,271369]
[629,148,62996,63006]
[630,263,146900,145872]
[631,239,508728,508544]
[632,278,407536,409083]
[633,58,239772,240678]
[634,126,449474,451418]
[635,21,277536,275911]
[636,96,235714,235943]
[637,97,374839,374671]
[638,10,353779,355098]
[639,178,483965,484878]
[640,246,290331,290674]
[641,93,600230,599451]
[642,127,343399,342978]
[643,214,471563,473149]
[644,69,245332,243714]
[645,20,70774,71453]
[646,61,583804,582421]
[647,33,352000,351022]
[648,206,450004,450706]
[649,252,73253,73502]
[650,197,263352,261726]
[651,249,307139,305432]
[652,68,360642,360900]
[653,144,390550,390651]
[654,192,51472,51931]
[655,246,412835,413920]
[656,31,198396,196956]
[657,195,318093,317811]
[658,7,567541,566038]
[659,85,318909,317897]
[660,99,463823,463182]
[661,31,594837,593954]
[662,156,256434,257630]
[663,140,99307,99847]
[664,120,328035,329825]
[665,216,500554,502046]
[666,221,346172,345655]
[667,50,33930,34301]
[668,61,271792,270131]
[669,137,171614,171425]
[670,270,370115,371399]
[671,52,443953,444309]
[672,1,225424,224456]
[673,264,290758,292463]
[674,150,221851,222145]
[675,234,163189,164128]
[676,97,276000,275264]
[677,111,500321,500291]
[678,169,378076,376159]
[679,249,229157,227718]
[680,70,327911,328190]
[681,25,149011,147116]
[682,60,389563,391061]
[683,205,591872,591334]
[684,165,400788,398791]
[685,38,182076,182385]
[686,71,231537,229562]
[687,266,174978,176415]
[688,200,439074,440018]
[689,128,170813,172291]
[690,226,453506,453955]
[691,253,213430,211845]
[692,50,426802,427515]
[693,8,377954,379951]
[694,171,510580,510102]
[695,187,246461,245606]
[696,97,116262,114772]
[697,59,558794,557799]
[698,154,80809,82036]
[699,71,503614,502111]
[700,20,265953,267137]
[701,247,232512,231649]
[702,85,278894,277035]
[703,183,664920,664415]
[704,163,394314,393745]
[705,162,616625,616778]
[706,224,179659,181455]
[707,80,392071,393728]
[708,204,440195,440378]
[709,247,563345,561632]
[710,147,288844,287748]
[711,148,254110,254925]
[712,136,311100,313060]
[713,189,249351,248405]
[714,205,178960,177607]
[715,109,137598,135641]
[716,45,558510,557254]
[717,32,346842,348522]
[718,165,522421,521026]
[719,119,442850,442650]
[720,274,441365,442875]
[721,86,94019,94215]
[722,221,629690,629553]
[723,169,433052,432829]
[724,94,423343,423889]
[725,31,237694,236727]
[726,82,455646,457077]
[727,137,604584,604196]
[728,102,147052,149015]
[729,112,388735,389393]
[730,275,25656,23765]
[731,221,408979,407480]
[732,81,221603,220082]
[733,102,466077,467827]
[734,179,327284,327274]
[735,227,676819,676377]
[736,76,463035,464938]
[737,36,355129,355281]
[738,88,546283,546383]
[739,175,335713,335274]
[740,156,292261,292478]
[741,111,238310,236762]
[742,56,595074,596328]
[743,199,333755,333577]
[744,77,261128,260281]
[745,227,599555,598596]
[746,132,402941,403076]
[747,110,610718,610821]
[748,270,328901,329540]
[749,245,97613,95731]
[750,74,493034,493689]
[751,219,389452,388951]
[752,193,335208,334777]
[753,90,62488,63632]
[754,149,620255,619179]
[755,200,140698,141675]
[756,277,151110,150998]
[757,67,691560,690195]
[758,227,550400,549973]
[759,171,456963,455798]
[760,94,455788,457044]
[761,112,333969,335895]
[762,43,291407,290368]
[763,72,722234,723240]
[764,253,305692,305409]
[765,255,602264,600783]
[766,152,210445,211706]
[767,43,393386,392951]
[768,137,437114,435181]
[769,26,471179,472879]
[770,154,355910,356563]
[771,207,122222,120740]
[772,188,410415,411369]
[773,5,408147,407818]
[774,34,360684,362597]
[775,42,206622,207940]
[776,245,327037,326253]
[777,224,423170,424074]
[778,117,478687,477134]
[779,264,338114,339905]
[780,102,329237,330994]
[781,12,483545,485529]
[782,2,357687,358974]
[783,85,420885,420051]
[784,259,659515,658554]
[785,118,386517,387916]
[786,187,519995,518654]
[787,232,376305,376983]
[788,6,600793,600971]
[789,184,253735,254594]
[790,72,262629,264563]
[791,244,235652,236109]
[792,44,404752,405002]
[793,178,470777,472069]
[794,171,686002,685262]
[795,61,603879,602148]
[796,113,232165,231260]
[797,39,360697,359170]
[798,135,402786,401121]
[799,263,346129,345171]
[800,256,510082,510614]
[801,43,288468,286969]
[802,133,583838,583574]
[803,16,352480,354195]
[804,229,462641,462461]
[805,12,264299,264829]
[806,141,229514,228128]
[807,254,537296,538260]
[808,110,370930,372364]
[809,242,490339,491278]
[810,128,254461,255216]
[811,231,229451,228259]
[812,168,341141,342416]
[813,87,484224,484182]
[814,177,530077,529699]
[815,148,402670,402906]
[816,80,258077,259871]
[817,279,169350,167631]
[818,34,301163,302429]
[819,68,644354,644678]
[820,242,393283,394213]
[821,161,116868,115316]
[822,214,146052,146833]
[823,87,115435,114255]
[824,101,497200,496004]
[825,183,521863,519990]
[826,277,461811,460547]
[827,201,255432,255331]
[828,35,114176,112423]
[829,5,246270,244989]
[830,187,76627,75216]
[831,90,415810,416095]
[832,140,53996,54776]
[833,248,360516,362192]
[834,66,427695,428048]
[835,185,550813,550607]
[836,87,135812,135721]
[837,69,192870,192594]
[838,270,335875,337867]
[839,179,284504,283122]
[840,99,182911,181528]
[841,67,471945,470409]
[842,78,487664,488321]
[843,33,106033,104256]
[844,73,543137,541223]
[845,131,355156,353911]
[846,71,151510,149587]
[847,137,395964,393978]
[848,80,465859,466370]
[849,232,91867,92115]
[850,252,268878,269794]
[851,204,213344,213407]
[852,137,575014,573985]
[853,106,377542,377991]
[854,276,222282,223541]
[855,219,342303,341400]
[856,238,253117,254830]
[857,226,45955,47667]
[858,138,158525,159181]
[859,146,457933,458927]
[860,112,447343,448467]
[861,133,230792,229499]
[862,28,243402,243528]
[863,199,617065,616265]
[864,173,77833,75835]
[865,271,180343,178905]
[866,142,392747,394105]
[867,180,502402,502843]
[868,12,85969,87683]
[869,113,277817,276467]
[870,56,324041,325864]
[871,40,395334,396431]
[872,75,409430,408543]
[873,71,289631,289151]
[874,111,438383,437157]
[875,252,226461,227262]
[876,95,542245,542168]
[877,243,325901,324751]
[878,71,29651,28864]
[879,152,292677,293265]
[880,261,493397,491999]
[881,221,49983,49927]
[882,150,321620,322623]
[883,52,404725,405504]
[884,251,531160,530655]
[885,279,409235,408621]
[886,37,473787,473753]
[887,77,434970,434752]
[888,10,401023,401702]
[889,235,328570,327528]
[890,47,177191,175627]
[891,197,348460,346657]
[892,205,92245,91557]
[893,130,34510,36200]
[894,252,526222,527177]
[895,194,534841,535879]
[896,256,178979,180107]
[897,212,296551,296864]
[898,25,442943,441463]
[899,200,453196,454390]
[900,178,218884,220547]
[901,235,203279,201976]
[902,99,203896,203253]
[903,43,629387,628485]
[904,211,498309,498173]
[905,28,182217,184086]
[906,224,84589,86293]
[907,53,340429,340216]
[908,147,272520,271501]
[909,141,399388,398545]
[910,147,118187,117033]
[911,211,244569,243800]
[912,201,302750,301851]
[913,33,151972,151463]
[914,24,695312,697213]
[915,93,545192,543788]
[916,209,523642,522166]
[917,120,8180,10115]
[918,261,209499,207525]
[919,70,442311,442466]
[920,278,574894,575872]
[921,71,299236,297698]
[922,225,308775,306817]
[923,50,432502,432520]
[924,210,380021,381601]
[925,80,477865,479130]
[926,21,248166,247110]
[927,93,179765,179057]
[928,103,43176,41598]
[929,226,493544,494080]
[930,193,364474,362572]
[931,14,237793,239386]
[932,160,411589,411781]
[933,128,482778,483323]
[934,103,385698,385202]
[935,5,410574,409894]
[936,147,246330,245563]
[937,158,218119,218671]
[938,157,520439,519194]
[939,123,470830,470692]
[940,116,106917,108312]
[941,132,293645,294044]
[942,14,173966,175226]
[943,173,291011,290364]
[944,243,263837,262576]
[945,87,723849,722688]
[946,198,657076,657479]
[947,244,717235,717972]
[948,58,559629,561077]
[949,86,377008,377386]
[950,152,430065,431309]
[951,74,315968,316394]
[952,63,414708,414440]
[953,128,414629,415831]
[954,243,49500,48704]
[955,162,601882,603731]
[956,181,365521,364702]
[957,84,465388,467241]
[958,114,565007,565916]
[959,264,394467,395216]
[960,77,460067,459678]
[961,244,346169,346981]
[962,29,469124,468782]
[963,157,351249,350316]
[964,49,417569,415860]
[965,188,336829,338019]
[966,265,528796,527183]
[967,81,275591,274763]
[968,2,498091,499833]
[969,61,324399,323540]
[970,49,367574,366607]
[971,60,175143,176633]
[972,26,96126,97736]
[973,201,368237,368010]
[974,217,524312,523823]
[975,89,483632,482761]
[976,241,352971,351231]
[977,109,591876,590984]
[978,52,479690,481650]
[979,217,251748,250560]
[980,103,485356,484086]
[981,81,301501,300297]
[982,75,322605,320638]
[983,10,364590,366481]
[984,35,141728,140970]
[985,100,230006,230769]
[986,21,349911,348171]
[987,16,544880,546457]
[988,209,531477,530861]
[989,10,545697,546346]
[990,21,284045,283719]
[991,269,478914,477556]
[992,165,475152,473339]
[993,275,689243,688222]
[994,68,469132,469423]
[995,152,231262,233137]
[996,201,140427,140216]
[997,43,534609,532704]
[998,47,206639,205936]
[999,254,250462,250768]
[1000,162,423820,424584]
[1001,188,570556,570578]
[1002,142,496576,496724]
[1003,138,334908,335282]
[1004,111,483797,483196]
[1005,266,322108,322745]
[1006,17,160687,159089]
[1007,115,258773,258432]
[1008,78,457525,459054]
[1009,145,299835,298277]
[1010,140,52344,53874]
[1011,84,591314,592466]
[1012,131,403151,402036]
[1013,51,349233,347736]
[1014,96,220984,222027]
[1015,82,352928,354801]
[1016,53,456470,456210]
[1017,182,252533,253668]
[1018,251,402556,400753]
[1019,81,426269,425040]
[1020,84,360831,360967]
[1021,141,493538,493057]
[1022,246,199069,199656]
[1023,239,516714,516412]
[1024,190,554103,555605]
[1025,69,293843,292965]
[1026,144,388485,389014]
[1027,187,548033,547967]
[1028,157,308953,307818]
[1029,115,375241,374009]
[1030,189,108872,108500]
[1031,92,534648,536547]
[1032,189,431012,429405]
[1033,178,92611,93483]
[1034,278,606664,607290]
[1035,142,542425,542633]
[1036,239,278305,276796]
[1037,279,493731,493155]
[1038,6,198241,198791]
[1039,279,237695,236305]
[1040,120,518462,518948]
[1041,149,655942,655510]
[1042,62,662412,662954]
[1043,170,114918,116519]
[1044,0,257161,259090]
[1045,165,460584,458647]
[1046,268,319556,321383]
[1047,78,288782,289323]
[1048,6,390346,391770]
[1049,26,400548,402178]
[1050,116,480936,482706]
[1051,53,540271,538710]
[1052,256,400023,400134]
[1053,13,288961,288604]
[1054,63,48416,48201]
[1055,52,332940,334906]
[1056,65,316140,314552]
[1057,173,344057,343313]
[1058,73,553344,553312]
[1059,0,352547,353270]
[1060,67,476184,475856]
[1061,162,246008,246764]
[1062,190,594819,595794]
[1063,208,513959,515894]
[1064,131,216355,214727]
[1065,132,304755,306708]
[1066,159,175102,174606]
[1067,150,571344,571873]
[1068,197,517907,516509]
[1069,46,352185,352712]
[1070,81,194955,193940]
[1071,273,232358,230528]
[1072,179,492421,490999]
[1073,35,327600,326983]
[1074,149,544521,544410]
[1075,44,198067,199778]
[1076,41,356021,355577]
[1077,131,593829,593177]
[1078,46,455042,456530]
[1079,143,372417,371991]
[1080,262,678201,678624]
[1081,233,138619,137570]
[1082,251,342812,341923]
[1083,56,586674,587806]
[1084,206,537094,538710]
[1085,25,326376,325521]
[1086,61,272615,271895]
[1087,205,123044,122684]
[1088,202,353900,354787]
[1089,156,51970,53766]
[1090,274,382383,383071]
[1091,10,272784,274427]
[1092,101,364410,363639]
[1093,113,311837,310861]
[1094,233,327296,325673]
[1095,55,366270,365546]
[1096,34,497969,499441]
[1097,216,276521,277281]
[1098,137,197701,196448]
[1099,46,424150,425020]
[1100,91,602224,600584]
[1101,130,96097,96717]
[1102,199,511261,510561]
[1103,239,115381,113967]
[1104,205,628445,627208]
[1105,192,447159,448322]
[1106,70,188600,190077]
[1107,2,162978,163011]
[1108,213,383751,381936]
[1109,238,311186,312151]
[1110,156,473983,474794]
[1111,33,532356,531766]
[1112,62,572044,572410]
[1113,8,404361,406062]
[1114,62,602345,604068]
[1115,137,382772,380790]
[1116,270,442608,443164]
[1117,244,371850,372645]
[1118,245,442065,441723]
[1119,237,441536,439740]
[1120,18,293161,293752]
[1121,169,278620,277237]
[1122,15,440478,438687]
[1123,96,452601,454315]
[1124,109,332133,331774]
[1125,177,335919,334504]
[1126,26,358501,358939]
[1127,252,479776,481607]
[1128,126,644052,644579]
[1129,68,168900,168943]
[1130,245,365998,364945]
[1131,21,391296,391129]
[1132,196,235153,236169]
[1133,156,183429,183534]
[1134,47,601831,599898]
[1135,60,592270,592523]
[1136,5,401094,399826]
[1137,255,304674,303263]
[1138,67,374505,373866]
[1139,156,238259,239342]
[1140,143,24647,23919]
[1141,151,347586,345784]
[1142,206,610985,611011]
[1143,218,437445,438540]
[1144,7,417410,415907]
[1145,189,533284,533183]
[1146,198,289074,290151]
[1147,250,366116,366528]
[1148,100,639365,640261]
[1149,101,134949,133177]
[1150,183,388222,388014]
[1151,170,525669,527509]
[1152,6,461276,462431]
[1153,76,177481,179480]
[1154,132,347286,348840]
[1155,181,186747,185233]
[1156,137,311796,310030]
[1157,123,474577,474232]
[1158,41,223861,222164]
[1159,122,636407,636701]
[1160,12,519483,520223]
[1161,86,2182,2932]
[1162,45,174087,173274]
[1163,218,405729,407485]
[1164,92,679886,680741]
[1165,193,508237,507490]
[1166,33,21334,20972]
[1167,51,211907,211432]
[1168,80,559005,559515]
[1169,255,169773,168420]
[1170,259,216388,214478]
[1171,102,283710,284948]
[1172,221,306887,305732]
[1173,47,433651,431715]
[1174,227,307164,306831]
[1175,80,261684,262343]
[1176,127,374054,374017]
[1177,214,141261,143024]
[1178,33,202657,201234]
[1179,206,637446,638732]
[1180,32,216562,218097]
[1181,73,163591,161960]
[1182,16,146480,147606]
[1183,149,406284,405242]
[1184,71,500610,498628]
[1185,210,277987,279019]
[1186,23,143612,142704]
[1187,147,202704,200955]
[1188,31,19604,18227]
[1189,21,154021,153416]
[1190,219,280059,279664]
[1191,61,290966,290496]
[1192,91,485370,483663]
[1193,215,293079,291871]
[1194,50,328407,328633]
[1195,30,146631,147545]
[1196,255,304449,302494]
[1197,96,108860,109800]
[1198,196,410552,411941]
[1199,20,440643,441460]
[1200,36,333036,333329]
[1201,37,173066,171415]
[1202,35,123444,123388]
[1203,100,409006,410807]
[1204,121,73397,71809]
[1205,99,295769,295380]
[1206,171,73934,73474]
[1207,239,544858,543233]
[1208,251,295403,294899]
[1209,155,386543,384660]
[1210,252,552887,554150]
[1211,71,359660,359269]
[1212,195,114642,112776]
[1213,198,429659,430048]
[1214,82,211383,212816]
[1215,109,15048,14848]
[1216,262,448154,449576]
[1217,66,333389,333730]
[1218,144,690869,691170]
[1219,238,299868,301019]
[1220,68,269594,270892]
[1221,94,261051,261747]
[1222,33,370868,368895]
[1223,188,726460,727817]
[1224,198,352930,354835]
[1225,57,438224,438024]
[1226,59,241112,240489]
[1227,215,319123,318911]
[1228,158,183489,184981]
[1229,90,55270,55634]
[1230,270,135390,136420]
[1231,70,477746,477884]
[1232,213,437313,437297]
[1233,136,484257,485695]
[1234,255,434584,432645]
[1235,108,295460,297064]
[1236,88,492592,492771]
[1237,246,112532,113283]
[1238,263,493476,491895]
[1239,152,485025,485709]
[1240,195,511184,510550]
[1241,271,360535,359690]
[1242,132,488986,490061]
[1243,95,322636,321784]
[1244,105,312778,311192]
[1245,248,638712,639221]
[1246,29,399726,398674]
[1247,210,138889,140249]
[1248,2,564427,566133]
[1249,1,679923,679411]
[1250,107,258772,257919]
[1251,185,708922,708520]
[1252,121,164475,163990]
[1253,30,350848,351058]
[1254,155,390664,390005]
[1255,39,621868,620831]
[1256,172,483186,484020]
[1257,90,514962,516186]
[1258,270,377728,378610]
[1259,217,436741,435191]
[1260,209,194228,193622]
[1261,151,204217,203197]
[1262,184,250123,251689]
[1263,79,485144,485100]
[1264,130,141669,142628]
[1265,123,412320,410798]
[1266,146,645203,645426]
[1267,82,537915,539625]
[1268,276,390087,391346]
[1269,82,543362,544058]
[1270,68,190037,190338]
[1271,41,648223,647888]
[1272,163,323751,321851]
[1273,222,561780,562019]
[1274,144,517092,518288]
[1275,122,108688,109992]
[1276,194,486285,487885]
[1277,82,35067,35817]
[1278,63,312361,311351]
[1279,84,688195,688659]
[1280,140,496107,497710]
[1281,112,122808,124573]
[1282,189,644357,643056]
[1283,6,8302,8468]
[1284,68,501124,501900]
[1285,246,207040,207379]
[1286,59,435665,434313]
[1287,249,174732,174380]
[1288,173,63278,61705]
[1289,35,341936,341034]
[1290,190,270973,271931]
[1291,95,342911,342318]
[1292,105,412656,412187]
[1293,32,380913,382267]
[1294,102,370812,372716]
[1295,54,109027,111018]
[1296,46,509808,511738]
[1297,183,106334,104720]
[1298,204,190343,191790]
[1299,255,420635,419446]
[1300,73,326344,325682]
[1301,115,184588,184488]
[1302,60,154083,155959]
[1303,166,221853,222415]
[1304,92,274973,275313]
[1305,94,598837,599909]
[1306,261,730205,728339]
[1307,278,272854,273146]
[1308,76,425081,426904]
[1309,180,407368,408597]
[1310,145,562136,561380]
[1311,30,233561,235339]
[1312,150,370423,371417]
[1313,190,345251,345308]
[1314,245,636685,634741]
[1315,257,196951,195181]
[1316,3,368621,367873]
[1317,191,610610,609314]
[1318,115,165671,165548]
[1319,129,546929,546608]
[1320,227,429101,428902]
[1321,214,223677,225110]
[1322,177,593303,592037]
[1323,27,589955,588935]
[1324,36,625673,626813]
[1325,213,325155,323985]
[1326,255,419380,418017]
[1327,158,658246,659316]
[1328,245,432588,431452]
[1329,159,604843,603680]
[1330,241,605168,604909]
[1331,257,239705,237907]
[1332,113,598708,597445]
[1333,50,399816,400304]
[1334,269,553447,552735]
[1335,103,258865,256910]
[1336,164,428545,430105]
[1337,273,133811,133232]
[1338,175,433992,433393]
[1339,262,369061,370796]
[1340,164,453312,455120]
[1341,34,183688,185043]
[1342,32,237003,238517]
[1343,67,369625,368471]
[1344,237,479117,477352]
[1345,16,618828,620286]
[1346,65,514980,513704]
[1347,111,128057,127544]
[1348,63,396767,396012]
[1349,98,650506,651905]
[1350,90,541990,543177]
[1351,126,55700,57006]
[1352,226,567362,568547]
[1353,46,226502,226955]
[1354,97,302939,302261]
[1355,212,350556,350881]
[1356,224,336295,337919]
[1357,107,416819,416778]
[1358,96,330191,331586]
[1359,56,256215,256975]
[1360,166,288077,289281]
[1361,46,245724,245734]
[1362,85,135189,134278]
[1363,77,537166,536346]
[1364,268,297118,297612]
[1365,249,285866,284243]
[1366,88,368618,369745]
[1367,221,723070,722663]
[1368,159,428168,427966]
[1369,263,358718,356991]
[1370,49,440286,440144]
[1371,133,109666,109304]
[1372,26,288323,289757]
[1373,239,592833,591177]
[1374,225,421762,419894]
[1375,60,219783,220982]
[1376,7,497082,495615]
[1377,78,534560,535705]
[1378,104,694936,695001]
[1379,152,268651,269547]
[1380,21,174993,173389]
[1381,155,608808,606928]
[1382,127,604636,604555]
[1383,208,102119,102176]
[1384,279,287094,286536]
[1385,166,563246,564004]
[1386,125,362209,362176]
[1387,40,173000,173951]
[1388,143,609158,608653]
[1389,175,514591,513445]
[1390,175,273942,273434]
[1391,220,610326,610838]
[1392,85,197930,197873]
[1393,276,320447,322127]
[1394,33,410066,408708]
[1395,214,413145,414825]
[1396,97,437013,436206]
[1397,56,500210,501975]
[1398,218,572979,573214]
[1399,182,294625,295511]
[1400,137,522760,522500]
[1401,45,262763,261814]
[1402,122,382361,383034]
[1403,199,173458,173190]
[1404,104,329848,330666]
[1405,131,71634,71410]
[1406,127,203488,201753]
[1407,242,286654,288617]
[1408,46,214893,215182]
[1409,114,613023,613332]
[1410,192,342454,343313]
[1411,151,201282,199389]
[1412,160,578774,578963]
[1413,256,530700,531993]
[1414,41,610688,610385]
[1415,52,483556,484655]
[1416,222,441224,441275]
[1417,158,336848,337184]
[1418,159,212266,212215]
[1419,277,451860,451303]
[1420,199,614924,613442]
[1421,115,68035,67476]
[1422,105,67053,65632]
[1423,181,523361,521822]
[1424,254,388048,388639]
[1425,59,612543,611764]
[1426,130,403493,405065]
[1427,23,218482,217084]
[1428,93,282962,282065]
[1429,49,518246,516439]
[1430,238,592795,593432]
[1431,188,173546,175055]
[1432,126,101375,102131]
[1433,239,282645,280983]
[1434,0,140762,142539]
[1435,103,345994,344068]
[1436,169,519218,517332]
[1437,14,260388,261901]
[1438,195,280904,279015]
[1439,246,175612,175788]
[1440,116,404732,404906]
[1441,71,294357,293256]
[1442,34,164891,165312]
[1443,127,293080,292716]
[1444,228,632585,632979]
[1445,189,515754,515030]
[1446,202,612033,613848]
[1447,103,311007,310210]
[1448,225,345178,343765]
[1449,138,400651,400869]
[1450,114,250360,251714]
[1451,213,359237,358342]
[1452,85,226796,225667]
[1453,92,464551,465678]
[1454,199,431216,430429]
[1455,77,399076,397356]
[1456,187,246524,246265]
[1457,117,308152,307793]
[1458,230,534934,536405]
[1459,170,162982,164490]
[1460,241,566544,566026]
[1461,242,271563,271671]
[1462,3,673096,672079]
[1463,125,465486,463860]
[1464,189,320094,318324]
[1465,259,380891,380097]
[1466,130,672701,674254]
[1467,88,333165,333175]
[1468,47,569805,569146]
[1469,17,658845,657051]
[1470,121,480940,480756]
[1471,31,461954,461120]
[1472,264,595651,596546]
[1473,153,213886,212928]
[1474,3,234271,232721]
[1475,176,167736,169377]
[1476,160,588429,588463]
[1477,66,26265,27630]
[1478,267,556202,555763]
[1479,239,339186,337739]
[1480,47,168010,166074]
[1481,246,497623,497768]
[1482,213,65383,64688]
[1483,30,61303,62368]
[1484,57,118155,116530]
[1485,31,497536,496054]
[1486,204,517821,518607]
[1487,119,152953,151069]
[1488,250,470956,471149]
[1489,15,379471,379214]
[1490,120,250539,251931]
[1491,269,229294,228583]
[1492,116,246925,247642]
[1493,187,510738,510329]
[1494,93,221700,221363]
[1495,19,144988,144149]
[1496,201,563364,561809]
[1497,4,423200,423442]
[1498,110,575912,576759]
[1499,191,594203,593636]
[1500,179,698886,698849]
[1501,236,571625,573009]
[1502,108,325658,327411]
[1503,242,111289,112573]
[1504,141,707385,707043]
[1505,189,167312,166009]
[1506,69,78214,76936]
[1507,187,526218,525842]
[1508,153,428583,427563]
[1509,95,371441,371372]
[1510,124,407177,407353]
[1511,11,262374,261066]
[1512,48,580760,581326]
[1513,192,353904,354775]
[1514,91,574100,573726]
[1515,106,33736,33927]
[1516,100,528672,529025]
[1517,183,331822,330662]
[1518,182,158835,158910]
[1519,144,25854,26752]
[1520,213,261649,259880]
[1521,167,192858,191391]
[1522,174,209794,211403]
[1523,13,412317,411479]
[1524,266,548354,548582]
[1525,143,141025,140727]
[1526,12,324035,325712]
[1527,42,580107,580243]
[1528,179,208392,207499]
[1529,258,318007,318883]
[1530,31,561170,560115]
[1531,117,270118,269188]
[1532,143,404437,404177]
[1533,222,286343,287151]
[1534,45,287387,286821]
[1535,264,283137,284091]
[1536,17,337704,337241]
[1537,207,388209,386365]
[1538,185,615532,613849]
[1539,276,682222,684057]
[1540,88,339832,341745]
[1541,234,297790,299649]
[1542,64,299629,300773]
[1543,259,177394,176914]
[1544,9,386772,386042]
[1545,103,303526,302008]
[1546,72,624693,625364]
[1547,221,194177,192742]
[1548,162,460577,461607]
[1549,135,345186,344087]
[1550,65,108512,108179]
[1551,6,352259,353410]
[1552,176,600008,600926]
[1553,55,306496,306202]
[1554,83,424609,422620]
[1555,47,371511,370364]
[1556,164,238038,238630]
[1557,174,256853,258519]
[1558,92,210224,211859]
[1559,246,397564,399049]
[1560,200,455980,456874]
[1561,231,351543,350853]
[1562,90,473621,474388]
[1563,43,438662,437507]
[1564,245,360649,359151]
[1565,91,352159,350473]
[1566,253,259518,259409]
[1567,57,495315,495002]
[1568,122,213917,215447]
[1569,76,421653,421797]
[1570,244,37650,37798]
[1571,128,313376,315172]
[1572,22,394125,394135]
[1573,259,438754,437110]
[1574,100,454995,455623]
[1575,185,323223,322490]
[1576,279,351503,350341]
[1577,262,670843,672494]
[1578,11,456983,456463]
[1579,264,377912,378456]
[1580,194,306334,307084]
[1581,264,477658,478511]
[1582,200,176265,177960]
[1583,221,379015,377346]
[1584,151,528180,527033]
[1585,169,405922,404754]
[1586,260,322923,324625]
[1587,225,155906,155103]
[1588,65,336762,334833]
[1589,169,244332,243735]
[1590,223,227170,225325]
[1591,279,149348,148651]
[1592,193,375121,375017]
[1593,193,273996,272301]
[1594,149,139719,139336]
[1595,160,476147,476712]
[1596,58,417252,417262]
[1597,41,279534,279269]
[1598,214,330376,331086]
[1599,32,541495,542003]
[1600,34,3942,4003]
[1601,157,247926,247213]
[1602,128,680311,680464]
[1603,60,519462,520503]
[1604,274,344203,346002]
[1605,15,272931,271264]
[1606,272,474462,475155]
[1607,276,433100,433419]
[1608,43,307821,307257]
[1609,258,323541,325336]
[1610,166,646313,647486]
[1611,156,41111,41370]
[1612,210,319433,320897]
[1613,203,344793,344121]
[1614,72,665506,665802]
[1615,274,275152,276136]
[1616,218,294896,295660]
[1617,38,649153,651151]
[1618,163,667703,667564]
[1619,61,443246,442552]
[1620,227,334551,333604]
[1621,140,300573,302557]
[1622,251,423908,422165]
[1623,214,692227,693278]
[1624,245,16007,14328]
[1625,42,454235,454713]
[1626,80,523943,525560]
[1627,182,70502,70541]
[1628,227,556703,555608]
[1629,0,273983,274662]
[1630,203,290415,289515]
[1631,220,194782,195939]
[1632,242,570771,572163]
[1633,20,14376,15781]
[1634,103,432656,432106]
[1635,111,135925,134734]
[1636,129,259911,258839]
[1637,85,405609,404366]
[1638,241,271967,270104]
[1639,233,628554,626918]
[1640,222,210426,211465]
[1641,215,612018,610630]
[1642,157,234197,233949]
[1643,84,690791,691646]
[1644,213,520251,520191]
[1645,108,471892,472788]
[1646,95,584030,583838]
[1647,156,557379,558556]
[1648,188,542898,544144]
[1649,160,486451,486782]
[1650,40,268488,270359]
[1651,269,313548,313354]
[1652,198,472846,473162]
[1653,226,471676,473642]
[1654,23,568085,566488]
[1655,129,341838,341491]
[1656,96,561291,561735]
[1657,41,313607,312041]
[1658,101,176651,175912]
[1659,184,269188,270727]
[1660,39,362914,362669]
[1661,278,659607,661246]
[1662,127,73168,72120]
[1663,223,467193,465203]
[1664,163,390302,389258]
[1665,91,422254,420303]
[1666,220,270719,272252]
[1667,9,122797,122329]
[1668,169,522750,521556]
[1669,77,418429,417033]
[1670,166,354497,354954]
[1671,51,350059,349474]
[1672,55,211477,210693]
[1673,114,56255,57312]
[1674,233,295224,293431]
[1675,19,542997,541800]
[1676,160,515764,517717]
[1677,136,469117,471102]
[1678,223,238107,237733]
[1679,37,435723,434524]
[1680,57,347296,346628]
[1681,91,200818,200221]
[1682,28,155498,157243]
[1683,62,297838,299174]
[1684,156,550956,551519]
[1685,183,622352,621009]
[1686,252,347179,348863]
[1687,90,300669,302028]
[1688,139,630964,629703]
[1689,89,466692,465917]
[1690,145,411874,410624]
[1691,102,593158,594665]
[1692,8,138935,139701]
[1693,254,368368,368667]
[1694,39,346859,345010]
[1695,75,425132,424970]
[1696,79,316034,315432]
[1697,44,284827,286209]
[1698,68,512311,512941]
[1699,229,361912,361764]
[1700,180,480936,481715]
[1701,238,52560,53999]
[1702,138,575946,576680]
[1703,259,166055,164140]
[1704,177,558268,557772]
[1705,142,203620,204499]
[1706,95,156518,155406]
[1707,169,112511,111710]
[1708,188,261137,262353]
[1709,67,311050,309564]
[1710,211,168959,168949]
[1711,237,189752,187868]
[1712,37,219194,219111]
[1713,97,106743,106645]
[1714,155,332634,331413]
[1715,269,202636,201638]
[1716,51,425692,423899]
[1717,240,404333,405590]
[1718,209,180467,180110]
[1719,227,570816,569761]
[1720,23,323312,323280]
[1721,260,186320,187928]
[1722,147,567794,566880]
[1723,124,323945,324743]
[1724,28,251942,252201]
[1725,261,555538,554775]
[1726,246,558287,559247]
[1727,76,140326,141187]
[1728,233,482159,481662]
[1729,217,317828,315886]
[1730,82,267654,268663]
[1731,129,360736,359460]
[1732,154,184546,185928]
[1733,77,130045,129950]
[1734,233,342580,341036]
[1735,238,339850,340080]
[1736,78,169027,170353]
[1737,3,562160,561152]
[1738,71,547132,546100]
[1739,20,548845,549387]
[1740,169,181177,180330]
[1741,34,321029,322414]
[1742,27,342990,342563]
[1743,269,234706,233424]
[1744,87,276843,275360]
[1745,34,494176,495824]
[1746,183,504531,504250]
[1747,15,703044,701767]
[1748,113,170734,169829]
[1749,243,290058,289420]
[1750,7,223717,223033]
[1751,59,163090,162153]
[1752,182,46460,47058]
[1753,106,256060,257658]
[1754,279,275606,275519]
[1755,13,341968,340759]
[1756,276,154589,155302]
[1757,210,448283,449682]
[1758,116,208856,209278]
[1759,114,451640,452850]
[1760,87,247272,245579]
[1761,63,365199,363767]
[1762,103,398309,397470]
[1763,39,625232,623805]
[1764,50,271248,273127]
[1765,107,533818,533083]
[1766,63,411266,409608]
[1767,277,197592,196386]
[1768,101,459918,458175]
[1769,23,406009,404967]
[1770,222,226221,227969]
[1771,219,482982,482392]
[1772,168,303888,304315]
[1773,52,506980,507507]
[1774,200,258206,260079]
[1775,55,337301,335391]
[1776,201,215356,215181]
[1777,166,362117,362271]
[1778,148,218167,219706]
[1779,223,351963,350883]
[1780,106,83650,84794]
[1781,16,343735,343958]
[1782,199,216176,215807]
[1783,54,405792,405887]
[1784,216,331628,331801]
[1785,240,406319,407127]
[1786,178,206591,207895]
[1787,40,202742,203628]
[1788,160,229427,229986]
[1789,168,571644,573371]
[1790,263,460829,460732]
[1791,256,412907,413160]
[1792,99,321261,319750]
[1793,267,71555,70267]
[1794,79,141437,139757]
[1795,121,266728,265338]
[1796,22,161658,161681]
[1797,5,375105,373415]
[1798,159,378830,377882]
[1799,186,531688,533454]
[1800,154,388923,389655]
[1801,3,346476,345427]
[1802,41,311647,311290]
[1803,154,402561,403720]
[1804,236,161945,163521]
[1805,23,147797,147215]
[1806,163,510207,508785]
[1807,18,490391,492143]
[1808,194,350739,351475]
[1809,246,605752,606713]
[1810,191,268348,267164]
[1811,53,570168,569936]
[1812,244,54659,56196]
[1813,250,540502,542408]
[1814,221,526052,525725]
[1815,109,711710,710000]
[1816,29,450914,449848]
[1817,126,338631,340263]
[1818,66,500384,500981]
[1819,211,25285,23574]
[1820,8,171914,172960]
[1821,57,444475,442596]
[1822,72,218069,219291]
[1823,118,514808,515142]
[1824,204,367595,369506]
[1825,10,377635,378599]
[1826,16,433279,433636]
[1827,251,368173,366571]
[1828,46,385170,387083]
[1829,127,361144,360669]
[1830,143,631989,631655]
[1831,177,311329,310015]
[1832,88,580709,581893]
[1833,221,170576,168730]
[1834,83,166934,166044]
[1835,102,227691,229457]
[1836,87,210576,208956]
[1837,228,475344,476338]
[1838,145,703665,702811]
[1839,84,179555,180136]
[1840,216,531521,532052]
[1841,243,43964,42877]
[1842,113,443242,442772]
[1843,157,221102,220313]
[1844,170,399642,401408]
[1845,59,227265,227084]
[1846,27,442445,440590]
[1847,238,723651,725401]
[1848,250,268330,269108]
[1849,0,178239,179720]
[1850,86,286014,287475]
[1851,195,307291,305467]
[1852,135,245809,244097]
[1853,112,445569,446252]
[1854,191,201797,201287]
[1855,173,193805,192181]
[1856,115,244398,242750]
[1857,257,459479,458260]
[1858,203,428249,426671]
[1859,181,380646,378733]
[1860,265,425094,423400]
[1861,275,153857,153593]
[1862,153,443974,442747]
[1863,265,433966,432735]
[1864,202,530446,530908]
[1865,80,658302,658771]
[1866,84,319864,320861]
[1867,82,432396,432478]
[1868,164,389519,391335]
[1869,181,258352,258148]
[1870,252,375968,376984]
[1871,117,435960,435613]
[1872,243,558020,556729]
[1873,32,98417,99903]
[1874,196,620046,621182]
[1875,247,251323,249914]
[1876,26,407295,408962]
[1877,38,231365,232708]
[1878,175,415668,414508]
[1879,275,345575,344778]
[1880,277,241479,240654]
[1881,267,642132,641511]
[1882,260,208743,209364]
[1883,107,309510,308621]
[1884,192,449707,451364]
[1885,213,216778,215295]
[1886,242,477598,478111]
[1887,206,309925,311582]
[1888,56,466263,466965]
[1889,170,208708,209151]
[1890,255,347712,345790]
[1891,164,555121,555870]
[1892,28,353162,353870]
[1893,115,329271,327770]
[1894,174,713787,715767]
[1895,36,268613,269783]
[1896,91,182932,182610]
[1897,214,18607,19936]
[1898,229,186685,185432]
[1899,180,105813,105951]
[1900,103,71506,69973]
[1901,44,189031,189652]
[1902,109,549402,548565]
[1903,250,35033,36209]
[1904,216,358682,358789]
[1905,203,338614,338289]
[1906,100,266308,266894]
[1907,15,440626,438851]
[1908,239,177712,176043]
[1909,106,260590,260688]
[1910,141,125581,125009]
[1911,235,510670,509824]
[1912,101,534557,533486]
[1913,120,452545,454091]
[1914,149,448440,446705]
[1915,208,359863,360943]
[1916,253,375841,374460]
[1917,93,485813,485212]
[1918,252,595152,595889]
[1919,40,223465,223549]
[1920,162,300888,301932]
[1921,251,282106,281095]
[1922,132,152019,153204]
[1923,274,83065,84817]
[1924,165,557518,557006]
[1925,210,529039,530556]
[1926,186,262688,263963]
[1927,201,610042,609207]
[1928,131,324848,324002]
[1929,40,350703,351583]
[1930,158,395755,397080]
[1931,179,594281,593901]
[1932,47,9350,7849]
[1933,13,430481,430318]
[1934,228,361241,363149]
[1935,77,244737,243129]
[1936,28,447472,447960]
[1937,90,92242,92736]
[1938,199,453177,451442]
[1939,4,329894,330051]
[1940,275,369042,368098]
[1941,219,586887,586579]
[1942,156,614269,615272]
[1943,64,409127,409143]
[1944,260,146733,146939]
[1945,136,286208,286947]
[1946,214,279695,280791]
[1947,266,339398,340985]
[1948,138,251890,253230]
[1949,271,270763,270577]
[1950,149,391146,391123]
[1951,186,431644,432380]
[1952,25,723925,722376]
[1953,258,81144,82352]
[1954,45,550949,550108]
[1955,242,521054,521116]
[1956,219,278153,277076]
[1957,31,592965,592849]
[1958,225,443211,441962]
[1959,226,211041,212965]
[1960,264,342338,343334]
[1961,31,299127,298201]
[1962,257,294622,293966]
[1963,202,365913,366762]
[1964,274,613919,615008]
[1965,148,674608,675172]
[1966,97,456965,456508]
[1967,177,98159,96229]
[1968,153,381689,380278]
[1969,62,458431,458624]
[1970,85,479663,479224]
[1971,92,365149,365504]
[1972,256,341984,342837]
[1973,68,196343,197786]
[1974,117,539185,538462]
[1975,11,457444,456385]
[1976,272,675662,676196]
[1977,81,459176,459004]
[1978,9,604747,603749]
[1979,274,491503,491729]
[1980,246,400985,401695]
[1981,238,175413,176435]
[1982,5,451990,451028]
[1983,225,205278,205019]
[1984,38,540702,541284]
[1985,187,678247,676444]
[1986,123,466763,466442]
[1987,216,446334,447994]
[1988,185,397355,397084]
[1989,6,297129,299051]
[1990,246,662896,664480]
[1991,218,522249,523868]
[1992,200,414945,416146]
[1993,50,106313,106905]
[1994,122,444954,445422]
[1995,259,434513,434223]
[1996,230,584468,585976]
[1997,126,224649,225575]
[1998,185,206918,206698]
[1999,136,412979,413898]
[2000,140,647701,649172]
