["head":"wrap","lpos","status"]
[186,488147,1]
["io count"]
[1000]
["io":"id","wrap","startLpos","endLpos"]
[1,0,237193,237614]
[2,0,640255,640748]
[3,0,726994,727849]
[4,1,44982,43719]
[5,1,397,0]
[6,2,378023,378745]
[7,2,726994,727384]
[8,3,445260,444033]
[9,3,171990,171837]
[10,3,1952,0]
[11,4,584488,585859]
[12,4,726994,728934]
[13,5,16769,15998]
[14,5,1416,0]
[15,6,658375,659605]
[16,6,726994,728224]
[17,7,439666,439520]
[18,7,1723,0]
[19,8,305661,306935]
[20,8,726994,728238]
[21,9,312905,311274]
[22,9,1140,0]
[23,10,228310,229265]
[24,10,652197,653221]
[25,10,726994,728210]
[26,11,522414,521846]
[27,11,222033,220261]
[28,11,187,0]
[29,12,421144,422464]
[30,12,726994,728221]
[31,13,58455,56902]
[32,13,93,0]
[33,14,571326,573047]
[34,14,726994,727755]
[35,15,371920,370564]
[36,15,114134,113664]
[37,15,1483,0]
[38,16,652731,652829]
[39,16,726994,728692]
[40,17,12608,10971]
[41,17,402,0]
[42,18,688863,689932]
[43,18,726994,728923]
[44,19,472499,471326]
[45,19,485,0]
[46,20,609882,611394]
[47,20,726994,727750]
[48,21,283875,282892]
[49,21,1235,0]
[50,22,308566,308948]
[51,22,726994,727574]
[52,23,345944,345078]
[53,23,1874,0]
[54,24,470692,472227]
[55,24,726994,727236]
[56,25,398614,397523]
[57,25,64621,64518]
[58,25,15,0]
[59,26,318338,319968]
[60,26,726994,728769]
[61,27,333378,332136]
[62,27,23640,22457]
[63,27,1868,0]
[64,28,405969,407284]
[65,28,726994,728938]
[66,29,271426,269849]
[67,29,30467,28681]
[68,29,1780,0]
[69,30,726994,727021]
[70,31,170341,168857]
[71,31,1769,0]
[72,32,337937,338367]
[73,32,602767,603320]
[74,32,726994,728692]
[75,33,493399,491444]
[76,33,47695,46304]
[77,33,1562,0]
[78,34,352077,352788]
[79,34,724954,725328]
[80,34,726994,728144]
[81,35,22083,20638]
[82,35,954,0]
[83,36,452715,453083]
[84,36,726994,728314]
[85,37,435157,434668]
[86,37,611,0]
[87,38,507204,507615]
[88,38,726994,727939]
[89,39,269799,269173]
[90,39,41,0]
[91,40,458897,459617]
[92,40,726994,727214]
[93,41,18894,17318]
[94,41,941,0]
[95,42,584228,585764]
[96,42,726994,728867]
[97,43,234618,234100]
[98,43,29031,27709]
[99,43,1653,0]
[100,44,388902,389447]
[101,44,726994,727800]
[102,45,272905,271483]
[103,45,975,0]
[104,46,225409,227120]
[105,46,629263,630735]
[106,46,726994,727925]
[107,47,176695,175593]
[108,47,1035,0]
[109,48,282755,284749]
[110,48,642792,644269]
[111,48,726994,727179]
[112,49,26867,25427]
[113,49,783,0]
[114,50,255357,255910]
[115,50,726994,727754]
[116,51,9960,8335]
[117,51,1516,0]
[118,52,541619,543142]
[119,52,726994,727564]
[120,53,263974,263832]
[121,53,1916,0]
[122,54,472744,474386]
[123,54,726994,727357]
[124,55,509322,507830]
[125,55,583,0]
[126,56,375989,376240]
[127,56,726994,728359]
[128,57,81615,80162]
[129,57,1573,0]
[130,58,700568,701586]
[131,58,726994,727345]
[132,59,197517,196786]
[133,59,792,0]
[134,60,641478,642804]
[135,60,726994,727436]
[136,61,449698,449433]
[137,61,609,0]
[138,62,674117,676014]
[139,62,726994,728646]
[140,63,376505,375549]
[141,63,7544,6170]
[142,63,189,0]
[143,64,318485,318881]
[144,64,726994,727503]
[145,65,503585,502491]
[146,65,1508,0]
[147,66,205305,205439]
[148,66,726994,727605]
[149,67,84756,83373]
[150,67,1056,0]
[151,68,684004,685109]
[152,68,726994,728293]
[153,69,200895,199844]
[154,69,1820,0]
[155,70,726994,727785]
[156,71,166402,164416]
[157,71,71,0]
[158,72,533470,533979]
[159,72,726994,728434]
[160,73,520195,518199]
[161,73,80927,79048]
[162,73,1791,0]
[163,74,475599,476678]
[164,74,726994,727666]
[165,75,507841,506372]
[166,75,1522,0]
[167,76,693027,694316]
[168,76,726994,727425]
[169,77,354958,353187]
[170,77,1293,0]
[171,78,390778,392165]
[172,78,726994,728491]
[173,79,141588,139754]
[174,79,1783,0]
[175,80,461186,461196]
[176,80,726994,728274]
[177,81,183165,181522]
[178,81,493,0]
[179,82,375611,377502]
[180,82,726994,728020]
[181,83,4765,2864]
[182,83,1349,0]
[183,84,670077,670402]
[184,84,726994,727946]
[185,85,184178,183009]
[186,85,1468,0]
[187,86,292429,293368]
[188,86,726994,728587]
[189,87,3518,1541]
[190,88,467921,468652]
[191,88,726994,728935]
[192,89,216522,216313]
[193,89,874,0]
[194,90,510589,511610]
[195,90,726994,728227]
[196,91,425517,424822]
[197,91,895,0]
[198,92,492428,492950]
[199,92,726994,728120]
[200,93,666,0]
[201,94,428545,428712]
[202,94,726994,727859]
[203,95,102061,101898]
[204,95,10,0]
[205,96,269806,270806]
[206,96,726994,727515]
[207,97,472478,471197]
[208,97,643,0]
[209,98,276918,277932]
[210,98,726994,728519]
[211,99,405861,405840]
[212,99,916,0]
[213,100,361254,362480]
[214,100,690578,690924]
[215,100,726994,727214]
[216,101,124218,123471]
[217,101,167,0]
[218,102,524840,526351]
[219,102,726994,727334]
[220,103,241717,241221]
[221,103,594,0]
[222,104,543913,544547]
[223,104,726994,727699]
[224,105,528801,526981]
[225,105,58274,58264]
[226,105,1938,0]
[227,106,726994,727510]
[228,107,139078,138176]
[229,107,812,0]
[230,108,643458,645452]
[231,108,726994,728914]
[232,109,23877,22898]
[233,109,860,0]
[234,110,447023,447458]
[235,110,726994,728326]
[236,111,144969,143109]
[237,111,956,0]
[238,112,328704,329670]
[239,112,726994,727850]
[240,113,128223,127900]
[241,113,843,0]
[242,114,711110,711987]
[243,114,726994,728585]
[244,115,9989,9920]
[245,115,1224,0]
[246,116,490284,492095]
[247,116,702778,703594]
[248,116,726994,728737]
[249,117,1323,0]
[250,118,226717,228226]
[251,118,490818,491057]
[252,118,726994,727263]
[253,119,368620,368125]
[254,119,945,0]
[255,120,332967,333057]
[256,120,726994,727496]
[257,121,91708,90473]
[258,121,958,0]
[259,122,419555,421311]
[260,122,722566,722614]
[261,122,726994,727946]
[262,123,5739,4063]
[263,123,1379,0]
[264,124,342212,342376]
[265,124,726994,727105]
[266,125,58412,57348]
[267,125,377,0]
[268,126,266413,267832]
[269,126,726994,727376]
[270,127,424301,423068]
[271,127,1742,0]
[272,128,536081,537306]
[273,128,726994,727104]
[274,129,297895,296562]
[275,129,1646,0]
[276,130,389519,391205]
[277,130,726994,728491]
[278,131,198389,197575]
[279,131,1429,0]
[280,132,472262,473434]
[281,132,726994,727317]
[282,133,420765,420744]
[283,133,86074,84633]
[284,133,1170,0]
[285,134,654893,656211]
[286,134,726994,728525]
[287,135,466766,465094]
[288,135,553,0]
[289,136,427296,428137]
[290,136,726994,728422]
[291,137,62331,61730]
[292,137,1794,0]
[293,138,474347,475803]
[294,138,726994,727327]
[295,139,72166,71856]
[296,139,1919,0]
[297,140,350503,351900]
[298,140,726678,727365]
[299,141,62314,62183]
[300,141,1920,0]
[301,142,616185,617618]
[302,142,726994,728350]
[303,143,242206,241823]
[304,143,767,0]
[305,144,323370,324724]
[306,144,572129,572550]
[307,144,726994,727258]
[308,145,109731,109563]
[309,145,1851,0]
[310,146,583784,585220]
[311,146,726994,727838]
[312,147,386428,386204]
[313,147,1229,0]
[314,148,307251,307265]
[315,148,726994,728536]
[316,149,475407,474646]
[317,149,39,0]
[318,150,546665,546760]
[319,150,726994,728596]
[320,151,26506,25039]
[321,151,1049,0]
[322,152,726994,728742]
[323,153,528711,527435]
[324,153,1382,0]
[325,154,629258,629669]
[326,154,726994,728189]
[327,155,431625,430494]
[328,155,123671,122573]
[329,155,886,0]
[330,156,384268,385530]
[331,156,726994,728365]
[332,157,137557,137237]
[333,157,970,0]
[334,158,214741,216495]
[335,158,726994,728433]
[336,159,676,0]
[337,160,283265,283440]
[338,160,726994,728697]
[339,161,90251,89407]
[340,161,378,0]
[341,162,634930,636421]
[342,162,726994,727034]
[343,163,602,0]
[344,164,475970,476690]
[345,164,726994,727049]
[346,165,346296,345800]
[347,165,1833,0]
[348,166,482883,482977]
[349,166,726994,727586]
[350,167,497181,495393]
[351,167,1913,0]
[352,168,647679,649320]
[353,168,726994,728882]
[354,169,1189,0]
[355,170,364242,365617]
[356,170,726994,727293]
[357,171,321046,320309]
[358,171,104377,103519]
[359,171,1398,0]
[360,172,726994,728617]
[361,173,445669,445197]
[362,173,233851,232730]
[363,173,1943,0]
[364,174,261776,263570]
[365,174,726994,727869]
[366,175,30716,29334]
[367,175,470,0]
[368,176,713575,714977]
[369,176,726994,728431]
[370,177,336511,334845]
[371,177,133,0]
[372,178,259453,260733]
[373,178,617654,619361]
[374,178,726994,728081]
[375,179,224402,224392]
[376,179,1762,0]
[377,180,456873,458457]
[378,180,726994,727180]
[379,181,199159,198951]
[380,181,528,0]
[381,182,710189,712163]
[382,182,726994,727115]
[383,183,254745,254224]
[384,183,215,0]
[385,184,242813,244476]
[386,184,726994,728890]
[387,185,256483,255969]
[388,185,400,0]
[389,186,664880,665986]
[390,186,726994,727258]
[391,187,439224,439201]
[392,187,55377,53799]
[393,187,1385,0]
[394,188,358136,358455]
[395,188,710723,712095]
[396,188,726994,727606]
[397,189,312021,311968]
[398,189,28790,28596]
[399,189,15,0]
[400,190,558963,560454]
[401,190,726994,728854]
[402,191,207535,207035]
[403,191,1123,0]
[404,192,726994,728561]
[405,193,159228,157289]
[406,193,1476,0]
[407,194,361042,362723]
[408,194,664054,665577]
[409,194,726994,728657]
[410,195,178479,176590]
[411,195,403,0]
[412,196,479922,481911]
[413,196,726994,727357]
[414,197,503948,503024]
[415,197,90711,90507]
[416,197,26,0]
[417,198,320300,321120]
[418,198,726994,727713]
[419,199,421968,421190]
[420,199,42096,40170]
[421,199,983,0]
[422,200,503991,504792]
[423,200,726994,728850]
[424,201,460694,460325]
[425,201,1472,0]
[426,202,274561,276141]
[427,202,583242,584575]
[428,202,726994,728520]
[429,203,182972,181198]
[430,203,1700,0]
[431,204,299591,300960]
[432,204,668054,669689]
[433,204,726994,727194]
[434,205,430213,429721]
[435,205,1202,0]
[436,206,624295,624435]
[437,206,726994,728963]
[438,207,101597,100713]
[439,207,15,0]
[440,208,473479,475463]
[441,208,726994,728119]
[442,209,55764,54993]
[443,209,1973,0]
[444,210,517529,519017]
[445,210,726994,728689]
[446,211,530,0]
[447,212,315530,317396]
[448,212,726994,727862]
[449,213,86530,84929]
[450,213,644,0]
[451,214,282180,282974]
[452,214,726994,727578]
[453,215,358325,356527]
[454,215,1003,0]
[455,216,360357,361662]
[456,216,726994,728264]
[457,217,385324,384741]
[458,217,639,0]
[459,218,579669,580465]
[460,218,726994,727352]
[461,219,162879,162540]
[462,219,165,0]
[463,220,576184,578177]
[464,220,726994,727886]
[465,221,513095,512085]
[466,221,1547,0]
[467,222,576786,578170]
[468,222,726994,728325]
[469,223,527434,526651]
[470,223,1751,0]
[471,224,683281,684596]
[472,224,726994,728903]
[473,225,92854,92332]
[474,225,1288,0]
[475,226,399408,401157]
[476,226,726994,727212]
[477,227,425877,425707]
[478,227,1616,0]
[479,228,688729,689815]
[480,228,726994,728765]
[481,229,21388,21128]
[482,229,232,0]
[483,230,478815,479171]
[484,230,726994,727052]
[485,231,434823,433588]
[486,231,13,0]
[487,232,711992,713321]
[488,232,726994,727165]
[489,233,332147,331143]
[490,233,477,0]
[491,234,546451,546980]
[492,234,726994,728690]
[493,235,341808,340813]
[494,235,874,0]
[495,236,715067,716007]
[496,236,726994,727351]
[497,237,435597,434824]
[498,237,324,0]
[499,238,726994,728682]
[500,239,306949,305392]
[501,239,427,0]
[502,240,262859,263862]
[503,240,466868,468686]
[504,240,691573,692523]
[505,240,726994,727637]
[506,241,89976,88409]
[507,241,1520,0]
[508,242,575368,576182]
[509,242,726994,728177]
[510,243,169370,168764]
[511,243,585,0]
[512,244,725990,727786]
[513,245,79368,78075]
[514,245,206,0]
[515,246,570308,571086]
[516,246,726994,728301]
[517,247,501403,499516]
[518,247,256032,255083]
[519,247,663,0]
[520,248,411103,411468]
[521,248,726994,728824]
[522,249,157061,156350]
[523,249,1712,0]
[524,250,709922,710978]
[525,250,726994,728645]
[526,251,179298,179229]
[527,251,1829,0]
[528,252,307698,309673]
[529,252,726994,728751]
[530,253,395300,393562]
[531,253,403,0]
[532,254,517320,518080]
[533,254,726994,728550]
[534,255,440805,439100]
[535,255,1403,0]
[536,256,473478,474602]
[537,256,726994,728219]
[538,257,53054,52837]
[539,257,659,0]
[540,258,660595,660778]
[541,258,726994,727797]
[542,259,431070,430263]
[543,259,1373,0]
[544,260,295437,295885]
[545,260,520519,521533]
[546,260,726994,727145]
[547,261,491457,491350]
[548,261,901,0]
[549,262,464135,465587]
[550,262,726994,727765]
[551,263,264111,262845]
[552,263,1282,0]
[553,264,478918,480400]
[554,264,726994,728324]
[555,265,163443,163105]
[556,265,1134,0]
[557,266,215369,216768]
[558,266,419104,419624]
[559,266,726994,728455]
[560,267,39179,38023]
[561,267,258,0]
[562,268,261809,262025]
[563,268,726994,727262]
[564,269,95487,95320]
[565,269,1921,0]
[566,270,258246,258270]
[567,270,673145,674788]
[568,270,726994,728492]
[569,271,301429,301188]
[570,271,302,0]
[571,272,239743,241424]
[572,272,593330,594726]
[573,272,726994,728104]
[574,273,121743,120688]
[575,273,197,0]
[576,274,467229,467353]
[577,274,726994,728552]
[578,275,134528,134224]
[579,275,1025,0]
[580,276,341197,342208]
[581,276,646771,647846]
[582,276,726994,727638]
[583,277,183363,183070]
[584,277,910,0]
[585,278,572459,572785]
[586,278,726994,727978]
[587,279,270272,269876]
[588,279,1726,0]
[589,152,583618,585122]
[590,158,504570,506427]
[591,82,688155,689389]
[592,274,185477,185591]
[593,212,471987,472413]
[594,168,156239,158094]
[595,6,658029,658310]
[596,86,215071,215770]
[597,78,40397,42276]
[598,212,159057,160981]
[599,126,127423,127621]
[600,180,58826,59298]
[601,168,633295,633874]
[602,138,20158,22037]
[603,238,100198,100419]
[604,19,235931,234242]
[605,237,215101,213815]
[606,13,135911,135493]
[607,18,499437,499602]
[608,51,141294,140449]
[609,27,336059,335337]
[610,57,442591,441049]
[611,210,187391,189247]
[612,246,186355,186505]
[613,13,389960,389422]
[614,116,59767,60268]
[615,73,206858,205798]
[616,73,634320,633455]
[617,104,4974,6811]
[618,39,662454,660998]
[619,226,391499,392442]
[620,93,111685,110344]
[621,89,95316,93651]
[622,155,218123,217946]
[623,123,647981,646173]
[624,224,604507,604950]
[625,216,422847,422879]
[626,95,646252,646163]
[627,3,443437,442294]
[628,137,434476,434213]
[629,249,264978,264612]
[630,212,455645,456986]
[631,108,514612,515348]
[632,66,164962,165907]
[633,60,62506,64078]
[634,9,216638,215681]
[635,200,491974,492960]
[636,219,164982,164123]
[637,226,171028,172403]
[638,108,635174,636325]
[639,253,305242,305186]
[640,21,327124,326675]
[641,109,233360,232315]
[642,1,610204,609940]
[643,25,321817,321218]
[644,91,152573,150989]
[645,161,428488,427723]
[646,79,177593,175934]
[647,122,622102,622903]
[648,90,561131,561734]
[649,193,674555,673088]
[650,181,492049,490305]
[651,246,628966,629262]
[652,194,378593,380078]
[653,134,552644,552917]
[654,143,57292,57188]
[655,98,662256,664184]
[656,110,20126,20432]
[657,11,459741,459195]
[658,117,110625,109554]
[659,227,301634,301065]
[660,273,603483,602571]
[661,274,583615,584379]
[662,133,145020,143363]
[663,121,672253,670396]
[664,51,130218,129529]
[665,187,79893,79279]
[666,209,221357,220162]
[667,100,293362,294910]
[668,277,302168,301827]
[669,243,598919,598573]
[670,126,145227,147183]
[671,155,266606,265463]
[672,6,150280,152023]
[673,73,712040,711820]
[674,99,685938,684196]
[675,269,259496,257817]
[676,79,677230,676245]
[677,79,33745,31991]
[678,68,108962,109442]
[679,25,84608,82668]
[680,218,277251,278472]
[681,175,415709,415133]
[682,123,678914,678325]
[683,279,340718,340012]
[684,258,178529,179379]
[685,3,526997,525952]
[686,178,38664,39299]
[687,82,478785,480293]
[688,207,521396,519805]
[689,253,240773,240715]
[690,190,160414,160843]
[691,82,369535,370390]
[692,27,256977,255802]
[693,211,450641,450554]
[694,181,207973,206909]
[695,248,184304,186168]
[696,148,710775,711828]
[697,186,37037,37296]
[698,30,715043,716807]
[699,245,611254,609507]
[700,154,50182,51139]
[701,117,361218,359498]
[702,52,190894,191784]
[703,63,33644,32943]
[704,159,563048,561108]
[705,98,253019,253651]
[706,235,157344,156964]
[707,23,82386,81109]
[708,77,641551,641165]
[709,52,962,2175]
[710,47,593284,591714]
[711,138,152808,154768]
[712,45,262401,260612]
[713,55,161680,161521]
[714,227,350864,350198]
[715,218,456742,457381]
[716,215,665671,664467]
[717,150,522791,524444]
[718,171,515872,515725]
[719,129,578088,576940]
[720,176,84357,84421]
[721,255,224156,223579]
[722,32,431201,431211]
[723,130,515602,516841]
[724,102,354614,355630]
[725,153,88969,87549]
[726,12,345399,346854]
[727,223,130204,130135]
[728,186,455963,457642]
[729,189,409943,408724]
[730,263,468602,466786]
[731,0,311430,312067]
[732,101,533070,531779]
[733,242,256257,257315]
[734,272,345816,347154]
[735,279,283637,282054]
[736,194,370788,372479]
[737,21,129765,129695]
[738,8,246122,246982]
[739,53,507424,506995]
[740,128,28405,29688]
[741,47,47186,46404]
[742,128,668127,668868]
[743,17,431695,430622]
[744,271,314394,313101]
[745,226,7224,8984]
[746,30,269708,269772]
[747,186,335536,336034]
[748,228,180133,181546]
[749,68,669453,669665]
[750,186,79272,81270]
[751,116,401249,403078]
[752,17,328775,327634]
[753,186,57280,57633]
[754,137,314317,312897]
[755,165,56708,56551]
[756,142,109798,111571]
[757,229,13232,12357]
[758,169,723521,722943]
[759,38,436464,437917]
[760,207,102960,102866]
[761,11,542450,542055]
[762,59,565626,565536]
[763,6,373922,375659]
[764,238,84523,85976]
[765,258,400297,402077]
[766,235,532035,530715]
[767,197,354249,352753]
[768,69,83183,81333]
[769,32,253898,254431]
[770,183,404033,403755]
[771,96,192035,193169]
[772,135,408247,406932]
[773,40,461325,462344]
[774,105,185325,184766]
[775,94,231591,232200]
[776,240,451900,452679]
[777,151,456109,455486]
[778,13,542844,541385]
[779,160,15435,15980]
[780,91,201347,200160]
[781,210,695484,697293]
[782,180,391925,392299]
[783,205,306679,306351]
[784,166,384450,384612]
[785,173,474156,472361]
[786,98,17689,18174]
[787,255,62638,60702]
[788,101,103655,102633]
[789,79,557229,555813]
[790,204,538887,540628]
[791,253,2092,623]
[792,235,351333,349522]
[793,147,435813,435630]
[794,91,689997,688791]
[795,151,258012,256396]
[796,25,184497,182534]
[797,212,478448,478975]
[798,27,253850,252385]
[799,211,541122,540957]
[800,165,722117,720705]
[801,265,529312,529217]
[802,252,541206,542857]
[803,232,20639,21366]
[804,85,291703,290589]
[805,180,706844,707054]
[806,68,29551,31239]
[807,232,475621,475867]
[808,215,86298,85464]
[809,148,568026,569525]
[810,72,119793,120584]
[811,152,408198,408219]
[812,79,74495,73187]
[813,51,80668,79151]
[814,1,665472,664770]
[815,250,201344,203167]
[816,107,649987,648323]
[817,252,597524,599063]
[818,73,242237,240478]
[819,49,54979,54292]
[820,149,269203,268248]
[821,20,397041,398893]
[822,191,10012,9856]
[823,160,528372,529490]
[824,191,297705,297670]
[825,231,276504,274790]
[826,131,122772,121685]
[827,271,203069,202719]
[828,188,448493,448734]
[829,231,574573,574021]
[830,42,564067,564582]
[831,129,376222,376212]
[832,59,29380,28733]
[833,8,358495,358662]
[834,268,319933,321018]
[835,167,708375,708262]
[836,135,641418,641041]
[837,185,584552,583779]
[838,21,458068,457709]
[839,4,84205,85768]
[840,169,432127,431502]
[841,50,72844,74346]
[842,275,600380,598443]
[843,245,533515,531582]
[844,56,720978,721998]
[845,111,511192,510553]
[846,55,723768,722012]
[847,220,366206,366890]
[848,109,187672,187494]
[849,229,41481,39614]
[850,133,175465,173742]
[851,204,238092,239226]
[852,76,286881,286952]
[853,3,681134,680903]
[854,143,220697,220093]
[855,183,246657,246551]
[856,31,42303,40357]
[857,210,660685,662376]
[858,30,121224,121680]
[859,36,488983,489170]
[860,52,345268,345511]
[861,235,50256,49284]
[862,57,53997,53452]
[863,182,618735,619977]
[864,49,312872,311733]
[865,89,63925,62295]
[866,134,649515,650871]
[867,93,442932,441064]
[868,183,515159,514756]
[869,193,214957,214890]
[870,56,682913,684345]
[871,51,507548,506168]
[872,223,546793,545223]
[873,233,383243,381522]
[874,110,6040,7354]
[875,230,447152,448094]
[876,265,612051,611691]
[877,242,554120,555542]
[878,262,606661,608287]
[879,222,630439,631329]
[880,72,515859,517501]
[881,136,133463,135165]
[882,232,523617,523641]
[883,41,144487,142774]
[884,247,610332,608399]
[885,71,688228,687247]
[886,196,488760,488932]
[887,160,211538,213417]
[888,45,32559,31887]
[889,27,583225,582597]
[890,52,692832,693251]
[891,84,563902,565170]
[892,34,498781,500733]
[893,23,628937,627973]
[894,5,100800,100290]
[895,141,313757,312314]
[896,179,596731,596137]
[897,225,170277,170059]
[898,17,544720,543408]
[899,111,163836,162487]
[900,156,701860,702146]
[901,96,380580,381676]
[902,196,343642,344372]
[903,172,51145,51353]
[904,13,524301,523484]
[905,100,416127,416523]
[906,133,16200,15050]
[907,198,589156,590685]
[908,17,214821,214651]
[909,2,633730,634858]
[910,125,250197,249778]
[911,52,201984,203796]
[912,124,237173,238003]
[913,156,338493,339289]
[914,232,170154,172032]
[915,16,64735,65851]
[916,180,344652,346429]
[917,62,186215,186265]
[918,179,478580,477585]
[919,231,154586,154137]
[920,264,642677,643707]
[921,7,68880,67466]
[922,278,120789,122506]
[923,26,719071,720406]
[924,47,451399,450669]
[925,34,312582,313162]
[926,227,272448,271670]
[927,74,291095,292771]
[928,214,523979,524777]
[929,168,508693,509135]
[930,132,686522,687548]
[931,25,309025,307589]
[932,272,533514,535404]
[933,112,35497,35605]
[934,275,140874,139230]
[935,155,216305,215246]
[936,136,294410,294914]
[937,154,13342,14136]
[938,11,633392,632804]
[939,120,346552,347226]
[940,94,128855,129130]
[941,190,204613,205621]
[942,265,358171,357332]
[943,20,574316,575421]
[944,226,126003,126159]
[945,225,646819,645750]
[946,24,653916,654137]
[947,62,716623,718556]
[948,114,489556,491027]
[949,93,10041,8472]
[950,246,195792,196526]
[951,55,123523,123022]
[952,257,723539,722204]
[953,63,88596,88144]
[954,209,493969,493781]
[955,210,94875,94941]
[956,260,414192,415224]
[957,168,250608,251575]
[958,24,279269,281011]
[959,262,152802,152984]
[960,90,407032,408793]
[961,67,80853,79733]
[962,105,64218,62599]
[963,100,91319,92971]
[964,200,675681,676909]
[965,234,351611,352874]
[966,28,18199,19262]
[967,263,199328,199244]
[968,60,515930,516340]
[969,83,163349,161697]
[970,79,405802,405043]
[971,212,521523,522208]
[972,154,703980,704992]
[973,48,718913,720863]
[974,64,268969,269111]
[975,5,99613,98093]
[976,92,226546,227917]
[977,254,594306,595022]
[978,75,475481,474028]
[979,178,630384,631226]
[980,101,622267,621630]
[981,149,45913,45726]
[982,10,449300,450995]
[983,186,629645,631617]
[984,117,93914,92923]
[985,56,332146,334030]
[986,17,590362,589972]
[987,57,103514,103139]
[988,270,227243,228446]
[989,136,94728,95213]
[990,113,376572,376014]
[991,63,238685,237369]
[992,172,37579,39184]
[993,247,134710,134533]
[994,161,658482,657514]
[995,154,370391,371577]
[996,260,237025,238817]
[997,98,338878,339262]
[998,268,297051,298321]
[999,268,634752,635306]
[1000,223,531102,531066]
