["head":"wrap","lpos","status"]
[86,27148,1]
["io count"]
[200]
["io":"id","wrap","startLpos","endLpos"]
[1,0,726994,727951]
[2,1,101411,100865]
[3,1,234,0]
[4,2,726994,727530]
[5,3,1544,0]
[6,4,726994,727231]
[7,5,349,0]
[8,6,726994,728482]
[9,7,596,0]
[10,8,726994,727746]
[11,9,1130,0]
[12,10,726994,728660]
[13,11,312,0]
[14,12,726994,727846]
[15,13,876,0]
[16,14,624667,624890]
[17,14,726994,727454]
[18,15,20617,18858]
[19,15,88,0]
[20,16,726994,728027]
[21,17,768,0]
[22,18,726994,727842]
[23,19,546,0]
[24,20,726994,728085]
[25,21,120,0]
[26,22,726994,728533]
[27,23,620,0]
[28,24,634114,635923]
[29,24,726994,728258]
[30,25,864,0]
[31,26,726994,727278]
[32,27,221,0]
[33,28,720540,722302]
[34,28,726994,727512]
[35,29,1109,0]
[36,30,726994,728300]
[37,31,1108,0]
[38,32,726994,728452]
[39,33,1146,0]
[40,34,546866,548570]
[41,34,726994,727556]
[42,35,125382,124753]
[43,35,1370,0]
[44,36,726994,728221]
[45,37,25171,23690]
[46,37,598,0]
[47,38,726994,728444]
[48,39,293,0]
[49,40,726994,727351]
[50,41,1891,0]
[51,42,726994,728320]
[52,43,1478,0]
[53,44,726994,727733]
[54,45,224,0]
[55,46,683134,683703]
[56,46,726994,728206]
[57,47,58435,58320]
[58,47,1541,0]
[59,48,640756,641777]
[60,48,726994,728373]
[61,49,405,0]
[62,50,726994,728651]
[63,51,1600,0]
[64,52,726994,727162]
[65,53,527,0]
[66,54,726994,728055]
[67,55,1826,0]
[68,56,693201,694836]
[69,56,726994,727866]
[70,57,191958,190633]
[71,57,1691,0]
[72,58,516274,517708]
[73,58,726994,728948]
[74,59,216154,214740]
[75,59,661,0]
[76,60,726994,728781]
[77,61,364,0]
[78,62,726994,727458]
[79,63,80,0]
[80,64,645753,646827]
[81,64,726994,727349]
[82,65,91581,89822]
[83,65,552,0]
[84,66,726994,728440]
[85,67,1983,0]
[86,68,726994,728115]
[87,69,658,0]
[88,70,726994,727445]
[89,71,663,0]
[90,72,726994,727025]
[91,73,193252,191422]
[92,73,1420,0]
[93,74,726994,728682]
[94,75,156996,155213]
[95,75,1940,0]
[96,76,685157,685725]
[97,76,726994,727838]
[98,77,168086,167967]
[99,77,203,0]
[100,78,726994,728710]
[101,79,29502,28058]
[102,79,247,0]
[103,80,726994,728497]
[104,81,230369,228619]
[105,81,13,0]
[106,82,505716,506232]
[107,82,726994,728883]
[108,83,377,0]
[109,84,726994,728326]
[110,85,1969,0]
[111,86,632371,634174]
[112,86,726994,728681]
[113,87,203528,201800]
[114,87,355,0]
[115,88,726994,728128]
[116,89,64,0]
[117,90,555815,557644]
[118,90,726994,727138]
[119,91,515,0]
[120,92,726994,727838]
[121,93,176,0]
[122,94,585934,586631]
[123,94,726994,727610]
[124,95,216,0]
[125,96,726994,727826]
[126,97,26586,26029]
[127,97,784,0]
[128,98,726994,727023]
[129,99,1028,0]
[130,100,644547,645887]
[131,100,726994,728739]
[132,101,472,0]
[133,102,726994,728581]
[134,103,72895,71295]
[135,103,574,0]
[136,104,726994,728946]
[137,105,186988,186519]
[138,105,463,0]
[139,106,726994,727323]
[140,107,1801,0]
[141,108,629650,630434]
[142,108,726994,727479]
[143,109,205446,203605]
[144,109,513,0]
[145,110,726994,727834]
[146,111,1327,0]
[147,112,726994,727923]
[148,113,1021,0]
[149,114,726994,728465]
[150,115,1796,0]
[151,116,726994,728859]
[152,117,1647,0]
[153,118,702186,702679]
[154,118,726994,727476]
[155,119,144222,142358]
[156,119,1326,0]
[157,120,511308,512699]
[158,120,726994,727642]
[159,121,1355,0]
[160,122,726994,727413]
[161,123,79398,77410]
[162,123,1452,0]
[163,124,726994,728237]
[164,125,1927,0]
[165,126,699220,700625]
[166,126,726994,727163]
[167,127,1879,0]
[168,128,726994,727220]
[169,129,632,0]
[170,130,726994,727555]
[171,131,379,0]
[172,132,726994,728762]
[173,133,1046,0]
[174,134,726994,727214]
[175,135,633,0]
[176,136,726994,727232]
[177,137,1547,0]
[178,138,681735,683297]
[179,138,726994,728254]
[180,139,52429,51058]
[181,139,1358,0]
[182,140,726994,728471]
[183,141,1018,0]
[184,142,726994,727198]
[185,143,163508,161549]
[186,143,1234,0]
[187,144,726994,728524]
[188,145,1702,0]
[189,146,639211,639446]
[190,146,726994,728231]
[191,147,16830,16709]
[192,147,575,0]
[193,148,726994,728035]
[194,149,171055,169339]
[195,149,503,0]
[196,150,726994,727440]
[197,151,1885,0]
[198,152,726994,727728]
[199,153,1024,0]
[200,154,726994,727863]
