["head":"wrap","lpos","status"]
[41,502627,1]
["io count"]
[500]
["io":"id","wrap","startLpos","endLpos"]
[1,113,167621,165707]
[2,99,229429,229178]
[3,42,127403,128613]
[4,239,443235,442568]
[5,28,301502,302824]
[6,266,595116,595699]
[7,46,134959,136655]
[8,123,512604,511664]
[9,44,175218,175304]
[10,246,418602,419741]
[11,133,255995,254410]
[12,111,43500,41526]
[13,77,167188,166804]
[14,14,484127,484779]
[15,38,362492,364286]
[16,218,378360,379065]
[17,49,129211,127370]
[18,163,417393,416048]
[19,259,726727,726628]
[20,30,595468,596349]
[21,126,433294,434339]
[22,43,713320,711491]
[23,85,657623,657234]
[24,213,434731,434195]
[25,175,24753,23638]
[26,199,68358,68217]
[27,54,47655,48601]
[28,19,330175,329311]
[29,246,273690,273809]
[30,89,712640,711025]
[31,169,122624,122458]
[32,267,709190,709157]
[33,116,559485,559703]
[34,54,600865,602241]
[35,46,461173,462225]
[36,174,487502,489042]
[37,15,347955,347644]
[38,91,10324,9576]
[39,274,257339,258172]
[40,216,358717,359114]
[41,58,532232,532471]
[42,163,342397,341627]
[43,123,333816,333445]
[44,171,100979,100355]
[45,89,9359,7937]
[46,31,553299,552781]
[47,87,234925,233244]
[48,278,717610,719225]
[49,46,160549,162412]
[50,129,248696,246916]
[51,177,382414,381917]
[52,10,550312,551572]
[53,70,338150,340111]
[54,243,91881,90995]
[55,39,227959,227811]
[56,5,368867,367791]
[57,193,492612,491232]
[58,243,562882,561435]
[59,99,95307,95014]
[60,111,18204,16705]
[61,241,379470,378408]
[62,261,590936,590477]
[63,126,9188,11072]
[64,272,490227,491860]
[65,195,500866,500679]
[66,211,328434,327498]
[67,161,668049,666876]
[68,37,470234,469736]
[69,226,3819,3856]
[70,29,353155,353145]
[71,93,627685,626438]
[72,158,605357,605633]
[73,174,473230,474006]
[74,128,491122,492741]
[75,227,422975,421723]
[76,69,200382,199831]
[77,118,408623,409112]
[78,225,490972,489687]
[79,153,257085,256919]
[80,69,624598,623894]
[81,3,143246,142181]
[82,69,545456,544793]
[83,69,213083,211118]
[84,172,564095,565122]
[85,73,313720,311818]
[86,146,588808,589273]
[87,106,257725,258180]
[88,10,155781,157415]
[89,236,559346,561258]
[90,125,225746,224998]
[91,273,536016,534531]
[92,16,542717,544044]
[93,45,162604,161397]
[94,51,157455,156086]
[95,151,145992,145032]
[96,76,103895,105289]
[97,138,274891,275548]
[98,205,19896,19411]
[99,51,82752,80860]
[100,257,492799,491753]
[101,184,583033,583525]
[102,193,59845,58705]
[103,47,170232,168909]
[104,192,151358,152978]
[105,168,668731,669842]
[106,183,519471,518544]
[107,144,403779,403950]
[108,19,223944,221992]
[109,132,608604,608817]
[110,135,318025,317335]
[111,173,673850,673194]
[112,28,514708,515986]
[113,7,350187,348482]
[114,19,92979,92006]
[115,105,712187,711530]
[116,216,116517,118124]
[117,113,149486,147695]
[118,261,315442,314329]
[119,149,296254,294661]
[120,124,106981,108684]
[121,92,531669,531882]
[122,96,137594,138672]
[123,13,470426,469396]
[124,125,551306,549885]
[125,252,153622,154421]
[126,246,438092,438434]
[127,227,547132,545965]
[128,268,465258,466715]
[129,85,436130,435302]
[130,259,216817,215405]
[131,12,533337,533840]
[132,100,689125,690445]
[133,21,311136,310232]
[134,259,570384,570206]
[135,94,40926,42218]
[136,221,608923,608908]
[137,209,141607,140149]
[138,130,288023,289839]
[139,23,219076,218757]
[140,55,60066,58395]
[141,21,659977,659471]
[142,249,271167,269840]
[143,201,388176,386875]
[144,125,360419,360208]
[145,161,96645,96344]
[146,56,150503,150814]
[147,201,55712,55541]
[148,237,370364,370272]
[149,159,192444,190668]
[150,169,262060,260296]
[151,252,78779,78926]
[152,250,574121,576110]
[153,168,77699,78542]
[154,219,719754,718576]
[155,220,129149,130559]
[156,274,417280,419274]
[157,192,32692,34212]
[158,257,574381,573803]
[159,19,139672,138221]
[160,148,384839,385539]
[161,163,541502,539512]
[162,108,109299,109606]
[163,73,401759,401739]
[164,125,158806,157912]
[165,153,554287,553450]
[166,236,527001,528666]
[167,228,128703,129964]
[168,73,628664,628369]
[169,274,14415,15896]
[170,259,629040,627108]
[171,93,407756,407438]
[172,197,295932,293945]
[173,181,554381,553122]
[174,58,522637,524257]
[175,208,719755,719953]
[176,273,204634,202722]
[177,116,2765,3048]
[178,25,681531,680810]
[179,73,625758,625402]
[180,64,531328,531387]
[181,232,376663,377149]
[182,147,515871,515367]
[183,9,569050,569002]
[184,213,274963,273282]
[185,118,561561,561595]
[186,49,549012,547201]
[187,196,447027,448702]
[188,167,294864,292958]
[189,77,508723,508334]
[190,17,3748,2269]
[191,197,565502,564895]
[192,100,653483,654214]
[193,202,174459,174597]
[194,147,89017,88038]
[195,26,160585,162562]
[196,99,221202,220227]
[197,254,643723,644367]
[198,50,395965,397555]
[199,53,210634,209011]
[200,56,100859,100984]
[201,34,211513,213387]
[202,176,447508,447801]
[203,265,236407,236295]
[204,11,334546,333413]
[205,129,324024,323759]
[206,19,604369,603706]
[207,166,310805,312203]
[208,167,252560,252012]
[209,98,492050,493786]
[210,73,163213,161459]
[211,87,341226,340619]
[212,253,229684,229462]
[213,113,457584,456974]
[214,197,640247,639591]
[215,154,326363,326618]
[216,126,571865,572509]
[217,129,333944,333125]
[218,28,478387,478670]
[219,266,96111,96662]
[220,35,317201,315641]
[221,36,662883,662997]
[222,44,441391,442549]
[223,243,559265,558974]
[224,276,367924,368176]
[225,262,363080,363217]
[226,106,614469,615089]
[227,135,51009,49430]
[228,187,418694,417912]
[229,227,687831,687269]
[230,257,379071,377517]
[231,24,141764,143023]
[232,35,618931,618143]
[233,205,185291,183443]
[234,269,512197,510825]
[235,158,393847,395768]
[236,265,691809,691696]
[237,239,455525,455138]
[238,196,610881,612552]
[239,50,5783,6797]
[240,173,721346,721223]
[241,156,56653,58079]
[242,17,236451,234830]
[243,122,689740,690438]
[244,240,6516,6552]
[245,2,599766,600395]
[246,23,629123,627818]
[247,120,320634,321315]
[248,164,186436,187884]
[249,240,585156,587096]
[250,172,348359,349943]
[251,149,98940,97932]
[252,234,676397,676451]
[253,208,653157,654251]
[254,91,359984,358333]
[255,68,624531,625189]
[256,183,306372,305141]
[257,170,498242,498865]
[258,19,290723,290133]
[259,108,368683,369048]
[260,150,138182,139719]
[261,250,703472,703968]
[262,263,216458,214481]
[263,61,75746,75421]
[264,157,105901,105205]
[265,37,11974,10273]
[266,198,521920,522519]
[267,42,411516,412678]
[268,0,579243,579331]
[269,3,369928,369658]
[270,60,577233,577409]
[271,253,507771,507208]
[272,17,568743,567047]
[273,81,298120,296323]
[274,40,472221,473834]
[275,182,131069,131154]
[276,40,234605,235384]
[277,87,127098,125827]
[278,267,299012,297894]
[279,256,175993,176220]
[280,237,297855,296644]
[281,147,711986,710932]
[282,27,235099,233511]
[283,40,716230,717848]
[284,116,463863,464011]
[285,146,273439,275030]
[286,78,625101,625729]
[287,73,453406,451675]
[288,127,183945,183730]
[289,110,577987,579557]
[290,204,315610,316059]
[291,1,262375,260623]
[292,171,240837,240770]
[293,8,508378,508804]
[294,17,195922,195844]
[295,72,589230,590345]
[296,165,215391,215264]
[297,24,396661,397338]
[298,241,355969,355692]
[299,20,623550,624117]
[300,92,647629,648928]
[301,226,134415,134868]
[302,261,427846,426716]
[303,69,656134,654786]
[304,155,325468,325217]
[305,156,672037,673133]
[306,133,204815,203382]
[307,125,445216,443834]
[308,262,497505,497872]
[309,109,167263,166360]
[310,13,11997,10036]
[311,71,305719,303789]
[312,121,686105,684148]
[313,82,250065,251614]
[314,151,569977,568429]
[315,212,127381,127486]
[316,253,250422,249281]
[317,216,105411,105940]
[318,158,522522,522710]
[319,48,509791,511499]
[320,119,502010,501911]
[321,209,185361,184724]
[322,9,506187,504727]
[323,134,165698,166216]
[324,146,309567,310630]
[325,150,271129,273019]
[326,45,260651,259017]
[327,178,42030,43572]
[328,66,460467,461386]
[329,43,517541,515630]
[330,108,447303,447412]
[331,140,472616,472835]
[332,46,123885,124602]
[333,155,110537,108945]
[334,226,374831,376398]
[335,38,638113,639433]
[336,217,134789,134101]
[337,275,338759,337407]
[338,263,313391,312689]
[339,94,362521,363928]
[340,194,117740,118347]
[341,185,250300,249637]
[342,231,192598,190909]
[343,237,616219,615655]
[344,155,584003,583438]
[345,188,311017,312607]
[346,139,443532,442511]
[347,2,106043,107749]
[348,199,371624,371505]
[349,142,216472,218033]
[350,53,628095,626681]
[351,241,490161,489591]
[352,227,461998,461799]
[353,201,92169,90943]
[354,16,343056,344145]
[355,2,719206,720820]
[356,275,692422,691305]
[357,170,470264,471339]
[358,0,110606,111763]
[359,131,466308,465920]
[360,150,412364,413702]
[361,157,343273,341655]
[362,258,312037,312644]
[363,182,436864,436919]
[364,17,620833,619623]
[365,85,548089,547563]
[366,137,423725,422350]
[367,115,674354,674104]
[368,89,47425,47195]
[369,136,722686,722763]
[370,17,38642,38632]
[371,31,146268,145431]
[372,265,309277,308184]
[373,210,78373,80072]
[374,28,454652,456405]
[375,163,36644,34986]
[376,254,207489,208778]
[377,180,44495,45621]
[378,186,512862,514226]
[379,63,489061,487301]
[380,22,275983,276671]
[381,25,138322,137192]
[382,1,544892,544562]
[383,268,248134,249373]
[384,18,579770,580126]
[385,214,355677,357448]
[386,152,383210,384063]
[387,139,22594,20769]
[388,24,469641,470487]
[389,3,255988,255626]
[390,18,167089,167303]
[391,2,316298,316835]
[392,272,278816,280797]
[393,41,343646,342473]
[394,167,714630,714038]
[395,115,267172,265629]
[396,206,564541,564593]
[397,178,402964,404932]
[398,257,649966,648172]
[399,188,258758,259040]
[400,63,179378,178981]
[401,122,664128,664283]
[402,143,33208,31736]
[403,272,693094,694584]
[404,0,405617,407471]
[405,18,274366,275591]
[406,237,726536,725388]
[407,264,42546,44041]
[408,214,376676,377380]
[409,182,22669,23533]
[410,228,416384,417639]
[411,0,131560,132952]
[412,70,459966,460312]
[413,92,715088,716674]
[414,28,637799,638430]
[415,180,329386,330089]
[416,231,518173,516464]
[417,99,568606,566770]
[418,60,360738,361618]
[419,133,385854,385298]
[420,62,109921,110120]
[421,102,269290,270384]
[422,206,103678,105123]
[423,129,530433,529901]
[424,19,348360,347740]
[425,93,327267,327230]
[426,170,645888,645963]
[427,196,384631,385303]
[428,243,298582,298225]
[429,1,197889,196020]
[430,83,53450,52496]
[431,209,305926,304819]
[432,241,19151,18774]
[433,251,213027,212249]
[434,111,367652,367055]
[435,122,704160,704391]
[436,108,79739,79749]
[437,63,490741,490643]
[438,41,366175,364448]
[439,0,566500,567208]
[440,214,104688,106002]
[441,274,60654,61988]
[442,231,291480,291028]
[443,52,580981,582642]
[444,213,141002,139730]
[445,52,559705,561140]
[446,95,212341,211625]
[447,170,158112,159094]
[448,193,13456,12185]
[449,108,290620,292216]
[450,75,279696,277806]
[451,264,480659,482481]
[452,85,52742,51699]
[453,163,112582,111247]
[454,118,12083,12437]
[455,95,84619,82956]
[456,116,475151,476523]
[457,213,293964,293534]
[458,241,234361,234026]
[459,144,406715,406797]
[460,81,724878,724227]
[461,60,608336,609977]
[462,268,510021,511210]
[463,279,670433,669405]
[464,153,29382,28962]
[465,209,51410,51272]
[466,206,345548,346808]
[467,83,255317,254541]
[468,240,683252,683840]
[469,95,358229,356890]
[470,222,393401,395237]
[471,132,652640,654543]
[472,71,326619,325594]
[473,26,639353,639993]
[474,29,186775,184859]
[475,73,199903,199605]
[476,111,239448,239373]
[477,207,400155,399171]
[478,89,161752,160472]
[479,138,489468,490814]
[480,239,105027,104095]
[481,277,69768,68598]
[482,13,635534,634365]
[483,28,172676,174651]
[484,63,282251,281394]
[485,100,416651,418174]
[486,39,385297,383307]
[487,219,55650,55421]
[488,104,637233,637538]
[489,17,694050,693373]
[490,202,592313,592976]
[491,97,207847,206890]
[492,136,384797,385116]
[493,197,249285,247433]
[494,151,406334,404349]
[495,69,711426,710335]
[496,210,227229,229220]
[497,119,489146,487549]
[498,263,237847,237628]
[499,270,564590,565169]
[500,9,238801,237513]
