["head":"wrap","lpos","status"]
[205,65563,1]
["io count"]
[2000]
["io":"id","wrap","startLpos","endLpos"]
[1,167,375,2]
[2,25,307,2]
[3,53,159,1]
[4,162,1,1488]
[5,147,499,2]
[6,43,166,1]
[7,136,1,1786]
[8,186,1,1480]
[9,123,66,1]
[10,208,1,1399]
[11,153,542,2]
[12,58,1,879]
[13,54,2,972]
[14,76,1,694]
[15,79,1215,1]
[16,85,1326,1]
[17,116,1,990]
[18,151,304,1]
[19,15,1884,2]
[20,272,1,1842]
[21,160,1,1393]
[22,182,1,1651]
[23,69,173,1]
[24,53,1941,1]
[25,70,2,502]
[26,24,1,1258]
[27,51,1974,1]
[28,13,393,2]
[29,199,1143,1]
[30,238,1,1702]
[31,237,765,1]
[32,9,1449,1]
[33,48,1,1860]
[34,220,1,605]
[35,258,1,298]
[36,45,377,1]
[37,94,1,1778]
[38,30,1,794]
[39,178,1,140]
[40,129,318,1]
[41,69,1672,1]
[42,168,1,1462]
[43,241,1363,1]
[44,39,1239,1]
[45,223,1167,2]
[46,26,1,689]
[47,96,2,581]
[48,218,1,1469]
[49,35,571,1]
[50,244,2,422]
[51,252,1,1214]
[52,166,1,221]
[53,155,945,1]
[54,253,1506,1]
[55,234,3,1076]
[56,21,554,1]
[57,0,1,1480]
[58,239,1465,1]
[59,205,1697,1]
[60,222,1,1533]
[61,84,1,230]
[62,213,1497,1]
[63,44,1,1392]
[64,137,1795,2]
[65,134,1,120]
[66,110,1,1927]
[67,210,2,1572]
[68,22,1,914]
[69,67,420,2]
[70,263,241,1]
[71,90,1,232]
[72,189,527,1]
[73,262,1,1749]
[74,49,643,1]
[75,250,1,1107]
[76,127,1218,1]
[77,59,1565,1]
[78,45,1879,1]
[79,103,784,2]
[80,143,139,2]
[81,137,1176,1]
[82,86,2,289]
[83,279,1729,1]
[84,251,1426,2]
[85,196,1,1256]
[86,231,921,1]
[87,207,1394,1]
[88,149,441,1]
[89,175,715,1]
[90,87,1514,1]
[91,194,1,637]
[92,31,1138,1]
[93,47,67,1]
[94,99,1369,1]
[95,112,1,594]
[96,257,1118,1]
[97,121,1826,1]
[98,157,687,1]
[99,39,1930,1]
[100,115,1469,1]
[101,117,1457,1]
[102,140,1,108]
[103,95,1186,1]
[104,156,2,228]
[105,154,1,1764]
[106,145,229,1]
[107,75,1372,1]
[108,217,235,1]
[109,43,1623,1]
[110,246,1,1301]
[111,201,1488,1]
[112,193,531,1]
[113,229,1937,1]
[114,105,1668,1]
[115,157,1166,1]
[116,37,1037,1]
[117,45,1997,1]
[118,192,1,1277]
[119,236,1,1328]
[120,278,1,1564]
[121,245,1610,1]
[122,93,1014,3]
[123,124,1,1443]
[124,197,1119,1]
[125,6,1,884]
[126,198,1,603]
[127,206,1,1697]
[128,170,1,648]
[129,101,1917,1]
[130,260,1,1926]
[131,152,1,371]
[132,60,1,151]
[133,109,1548,1]
[134,114,1,1451]
[135,16,1,1065]
[136,267,1387,1]
[137,38,1,1652]
[138,74,1,732]
[139,227,904,1]
[140,128,1,335]
[141,78,1,1252]
[142,143,1964,1]
[143,232,1,625]
[144,226,2,1427]
[145,188,1,1643]
[146,56,1,827]
[147,133,784,1]
[148,209,298,1]
[149,147,1667,1]
[150,212,1,1624]
[151,179,1994,1]
[152,8,1,666]
[153,197,1540,1]
[154,73,1690,1]
[155,82,1,1570]
[156,25,879,1]
[157,17,1207,1]
[158,42,1,1717]
[159,59,1782,1]
[160,161,1894,1]
[161,35,1035,2]
[162,181,1857,1]
[163,217,814,2]
[164,274,1,1499]
[165,63,982,2]
[166,273,1287,2]
[167,123,456,1]
[168,65,1305,1]
[169,25,1747,1]
[170,215,803,2]
[171,153,322,1]
[172,125,1072,1]
[173,224,1,1710]
[174,19,1328,1]
[175,7,1594,1]
[176,103,1631,1]
[177,172,1,820]
[178,183,1149,1]
[179,204,2,265]
[180,159,708,1]
[181,15,332,1]
[182,259,521,2]
[183,201,1568,1]
[184,254,2,810]
[185,106,1,1333]
[186,91,378,1]
[187,62,1,307]
[188,36,1,529]
[189,3,1762,2]
[190,126,1,471]
[191,276,2,1280]
[192,85,1470,1]
[193,34,1,80]
[194,46,1,1792]
[195,230,1,1096]
[196,11,119,1]
[197,63,1746,1]
[198,190,1,520]
[199,216,1,1304]
[200,111,703,1]
[201,203,633,1]
[202,37,1370,1]
[203,88,3,1882]
[204,248,2,1398]
[205,271,1828,1]
[206,273,11,1]
[207,191,968,1]
[208,111,1683,1]
[209,132,1,778]
[210,93,1374,1]
[211,158,1,1089]
[212,153,1258,1]
[213,117,1870,2]
[214,219,312,1]
[215,144,1,1995]
[216,63,1802,2]
[217,273,284,1]
[218,249,847,1]
[219,257,1216,1]
[220,145,560,1]
[221,268,1,212]
[222,80,2,1561]
[223,118,1,527]
[224,146,1,1955]
[225,5,1884,1]
[226,20,1,1681]
[227,233,1080,2]
[228,1,1141,1]
[229,195,709,1]
[230,104,1,947]
[231,53,1994,2]
[232,235,116,1]
[233,49,1703,1]
[234,176,1,932]
[235,133,1113,1]
[236,50,1,1222]
[237,214,1,1390]
[238,2,1,11]
[239,202,1,655]
[240,40,1,645]
[241,41,72,2]
[242,219,1262,1]
[243,183,1374,1]
[244,4,1,1874]
[245,100,1,1254]
[246,66,2,1490]
[247,89,1313,1]
[248,211,1295,1]
[249,263,403,1]
[250,68,1,1366]
[251,150,1,940]
[252,142,1,1299]
[253,256,2,1881]
[254,115,1479,1]
[255,261,1377,1]
[256,277,1575,1]
[257,221,1645,1]
[258,13,345,1]
[259,264,1,1796]
[260,77,1818,2]
[261,35,717,1]
[262,83,436,2]
[263,28,1,1220]
[264,17,1611,1]
[265,219,1377,2]
[266,85,1681,1]
[267,35,1479,1]
[268,122,1,1675]
[269,55,1970,2]
[270,235,1824,1]
[271,151,924,1]
[272,113,904,1]
[273,180,1,957]
[274,65,1718,1]
[275,120,1,1164]
[276,113,1336,1]
[277,273,1916,1]
[278,75,1509,1]
[279,18,1,1012]
[280,47,591,2]
[281,203,805,1]
[282,247,1865,1]
[283,147,1708,1]
[284,55,803,1]
[285,237,1112,2]
[286,259,1563,1]
[287,97,786,1]
[288,165,1982,1]
[289,111,1811,1]
[290,205,1885,1]
[291,191,1029,1]
[292,21,700,1]
[293,240,1,1011]
[294,213,1747,1]
[295,52,1,511]
[296,209,1227,1]
[297,63,1806,1]
[298,215,1333,1]
[299,187,325,1]
[300,263,1843,1]
[301,129,1998,2]
[302,57,1807,1]
[303,187,511,1]
[304,92,1,983]
[305,151,1187,1]
[306,275,1000,1]
[307,41,1307,2]
[308,233,392,1]
[309,203,1844,1]
[310,64,1,1853]
[311,107,244,2]
[312,223,1097,1]
[313,91,731,2]
[314,171,642,1]
[315,242,1,732]
[316,71,1618,1]
[317,99,1741,1]
[318,31,1381,2]
[319,133,1567,1]
[320,135,1757,1]
[321,15,1054,1]
[322,155,1783,1]
[323,108,3,709]
[324,97,788,1]
[325,185,528,1]
[326,131,433,1]
[327,15,1514,1]
[328,173,1492,1]
[329,123,910,1]
[330,251,885,1]
[331,13,1620,1]
[332,35,1863,1]
[333,153,1726,1]
[334,255,1779,2]
[335,266,2,507]
[336,19,1346,1]
[337,72,1,276]
[338,32,2,389]
[339,61,1912,1]
[340,138,1,89]
[341,7,1651,1]
[342,259,1970,1]
[343,189,1264,1]
[344,201,1639,1]
[345,148,1,760]
[346,141,971,2]
[347,5,1912,1]
[348,3,387,1]
[349,47,1527,1]
[350,33,477,1]
[351,19,1645,2]
[352,251,1297,1]
[353,37,1848,1]
[354,145,1553,1]
[355,19,1754,1]
[356,71,1856,1]
[357,109,1851,1]
[358,228,1,119]
[359,173,1580,2]
[360,269,309,1]
[361,105,1976,1]
[362,14,1,68]
[363,29,1350,1]
[364,102,1,1903]
[365,211,1554,1]
[366,1,1238,1]
[367,167,645,1]
[368,107,917,2]
[369,129,1990,1]
[370,184,1,1559]
[371,275,1201,1]
[372,119,671,1]
[373,67,716,1]
[374,55,1419,1]
[375,227,1608,1]
[376,189,1762,1]
[377,270,1,1658]
[378,269,716,1]
[379,119,1219,1]
[380,27,1352,1]
[381,185,556,1]
[382,164,1,213]
[383,131,1300,1]
[384,7,1796,1]
[385,169,400,1]
[386,175,1930,1]
[387,98,1,1092]
[388,255,451,1]
[389,245,1828,1]
[390,55,1610,1]
[391,174,2,1305]
[392,31,1177,1]
[393,115,1909,1]
[394,13,1829,1]
[395,253,1520,1]
[396,81,1223,1]
[397,79,1991,1]
[398,265,586,1]
[399,269,1146,1]
[400,201,1889,1]
[401,151,1756,1]
[402,243,1101,1]
[403,163,1738,1]
[404,29,1601,1]
[405,119,1947,1]
[406,12,2,1234]
[407,167,865,2]
[408,265,955,1]
[409,193,1343,1]
[410,7,1852,1]
[411,257,1458,1]
[412,237,1658,2]
[413,239,1708,2]
[414,55,1969,1]
[415,169,1206,1]
[416,225,1209,2]
[417,77,1933,1]
[418,69,1980,1]
[419,200,2,1477]
[420,205,1921,1]
[421,10,2,1664]
[422,130,1,1432]
[423,147,1774,2]
[424,87,1646,1]
[425,23,1024,1]
[426,231,1543,1]
[427,1,1356,1]
[428,175,1991,1]
[429,217,1502,1]
[430,49,1893,1]
[431,17,1780,1]
[432,225,1992,1]
[433,255,609,1]
[434,89,1859,1]
[435,123,934,1]
[436,275,1445,1]
[437,1,1938,1]
[438,187,579,1]
[439,157,1237,1]
[440,253,1929,1]
[441,95,1884,2]
[442,265,1734,1]
[443,187,1538,1]
[444,43,1938,1]
[445,149,641,1]
[446,107,1459,1]
[447,41,1377,1]
[448,33,1305,1]
[449,123,1750,1]
[450,217,1507,1]
[451,83,532,3]
[452,87,1961,2]
[453,99,1872,2]
[454,195,1299,1]
[455,41,1454,1]
[456,91,415,1]
[457,73,1898,1]
[458,235,1895,1]
[459,149,1971,1]
[460,97,1092,1]
[461,237,1037,1]
[462,141,1073,1]
[463,67,1988,1]
[464,213,1970,1]
[465,91,2000,1]
[466,11,1730,2]
[467,39,1974,1]
[468,255,1510,1]
[469,93,1375,2]
[470,249,1551,1]
[471,233,976,1]
[472,65,1826,1]
[473,31,1596,1]
[474,109,1961,2]
[475,209,1725,1]
[476,83,1183,1]
[477,219,1336,1]
[478,15,1927,1]
[479,261,1959,1]
[480,251,1651,1]
[481,7,1882,1]
[482,187,1993,1]
[483,163,1819,1]
[484,37,1913,2]
[485,269,1425,1]
[486,11,1942,1]
[487,267,1596,1]
[488,237,1984,2]
[489,185,1528,1]
[490,99,1753,1]
[491,23,1787,1]
[492,103,1853,1]
[493,177,1734,1]
[494,185,1596,1]
[495,155,1912,2]
[496,139,1715,1]
[497,269,1981,1]
[498,157,1322,1]
[499,17,1899,1]
[500,157,1353,1]
[501,125,1629,2]
[502,183,1626,1]
[503,215,1908,1]
[504,107,1614,1]
[505,185,1755,2]
[506,209,1918,1]
[507,191,1843,1]
[508,215,1981,1]
[509,199,1521,2]
[510,185,1870,2]
[511,181,1962,1]
[512,169,1775,1]
[513,241,1802,1]
[514,31,1830,1]
[515,21,1855,2]
[516,141,1275,2]
[517,21,878,1]
[518,95,1605,1]
[519,81,1915,1]
[520,159,1909,1]
[521,157,1433,1]
[522,123,1777,1]
[523,3,1046,1]
[524,257,1935,2]
[525,87,1823,1]
[526,173,1561,1]
[527,43,1965,2]
[528,275,1600,1]
[529,95,1735,1]
[530,131,1975,2]
[531,167,1162,1]
[532,239,1726,1]
[533,223,1389,1]
[534,141,1859,1]
[535,169,1980,1]
[536,233,1709,1]
[537,243,1253,1]
[538,131,1749,1]
[539,207,1429,2]
[540,193,1846,1]
[541,9,1490,1]
[542,39,1992,1]
[543,251,1971,1]
[544,27,1889,1]
[545,275,1925,1]
[546,199,1952,1]
[547,145,1985,1]
[548,127,1907,1]
[549,135,1860,1]
[550,57,1983,1]
[551,219,1805,1]
[552,171,1695,2]
[553,133,1702,1]
[554,3,1052,1]
[555,257,1680,1]
[556,171,937,1]
[557,93,1552,2]
[558,83,1559,2]
[559,223,1687,1]
[560,177,1796,1]
[561,205,1975,1]
[562,239,1894,1]
[563,155,1963,1]
[564,257,1990,1]
[565,101,1957,1]
[566,217,1845,1]
[567,193,1971,1]
[568,263,1926,1]
[569,33,1978,1]
[570,237,1095,1]
[571,203,1909,1]
[572,159,1987,1]
[573,63,1888,1]
[574,105,1991,1]
[575,207,1464,1]
[576,277,1843,1]
[577,21,1905,1]
[578,73,1949,1]
[579,113,1588,2]
[580,183,1707,1]
[581,99,1851,1]
[582,167,1416,1]
[583,173,1978,1]
[584,113,1783,2]
[585,3,1581,1]
[586,85,1714,1]
[587,171,1827,1]
[588,119,1949,1]
[589,43,1990,2]
[590,25,1801,1]
[591,163,1832,1]
[592,189,1861,1]
[593,279,1731,1]
[594,219,1959,1]
[595,253,1965,1]
[596,243,1583,1]
[597,29,1604,1]
[598,107,1993,1]
[599,119,1955,1]
[600,23,1822,1]
[601,117,1886,1]
[602,137,1403,1]
[603,63,1938,1]
[604,237,1221,1]
[605,95,1798,1]
[606,113,1859,1]
[607,279,1783,1]
[608,25,1976,1]
[609,29,1891,2]
[610,9,1513,2]
[611,153,1747,1]
[612,189,1969,1]
[613,279,1965,1]
[614,47,1626,1]
[615,75,1718,1]
[616,3,1588,1]
[617,15,1958,1]
[618,237,1787,1]
[619,207,1815,1]
[620,125,1094,1]
[621,267,1890,1]
[622,133,1834,1]
[623,267,1946,1]
[624,157,1754,2]
[625,227,1970,2]
[626,111,1942,1]
[627,131,1790,1]
[628,17,1946,1]
[629,197,1832,2]
[630,131,1800,1]
[631,95,1949,1]
[632,41,1634,1]
[633,125,1720,1]
[634,195,1941,1]
[635,29,1622,1]
[636,211,1608,1]
[637,47,1918,1]
[638,235,1911,1]
[639,133,1914,1]
[640,93,1965,1]
[641,157,1777,1]
[642,37,1982,1]
[643,255,1527,1]
[644,111,1953,1]
[645,161,1996,1]
[646,227,1967,1]
[647,97,1494,1]
[648,83,1689,1]
[649,171,1926,1]
[650,167,1449,1]
[651,151,2000,1]
[652,13,1982,2]
[653,59,1855,1]
[654,29,1677,1]
[655,123,1953,1]
[656,237,1968,1]
[657,125,1798,1]
[658,137,1762,1]
[659,177,1897,1]
[660,125,1921,1]
[661,233,1939,1]
[662,203,1967,1]
[663,97,1675,1]
[664,75,1971,1]
[665,117,1979,1]
[666,167,1671,1]
[667,265,1887,1]
[668,183,1884,1]
[669,249,1848,1]
[670,101,1970,2]
[671,139,1782,1]
[672,137,1845,1]
[673,83,1931,1]
[674,103,1876,1]
[675,99,1884,1]
[676,103,1894,1]
[677,109,1962,1]
[678,49,1956,1]
[679,249,1984,1]
[680,103,1922,1]
[681,221,2000,1]
[682,147,1833,1]
[683,3,1942,1]
[684,85,1809,1]
[685,243,1675,1]
[686,99,1987,1]
[687,97,1962,1]
[688,243,1890,1]
[689,17,1965,1]
[690,185,1795,1]
[691,175,2000,1]
[692,139,1947,1]
[693,167,1985,1]
[694,223,1896,1]
[695,157,1845,1]
[696,7,1993,1]
[697,137,1960,1]
[698,133,1924,1]
[699,113,1966,1]
[700,231,1828,1]
[701,85,1896,1]
[702,185,1935,1]
[703,95,1954,1]
[704,243,1894,1]
[705,177,1926,2]
[706,247,1938,1]
[707,197,1605,1]
[708,211,1632,1]
[709,177,1919,1]
[710,171,1987,1]
[711,5,1939,1]
[712,185,1957,1]
[713,5,1960,1]
[714,177,1991,1]
[715,255,1890,1]
[716,1,1956,1]
[717,217,1961,1]
[718,153,1878,1]
[719,81,1917,1]
[720,135,1948,1]
[721,147,1909,1]
[722,13,1942,1]
[723,87,1966,1]
[724,211,1825,1]
[725,19,2000,1]
[726,31,1843,1]
[727,201,1968,1]
[728,229,1972,1]
[729,213,1988,1]
[730,191,1873,1]
[731,271,1952,1]
[732,9,1975,1]
[733,87,1970,1]
[734,259,1992,1]
[735,121,1935,1]
[736,9,1981,1]
[737,183,1924,1]
[738,273,1983,1]
[739,85,1973,1]
[740,59,1909,1]
[741,241,1881,1]
[742,35,1876,1]
[743,169,1995,1]
[744,131,1927,1]
[745,163,1930,2]
[746,59,1967,1]
[747,135,1968,1]
[748,277,1976,1]
[749,141,1969,1]
[750,31,1902,1]
[751,229,1986,1]
[752,29,1739,1]
[753,255,1932,1]
[754,29,1996,1]
[755,95,1988,1]
[756,211,1887,1]
[757,133,1943,1]
[758,83,1942,1]
[759,65,1977,2]
[760,21,1942,1]
[761,157,1861,1]
[762,23,1859,1]
[763,103,1960,1]
[764,261,1983,1]
[765,111,1954,1]
[766,207,1885,1]
[767,265,1914,1]
[768,127,1945,2]
[769,147,1932,1]
[770,239,1927,1]
[771,131,1941,1]
[772,191,1882,2]
[773,183,1937,3]
[774,65,1906,1]
[775,197,1695,1]
[776,231,1897,1]
[777,245,1894,1]
[778,137,1964,1]
[779,181,1966,1]
[780,7,1995,1]
[781,89,1994,1]
[782,185,1990,1]
[783,163,1884,1]
[784,207,1945,1]
[785,211,1896,1]
[786,167,1997,1]
[787,63,1973,2]
[788,131,1999,1]
[789,47,1972,2]
[790,109,1975,1]
[791,259,1997,1]
[792,279,1978,1]
[793,123,1977,1]
[794,235,1951,1]
[795,1,1991,1]
[796,81,1928,1]
[797,235,1959,1]
[798,41,1913,1]
[799,197,1851,1]
[800,121,1981,2]
[801,149,1974,2]
[802,3,1986,1]
[803,93,1995,1]
[804,239,1938,1]
[805,65,1992,1]
[806,153,1985,1]
[807,255,1984,1]
[808,53,1991,1]
[809,127,1922,1]
[810,245,1955,3]
[811,199,1980,1]
[812,29,1999,1]
[813,147,2000,1]
[814,127,1966,2]
[815,35,1938,2]
[816,135,1985,1]
[817,67,1993,2]
[818,81,1970,1]
[819,197,1892,3]
[820,35,1947,1]
[821,121,1967,1]
[822,253,1992,1]
[823,43,1984,1]
[824,173,1989,1]
[825,197,1913,2]
[826,267,1996,1]
[827,199,1990,1]
[828,41,1932,1]
[829,55,1981,1]
[830,81,1987,1]
[831,233,1997,1]
[832,25,1980,1]
[833,223,1970,1]
[834,75,1976,1]
[835,155,1987,1]
[836,243,1929,1]
[837,59,1973,1]
[838,71,1994,1]
[839,105,1998,1]
[840,63,1963,1]
[841,179,2000,1]
[842,125,1999,1]
[843,207,1950,1]
[844,61,1964,1]
[845,279,1995,2]
[846,41,1979,2]
[847,245,1915,2]
[848,17,1972,1]
[849,35,1965,2]
[850,197,1882,1]
[851,1,1998,1]
[852,241,1978,1]
[853,195,1977,1]
[854,109,1987,1]
[855,27,1925,1]
[856,157,1917,1]
[857,111,1966,1]
[858,143,1967,1]
[859,157,1946,2]
[860,183,1929,1]
[861,143,1981,1]
[862,47,1937,1]
[863,39,1996,1]
[864,81,1998,1]
[865,263,1977,2]
[866,225,1993,2]
[867,177,1993,1]
[868,247,1953,1]
[869,189,1998,1]
[870,77,1944,2]
[871,111,1987,1]
[872,191,1902,1]
[873,83,1948,1]
[874,275,1963,1]
[875,231,1989,1]
[876,203,1998,1]
[877,73,1986,1]
[878,115,1964,1]
[879,61,1995,1]
[880,23,1896,1]
[881,227,1984,1]
[882,113,1998,1]
[883,227,1986,2]
[884,77,1971,2]
[885,53,1996,1]
[886,51,1987,1]
[887,163,1943,1]
[888,245,1982,1]
[889,191,1916,1]
[890,217,2000,1]
[891,191,1919,2]
[892,265,1949,2]
[893,83,1975,1]
[894,23,1975,1]
[895,85,1977,1]
[896,31,1989,1]
[897,205,1985,1]
[898,269,1982,1]
[899,35,1982,1]
[900,237,1985,1]
[901,11,1957,1]
[902,97,1978,1]
[903,171,1990,2]
[904,171,1994,1]
[905,63,1986,1]
[906,193,1988,1]
[907,265,1954,1]
[908,181,1967,1]
[909,243,1932,2]
[910,241,1994,1]
[911,149,1991,1]
[912,27,1929,2]
[913,271,1957,1]
[914,211,1995,1]
[915,265,1986,1]
[916,137,1993,1]
[917,141,1979,1]
[918,133,1988,1]
[919,117,1985,1]
[920,265,1993,1]
[921,243,1959,1]
[922,17,1976,1]
[923,123,1997,1]
[924,41,1969,1]
[925,219,1983,1]
[926,275,1980,1]
[927,223,1997,1]
[928,15,1992,1]
[929,209,1985,1]
[930,83,1978,1]
[931,139,1957,1]
[932,183,1959,1]
[933,239,1950,2]
[934,21,1959,1]
[935,163,1987,1]
[936,9,1998,1]
[937,141,1997,1]
[938,271,1988,1]
[939,255,1988,2]
[940,263,1927,1]
[941,135,1998,1]
[942,41,1990,2]
[943,197,1947,1]
[944,115,1999,1]
[945,55,1985,1]
[946,47,1971,1]
[947,197,1957,1]
[948,157,1933,1]
[949,197,1962,1]
[950,157,1996,1]
[951,183,1990,1]
[952,223,1999,1]
[953,17,1996,1]
[954,63,2000,1]
[955,207,1953,1]
[956,271,1997,1]
[957,279,1979,1]
[958,79,1992,1]
[959,201,1969,1]
[960,239,1953,1]
[961,141,1998,1]
[962,37,1995,2]
[963,191,1984,1]
[964,127,1989,1]
[965,275,1999,1]
[966,239,1981,1]
[967,121,1982,1]
[968,25,1988,1]
[969,199,1995,1]
[970,41,1983,1]
[971,7,1998,3]
[972,209,1992,1]
[973,25,1999,1]
[974,93,1998,1]
[975,21,1990,2]
[976,59,1975,1]
[977,13,1944,1]
[978,23,1997,2]
[979,97,1979,1]
[980,139,1987,1]
[981,117,1986,2]
[982,267,1999,1]
[983,249,1989,1]
[984,77,1987,1]
[985,227,2000,2]
[986,133,1989,1]
[987,201,1993,1]
[988,229,1993,1]
[989,165,1993,1]
[990,207,1985,1]
[991,27,1991,1]
[992,77,1992,1]
[993,237,2000,1]
[994,243,1967,2]
[995,235,1987,1]
[996,49,1991,1]
[997,187,1998,1]
[998,101,1972,1]
[999,215,1996,1]
[1000,153,1986,1]
[1001,199,667545,667382]
[1002,188,107424,107439]
[1003,48,555896,556792]
[1004,196,218831,220594]
[1005,127,380935,380364]
[1006,204,506071,506311]
[1007,182,568866,569213]
[1008,28,710996,712561]
[1009,127,462865,461221]
[1010,153,16231,15179]
[1011,277,462340,461019]
[1012,45,440681,438983]
[1013,217,585906,585369]
[1014,103,280301,278992]
[1015,114,561715,563644]
[1016,52,219673,220161]
[1017,22,134477,135571]
[1018,157,84126,83134]
[1019,108,325574,327218]
[1020,217,15359,13610]
[1021,198,133898,135540]
[1022,158,320324,320698]
[1023,138,192696,194493]
[1024,53,246152,244681]
[1025,112,440786,441073]
[1026,14,392436,394014]
[1027,53,308291,306762]
[1028,81,103424,102666]
[1029,144,140979,141970]
[1030,235,153603,152088]
[1031,200,396096,397369]
[1032,148,317040,318398]
[1033,255,539138,538375]
[1034,54,69683,70719]
[1035,270,374726,376656]
[1036,273,604388,603385]
[1037,279,437178,435443]
[1038,115,697258,695411]
[1039,244,246013,247013]
[1040,209,670046,669259]
[1041,60,180833,182001]
[1042,121,431590,430540]
[1043,162,575592,577269]
[1044,173,669661,668831]
[1045,7,352627,351647]
[1046,44,353313,353830]
[1047,75,577181,575257]
[1048,227,554332,552360]
[1049,275,43781,43620]
[1050,47,274212,274186]
[1051,114,501774,503388]
[1052,189,506101,505566]
[1053,52,544178,545530]
[1054,8,480441,481852]
[1055,150,84786,84796]
[1056,49,448856,447216]
[1057,130,711481,712822]
[1058,248,159683,161571]
[1059,197,335313,334915]
[1060,91,552694,552361]
[1061,42,425958,427361]
[1062,171,412737,411066]
[1063,196,671641,671684]
[1064,204,458533,459051]
[1065,224,45214,46273]
[1066,229,137660,135687]
[1067,227,677413,675892]
[1068,245,686636,685842]
[1069,67,184856,184683]
[1070,82,414268,415141]
[1071,96,316917,318850]
[1072,220,457677,459370]
[1073,29,385154,383230]
[1074,159,654860,653250]
[1075,229,534106,533583]
[1076,153,432150,431246]
[1077,139,51833,51354]
[1078,51,652126,651326]
[1079,274,498532,499760]
[1080,181,544638,543998]
[1081,50,368351,369177]
[1082,131,725861,725019]
[1083,86,659821,660997]
[1084,59,248041,247511]
[1085,26,47042,47647]
[1086,183,385797,384263]
[1087,197,471721,471551]
[1088,40,635690,637636]
[1089,26,145715,147489]
[1090,99,589779,588859]
[1091,12,535637,536268]
[1092,106,321636,322813]
[1093,25,8567,7624]
[1094,122,20410,21085]
[1095,244,432542,434237]
[1096,116,153182,153192]
[1097,45,151932,150932]
[1098,132,199195,200764]
[1099,257,699867,698719]
[1100,191,699618,698093]
[1101,119,258339,257545]
[1102,214,46735,48169]
[1103,233,365064,363845]
[1104,16,323417,324135]
[1105,115,66914,65518]
[1106,194,450834,452576]
[1107,68,142502,144476]
[1108,18,223633,225509]
[1109,144,16915,17809]
[1110,116,554088,555642]
[1111,44,129423,129939]
[1112,86,421529,423249]
[1113,263,489147,488751]
[1114,57,324735,324691]
[1115,246,100749,101000]
[1116,37,410335,408982]
[1117,193,597268,595337]
[1118,70,95368,96141]
[1119,194,370324,371976]
[1120,114,576446,578151]
[1121,111,123957,122263]
[1122,104,460906,461189]
[1123,250,439456,440691]
[1124,268,491255,491892]
[1125,95,354806,353496]
[1126,247,345534,344252]
[1127,97,426148,425156]
[1128,212,611870,612181]
[1129,198,35755,36606]
[1130,242,92627,93119]
[1131,228,248561,250397]
[1132,242,360047,362045]
[1133,95,565974,565696]
[1134,52,376687,377742]
[1135,82,538660,539376]
[1136,57,83638,81963]
[1137,198,454395,455545]
[1138,166,596081,597124]
[1139,180,33284,34835]
[1140,270,482848,482892]
[1141,267,298741,298144]
[1142,141,655370,654951]
[1143,70,15840,15957]
[1144,210,182151,183497]
[1145,208,726633,727449]
[1146,32,204421,205141]
[1147,122,454205,455256]
[1148,153,542669,541922]
[1149,185,512062,510569]
[1150,258,577062,577765]
[1151,8,457109,457913]
[1152,111,429813,428274]
[1153,180,104408,105395]
[1154,132,324091,324130]
[1155,21,393290,393113]
[1156,192,295553,295850]
[1157,97,129987,128665]
[1158,246,671992,673513]
[1159,44,23431,24391]
[1160,163,335746,335221]
[1161,44,304442,304807]
[1162,7,162138,160989]
[1163,119,294584,294061]
[1164,53,248669,248025]
[1165,189,714368,713812]
[1166,279,703963,702371]
[1167,227,706843,706524]
[1168,119,621044,619338]
[1169,241,499932,499297]
[1170,38,667839,668061]
[1171,225,490263,490160]
[1172,27,341110,339526]
[1173,108,167163,168156]
[1174,42,641584,641804]
[1175,80,258119,259401]
[1176,116,616119,617928]
[1177,129,629227,628287]
[1178,225,169778,169444]
[1179,53,524317,523409]
[1180,119,545310,544525]
[1181,89,83280,81891]
[1182,88,604676,606389]
[1183,150,504936,505261]
[1184,12,330910,331638]
[1185,230,434702,436454]
[1186,85,182009,181155]
[1187,43,62887,61861]
[1188,21,64955,63881]
[1189,122,423186,423561]
[1190,136,346795,347133]
[1191,208,262521,264121]
[1192,251,475787,475047]
[1193,105,243974,242487]
[1194,234,1086,1209]
[1195,205,457694,456310]
[1196,154,365878,365922]
[1197,45,490928,490861]
[1198,117,68284,68229]
[1199,66,221523,221625]
[1200,136,37497,38199]
[1201,98,608216,608845]
[1202,95,39062,38857]
[1203,279,110278,109639]
[1204,0,418062,419685]
[1205,219,11724,11299]
[1206,61,224761,224488]
[1207,245,425765,423981]
[1208,42,675770,677487]
[1209,171,289298,288339]
[1210,10,130565,131258]
[1211,217,320728,320225]
[1212,93,374552,374203]
[1213,259,156897,156491]
[1214,86,526816,527644]
[1215,12,164283,165360]
[1216,47,76215,75705]
[1217,235,121330,119648]
[1218,163,67609,67154]
[1219,276,29406,31343]
[1220,232,228787,229196]
[1221,54,115463,116257]
[1222,119,168635,166746]
[1223,107,577719,576218]
[1224,32,665016,665649]
[1225,47,65551,65187]
[1226,91,370443,369205]
[1227,74,260235,260912]
[1228,12,50707,51139]
[1229,269,596248,594955]
[1230,91,270067,269287]
[1231,86,141695,143181]
[1232,44,400560,400835]
[1233,88,658687,660024]
[1234,196,501254,501731]
[1235,28,646724,648622]
[1236,161,34012,32249]
[1237,121,114698,113947]
[1238,190,502880,504562]
[1239,104,486774,488254]
[1240,238,709394,711104]
[1241,207,285912,285185]
[1242,257,521545,521210]
[1243,278,228286,228697]
[1244,233,444403,442918]
[1245,9,218636,217473]
[1246,224,286730,288219]
[1247,73,435331,433335]
[1248,156,482953,484150]
[1249,160,317077,317373]
[1250,62,258589,258874]
[1251,197,723718,721760]
[1252,201,489638,488196]
[1253,225,617401,617227]
[1254,148,517008,518468]
[1255,102,55144,55220]
[1256,7,663329,662791]
[1257,81,539851,539153]
[1258,238,201618,202723]
[1259,233,548134,546812]
[1260,113,497021,496678]
[1261,249,216622,216385]
[1262,218,436652,437461]
[1263,198,471156,471774]
[1264,248,29439,31014]
[1265,90,320354,321640]
[1266,117,273682,272814]
[1267,279,209231,207893]
[1268,11,533480,533091]
[1269,14,560941,561844]
[1270,122,647935,649105]
[1271,23,583040,582940]
[1272,242,441246,442876]
[1273,261,297267,295761]
[1274,90,146533,147396]
[1275,24,266070,267538]
[1276,123,226061,225040]
[1277,169,460879,460175]
[1278,240,45076,46892]
[1279,37,643338,642767]
[1280,13,684169,683168]
[1281,256,430573,430674]
[1282,200,110327,110856]
[1283,17,527090,526647]
[1284,4,549152,549779]
[1285,260,618771,619112]
[1286,52,58960,59831]
[1287,91,72963,71446]
[1288,249,684667,683276]
[1289,248,177311,179288]
[1290,59,246668,245828]
[1291,0,455096,456831]
[1292,207,717089,716875]
[1293,25,134338,134328]
[1294,114,721978,722331]
[1295,31,476091,474302]
[1296,139,336712,335425]
[1297,23,233837,232263]
[1298,116,607761,609240]
[1299,160,125222,126899]
[1300,149,664238,663761]
[1301,119,286024,285022]
[1302,11,41176,41047]
[1303,147,25658,25199]
[1304,200,726276,727136]
[1305,80,248505,249497]
[1306,134,292038,293965]
[1307,211,92830,90949]
[1308,249,253191,251494]
[1309,233,607070,605327]
[1310,77,324936,324132]
[1311,162,412264,413314]
[1312,105,547858,546014]
[1313,43,228077,226391]
[1314,244,534220,535713]
[1315,107,478045,477222]
[1316,94,713926,713953]
[1317,44,598699,599064]
[1318,119,596436,596095]
[1319,228,503684,505103]
[1320,262,53013,53707]
[1321,109,44180,42999]
[1322,118,312721,314227]
[1323,257,78014,77106]
[1324,238,628764,629946]
[1325,277,504008,503797]
[1326,16,562533,563583]
[1327,160,237803,238624]
[1328,78,87404,89189]
[1329,140,449678,450207]
[1330,160,705182,705680]
[1331,119,365968,365706]
[1332,278,575917,577448]
[1333,62,606327,607306]
[1334,247,235656,234934]
[1335,206,185291,185682]
[1336,139,176570,174598]
[1337,96,87920,88921]
[1338,278,395279,395904]
[1339,207,507532,507511]
[1340,184,243824,244569]
[1341,193,506926,505145]
[1342,94,53519,54590]
[1343,142,612541,613482]
[1344,192,716312,717779]
[1345,258,232421,233337]
[1346,166,369738,371503]
[1347,59,487712,485865]
[1348,13,673132,671851]
[1349,177,92350,92244]
[1350,73,411385,410119]
[1351,259,216364,214389]
[1352,217,459559,457920]
[1353,133,172071,170947]
[1354,248,362439,363675]
[1355,6,472844,474017]
[1356,71,513016,511681]
[1357,42,472190,472476]
[1358,227,585280,583286]
[1359,56,633962,635083]
[1360,146,590775,591942]
[1361,181,327580,326735]
[1362,252,388870,390253]
[1363,12,268686,269737]
[1364,3,92922,91098]
[1365,241,655299,654842]
[1366,132,269415,271209]
[1367,242,50653,50801]
[1368,100,443872,445683]
[1369,90,236185,236604]
[1370,8,35720,36241]
[1371,146,48335,48891]
[1372,23,637311,636758]
[1373,199,710354,708762]
[1374,42,179539,181388]
[1375,174,710280,710300]
[1376,210,651521,652030]
[1377,91,192472,190506]
[1378,122,81591,81810]
[1379,46,286019,286161]
[1380,15,509252,508828]
[1381,19,184950,183113]
[1382,156,600948,601418]
[1383,202,682742,682805]
[1384,30,163545,164506]
[1385,71,672645,672587]
[1386,229,383916,382680]
[1387,112,561615,561912]
[1388,269,676102,675758]
[1389,35,551252,549669]
[1390,270,282261,283679]
[1391,161,652472,650961]
[1392,64,444800,445228]
[1393,17,300189,299036]
[1394,124,526418,526980]
[1395,148,323645,324249]
[1396,127,146369,144406]
[1397,175,248448,248091]
[1398,44,415511,416616]
[1399,251,362472,360698]
[1400,227,418810,417682]
[1401,86,639892,641518]
[1402,176,305203,305885]
[1403,9,378076,378043]
[1404,273,372654,371083]
[1405,29,152875,152344]
[1406,228,728971,729025]
[1407,107,336411,335979]
[1408,254,344040,344538]
[1409,199,679352,678727]
[1410,145,298545,297619]
[1411,132,226091,227365]
[1412,79,64949,64486]
[1413,1,262544,261148]
[1414,127,22142,20804]
[1415,189,61699,60275]
[1416,252,92683,94489]
[1417,209,65470,64544]
[1418,85,143604,141883]
[1419,26,665365,665515]
[1420,213,410701,409840]
[1421,90,246284,247775]
[1422,165,89423,89409]
[1423,54,605384,607025]
[1424,129,401794,400797]
[1425,185,478097,477169]
[1426,77,279322,279076]
[1427,38,268250,269210]
[1428,250,668065,669702]
[1429,72,396820,398523]
[1430,95,673657,672923]
[1431,277,243547,242429]
[1432,89,366112,364783]
[1433,6,396741,398157]
[1434,82,297342,298493]
[1435,157,651299,650047]
[1436,255,728407,728108]
[1437,60,183234,184791]
[1438,140,357424,359108]
[1439,243,419250,418101]
[1440,162,220018,220201]
[1441,185,105570,104959]
[1442,21,129721,129297]
[1443,112,35251,35897]
[1444,199,190026,189667]
[1445,206,598749,598863]
[1446,177,297273,297203]
[1447,0,273299,273465]
[1448,139,143830,142438]
[1449,77,410996,410852]
[1450,145,215342,214674]
[1451,55,288771,288517]
[1452,108,494422,496409]
[1453,157,203629,202595]
[1454,94,290374,290621]
[1455,99,457066,456082]
[1456,164,624185,626148]
[1457,20,685218,685711]
[1458,34,545408,547352]
[1459,261,389336,387736]
[1460,230,266890,267086]
[1461,59,179586,178556]
[1462,173,211924,211206]
[1463,201,108987,107109]
[1464,203,681083,680285]
[1465,279,133363,133141]
[1466,177,86075,84945]
[1467,214,575104,576202]
[1468,135,213783,212004]
[1469,204,578917,579732]
[1470,234,128826,129425]
[1471,140,333591,335553]
[1472,233,426369,424591]
[1473,26,668177,669200]
[1474,204,288709,289317]
[1475,170,191188,191325]
[1476,216,245199,246688]
[1477,153,711687,710656]
[1478,136,373339,373994]
[1479,218,509363,510245]
[1480,20,60531,62058]
[1481,244,236678,238354]
[1482,180,514993,516481]
[1483,218,613516,615030]
[1484,99,253129,252419]
[1485,73,244211,242476]
[1486,249,564211,563712]
[1487,57,455672,454999]
[1488,216,701683,702264]
[1489,51,110849,110054]
[1490,142,321383,322009]
[1491,123,422485,421356]
[1492,13,226458,224632]
[1493,28,113765,115461]
[1494,8,440041,441400]
[1495,23,183454,182478]
[1496,276,502802,504720]
[1497,229,384494,384004]
[1498,105,287233,286807]
[1499,153,522943,521245]
[1500,116,367639,369296]
[1501,153,539948,538922]
[1502,16,408686,410346]
[1503,147,235323,233536]
[1504,123,270923,270522]
[1505,123,459588,458967]
[1506,218,690667,690943]
[1507,174,301150,303041]
[1508,136,359986,359996]
[1509,51,463236,462304]
[1510,103,16134,15009]
[1511,53,713656,712125]
[1512,241,570747,570139]
[1513,167,248971,248006]
[1514,230,641977,643374]
[1515,50,268830,270148]
[1516,26,407134,408186]
[1517,247,207518,207270]
[1518,5,488205,487861]
[1519,131,725834,723849]
[1520,270,639069,640113]
[1521,145,83592,82270]
[1522,193,346232,345117]
[1523,118,235397,236619]
[1524,82,311851,313221]
[1525,127,451497,451023]
[1526,167,348556,348358]
[1527,19,532086,530797]
[1528,141,57728,56412]
[1529,104,584149,585126]
[1530,32,673228,674567]
[1531,44,196477,197450]
[1532,232,377432,377442]
[1533,271,140288,138937]
[1534,208,265376,266488]
[1535,106,218145,220117]
[1536,160,699000,700389]
[1537,216,667900,668547]
[1538,112,612147,612475]
[1539,46,70723,71044]
[1540,28,720415,720539]
[1541,125,503442,501583]
[1542,125,72529,71248]
[1543,120,434802,436243]
[1544,256,379170,380779]
[1545,106,246346,247297]
[1546,14,390497,390991]
[1547,263,155894,154037]
[1548,104,197189,198836]
[1549,198,120771,121250]
[1550,210,624852,626105]
[1551,107,137531,136562]
[1552,59,615162,613568]
[1553,252,23282,23757]
[1554,184,201855,202195]
[1555,195,386684,386263]
[1556,38,130025,131051]
[1557,236,199286,201267]
[1558,201,446525,444788]
[1559,118,133387,133397]
[1560,162,549546,551218]
[1561,137,664425,663362]
[1562,66,722126,722484]
[1563,22,298982,300005]
[1564,166,726414,726589]
[1565,199,565084,563970]
[1566,221,593185,591837]
[1567,133,341508,339592]
[1568,130,459909,460023]
[1569,59,427846,426170]
[1570,207,425200,424963]
[1571,119,724677,724439]
[1572,67,112850,110962]
[1573,219,57513,55643]
[1574,11,148751,147071]
[1575,182,439273,440770]
[1576,134,243640,244462]
[1577,89,516949,516423]
[1578,110,388097,389451]
[1579,45,150716,150247]
[1580,194,428591,429596]
[1581,100,152619,153227]
[1582,65,550144,548353]
[1583,140,242204,243156]
[1584,117,562845,561410]
[1585,261,140726,140243]
[1586,270,57066,58791]
[1587,211,345490,345029]
[1588,174,143824,144640]
[1589,272,303188,305002]
[1590,215,650288,649472]
[1591,125,94568,94080]
[1592,55,656547,655670]
[1593,249,531555,530029]
[1594,204,440441,441952]
[1595,53,458931,457526]
[1596,13,210068,209427]
[1597,10,607179,608390]
[1598,241,626888,625567]
[1599,50,528003,528758]
[1600,257,525438,524550]
[1601,249,372392,370481]
[1602,87,709493,708148]
[1603,30,149140,149916]
[1604,209,266814,266681]
[1605,54,399070,400095]
[1606,218,519630,520255]
[1607,209,530203,529248]
[1608,141,653430,651879]
[1609,275,218629,216650]
[1610,80,405756,407533]
[1611,144,397357,398266]
[1612,140,332414,333353]
[1613,180,54306,56226]
[1614,61,315890,314029]
[1615,232,645575,645950]
[1616,102,635918,636321]
[1617,252,343373,344959]
[1618,114,289269,290457]
[1619,158,526885,528104]
[1620,35,119175,117423]
[1621,64,405618,405975]
[1622,39,704384,702677]
[1623,79,650364,649734]
[1624,70,407406,409289]
[1625,255,599130,597560]
[1626,2,198624,199011]
[1627,145,349312,348788]
[1628,275,65530,64396]
[1629,243,452515,452455]
[1630,237,112427,110796]
[1631,166,558427,558449]
[1632,220,141528,141851]
[1633,248,573540,574517]
[1634,213,663801,662651]
[1635,28,569382,569839]
[1636,231,85210,84856]
[1637,34,494490,494617]
[1638,64,346378,348142]
[1639,60,214987,216893]
[1640,153,466991,466885]
[1641,123,52510,50969]
[1642,187,292599,291432]
[1643,100,575646,577044]
[1644,94,61784,63597]
[1645,196,301957,302985]
[1646,182,393365,395138]
[1647,275,527768,527552]
[1648,96,404820,405786]
[1649,204,548992,550305]
[1650,204,703225,705012]
[1651,35,177246,176528]
[1652,278,572493,574163]
[1653,33,547772,545926]
[1654,161,261212,259512]
[1655,137,483895,482341]
[1656,80,495638,497407]
[1657,190,271176,271615]
[1658,146,519903,520333]
[1659,94,561152,562055]
[1660,257,669577,668725]
[1661,32,668468,668882]
[1662,23,349552,348275]
[1663,57,640279,639104]
[1664,151,310885,309494]
[1665,16,368746,369173]
[1666,233,581062,579078]
[1667,241,365033,363288]
[1668,162,381602,382156]
[1669,136,573138,574887]
[1670,16,46140,46150]
[1671,271,366939,365927]
[1672,97,577609,575967]
[1673,226,235491,236661]
[1674,110,612473,612883]
[1675,38,466561,468017]
[1676,90,609758,610308]
[1677,36,36765,37300]
[1678,68,62278,62302]
[1679,76,722763,724631]
[1680,185,441741,439892]
[1681,44,529747,531559]
[1682,154,110053,110992]
[1683,279,416363,414492]
[1684,21,324364,322706]
[1685,224,575101,575740]
[1686,123,48698,47273]
[1687,153,722098,720319]
[1688,52,79622,81053]
[1689,44,600613,600821]
[1690,4,101558,102240]
[1691,61,218944,218661]
[1692,67,516484,515862]
[1693,218,559441,561400]
[1694,207,264977,263167]
[1695,137,105011,104646]
[1696,151,102042,101304]
[1697,161,187948,187801]
[1698,276,542626,543088]
[1699,58,271340,272984]
[1700,185,3265,1369]
[1701,223,663702,663236]
[1702,203,341428,340771]
[1703,4,328896,330786]
[1704,28,490793,492781]
[1705,154,524558,525977]
[1706,108,681942,683640]
[1707,275,206449,205910]
[1708,36,238791,239098]
[1709,142,540304,542027]
[1710,24,703227,703634]
[1711,253,596920,596764]
[1712,213,242109,240222]
[1713,203,410964,409618]
[1714,72,133154,133181]
[1715,153,346006,344461]
[1716,135,556292,555954]
[1717,222,434060,435865]
[1718,100,313432,315109]
[1719,165,565031,564910]
[1720,98,615849,616214]
[1721,244,590438,590797]
[1722,87,343039,342635]
[1723,255,676692,675353]
[1724,42,76989,77308]
[1725,162,587858,588424]
[1726,272,188476,188532]
[1727,17,467340,466283]
[1728,10,622349,623062]
[1729,187,693488,692970]
[1730,106,432254,433308]
[1731,123,446220,445259]
[1732,215,729126,727790]
[1733,52,292695,292758]
[1734,180,287126,288330]
[1735,233,565977,564652]
[1736,142,66056,67538]
[1737,1,386292,385390]
[1738,50,513760,513976]
[1739,139,66192,64403]
[1740,192,633474,634099]
[1741,72,390604,391579]
[1742,153,123742,123445]
[1743,275,702099,701587]
[1744,123,413176,412502]
[1745,117,55299,54622]
[1746,200,658385,658795]
[1747,87,613738,612726]
[1748,243,472411,471577]
[1749,44,465304,465391]
[1750,166,717033,718166]
[1751,71,563955,562404]
[1752,34,432454,433252]
[1753,43,415129,413240]
[1754,276,314004,314894]
[1755,148,693960,695077]
[1756,197,294813,294006]
[1757,0,131316,132614]
[1758,187,426274,425747]
[1759,246,710069,711942]
[1760,201,538091,536275]
[1761,111,21854,19921]
[1762,83,284748,283914]
[1763,44,409650,411155]
[1764,168,235348,237344]
[1765,117,486323,485933]
[1766,198,611097,611927]
[1767,260,674587,676065]
[1768,14,371383,372676]
[1769,245,636431,635033]
[1770,120,169805,171425]
[1771,60,47328,47598]
[1772,240,593052,593425]
[1773,97,3484,3215]
[1774,82,571099,571882]
[1775,109,591834,590787]
[1776,124,424351,425649]
[1777,213,55219,53674]
[1778,184,258479,258890]
[1779,186,537363,537847]
[1780,156,98626,100610]
[1781,84,360442,362338]
[1782,145,554487,554452]
[1783,177,258820,258038]
[1784,206,330098,330235]
[1785,234,151817,153094]
[1786,224,626751,627003]
[1787,90,159767,161064]
[1788,111,353754,353179]
[1789,14,491680,492811]
[1790,196,216288,217458]
[1791,3,408054,407310]
[1792,193,522005,520941]
[1793,38,167423,167779]
[1794,111,97375,97126]
[1795,6,627367,628427]
[1796,144,139170,139917]
[1797,213,131457,130026]
[1798,206,391248,392138]
[1799,267,213984,213944]
[1800,141,511477,510648]
[1801,267,549743,548881]
[1802,97,76684,76374]
[1803,259,711998,710444]
[1804,76,493741,494873]
[1805,163,401526,400081]
[1806,205,206033,205079]
[1807,235,402954,402172]
[1808,262,30853,32195]
[1809,43,245024,243307]
[1810,238,342280,343547]
[1811,161,688396,687070]
[1812,97,80501,78535]
[1813,95,642535,641233]
[1814,192,606615,607076]
[1815,129,52864,52761]
[1816,239,333546,332614]
[1817,104,253653,254366]
[1818,34,440190,441590]
[1819,198,240823,242330]
[1820,60,363130,363326]
[1821,135,257253,256331]
[1822,99,361061,360810]
[1823,123,25870,24610]
[1824,61,408929,407650]
[1825,161,96403,95551]
[1826,141,654525,653853]
[1827,115,252262,252236]
[1828,144,437539,437822]
[1829,172,179804,181366]
[1830,189,137944,137526]
[1831,229,219585,218121]
[1832,79,170396,169971]
[1833,72,245422,246502]
[1834,136,294507,295878]
[1835,41,453690,451781]
[1836,238,535498,536024]
[1837,117,252429,252104]
[1838,152,255645,256688]
[1839,9,79116,78896]
[1840,77,566939,566545]
[1841,205,342099,341789]
[1842,56,223709,225256]
[1843,142,525127,525487]
[1844,161,111869,109904]
[1845,207,382155,382145]
[1846,34,98753,99569]
[1847,272,315710,316607]
[1848,176,675539,676612]
[1849,98,513816,514032]
[1850,12,16402,16806]
[1851,271,364914,363645]
[1852,158,717691,719182]
[1853,249,384232,383224]
[1854,141,323892,323363]
[1855,91,547475,546705]
[1856,166,465752,467612]
[1857,197,445178,443977]
[1858,33,517843,516695]
[1859,3,44566,44070]
[1860,179,207853,206738]
[1861,18,48629,50195]
[1862,249,508317,508005]
[1863,275,149751,147859]
[1864,58,499379,500377]
[1865,189,443175,441492]
[1866,158,426886,428687]
[1867,174,539383,541259]
[1868,70,34674,35034]
[1869,178,468294,469139]
[1870,140,87463,87560]
[1871,114,58507,59262]
[1872,15,377658,376151]
[1873,90,688534,690178]
[1874,101,6845,5730]
[1875,123,529857,528385]
[1876,81,43822,43812]
[1877,215,436366,434435]
[1878,216,388351,388720]
[1879,197,232468,231039]
[1880,214,60267,60767]
[1881,28,727319,728445]
[1882,187,531775,531077]
[1883,253,197745,195754]
[1884,218,261937,262071]
[1885,269,461223,459644]
[1886,103,205092,203979]
[1887,46,482003,482349]
[1888,188,557186,558318]
[1889,202,695164,695425]
[1890,102,409488,410682]
[1891,18,352571,352818]
[1892,171,447920,447741]
[1893,162,436650,438157]
[1894,71,58971,58831]
[1895,196,575387,576564]
[1896,50,265023,266565]
[1897,69,48045,46991]
[1898,277,457132,455229]
[1899,55,15560,14070]
[1900,276,442796,444299]
[1901,194,104439,105097]
[1902,103,246404,245406]
[1903,192,234687,236186]
[1904,200,119453,119578]
[1905,141,259421,258599]
[1906,120,418960,420463]
[1907,187,310856,310799]
[1908,198,384137,385329]
[1909,82,690841,692125]
[1910,15,210770,209861]
[1911,142,69618,70288]
[1912,9,495477,493495]
[1913,36,506509,507761]
[1914,234,235841,236645]
[1915,235,101931,100370]
[1916,73,218999,218634]
[1917,250,714724,716226]
[1918,30,137893,138586]
[1919,169,14364,13386]
[1920,232,352386,353083]
[1921,9,464759,463467]
[1922,145,554323,552814]
[1923,99,402946,402390]
[1924,33,252543,250759]
[1925,148,459332,460018]
[1926,131,55856,55758]
[1927,141,558244,558166]
[1928,25,413157,413065]
[1929,274,6642,6652]
[1930,128,407425,409345]
[1931,19,656783,655188]
[1932,261,538845,537834]
[1933,219,466946,466028]
[1934,122,116527,117973]
[1935,185,549623,548486]
[1936,25,487631,487538]
[1937,230,369630,370579]
[1938,213,401736,400190]
[1939,34,147052,148337]
[1940,223,575433,575200]
[1941,6,483624,484431]
[1942,46,511798,512105]
[1943,122,292043,292610]
[1944,195,164478,164419]
[1945,75,575150,573687]
[1946,33,636004,635228]
[1947,60,483329,484294]
[1948,73,586528,585003]
[1949,176,98812,100566]
[1950,198,646181,646195]
[1951,242,15699,16517]
[1952,45,45804,44541]
[1953,276,155525,156447]
[1954,74,56192,56794]
[1955,169,302456,302155]
[1956,242,443252,444273]
[1957,138,720788,721820]
[1958,216,177894,178640]
[1959,1,657213,655839]
[1960,253,630105,629152]
[1961,162,95533,95874]
[1962,232,204629,205367]
[1963,118,475277,475500]
[1964,5,450008,449868]
[1965,49,64073,63846]
[1966,220,653111,653427]
[1967,136,706655,707744]
[1968,39,441412,439639]
[1969,233,505063,503110]
[1970,109,695431,693756]
[1971,166,528598,529178]
[1972,241,198371,198111]
[1973,49,602253,601659]
[1974,258,236299,237290]
[1975,279,689216,689141]
[1976,183,455190,454115]
[1977,231,440566,438799]
[1978,271,345340,344299]
[1979,248,631119,631719]
[1980,129,41548,39675]
[1981,268,333206,334613]
[1982,28,54500,56270]
[1983,266,490020,491156]
[1984,88,549623,549953]
[1985,186,549125,549850]
[1986,20,114438,116227]
[1987,93,195239,193536]
[1988,72,142520,144277]
[1989,92,519000,519535]
[1990,90,129972,131401]
[1991,170,373032,374094]
[1992,86,509972,511201]
[1993,225,218063,217896]
[1994,102,148492,150130]
[1995,174,187038,188407]
[1996,112,236048,236794]
[1997,139,312301,311995]
[1998,133,602835,602025]
[1999,242,375620,376139]
[2000,157,457887,457627]
