["head":"wrap","lpos","status"]
[67,722327,1]
["io count"]
[2000]
["io":"id","wrap","startLpos","endLpos"]
[1,0,12890,13061]
[2,0,35721,37687]
[3,0,57084,58262]
[4,0,75341,75935]
[5,0,98958,99082]
[6,0,116621,117909]
[7,0,135199,136001]
[8,0,160014,160476]
[9,0,178128,179532]
[10,0,201594,202187]
[11,0,225860,225871]
[12,0,248958,250824]
[13,0,264472,264809]
[14,0,280526,281229]
[15,0,290563,291940]
[16,0,302317,304017]
[17,0,326281,326834]
[18,0,342862,344024]
[19,0,361759,362357]
[20,0,379966,380625]
[21,0,400051,400545]
[22,0,421056,422048]
[23,0,441586,443543]
[24,0,461458,463165]
[25,0,484885,486749]
[26,0,496220,498160]
[27,0,511130,512337]
[28,0,524118,524224]
[29,0,544061,545102]
[30,0,556191,557983]
[31,0,577531,578032]
[32,0,588205,589770]
[33,0,607413,607523]
[34,0,623404,623435]
[35,0,636051,636210]
[36,0,660983,661217]
[37,0,682870,684541]
[38,0,705622,706583]
[39,0,726994,727690]
[40,1,716348,715273]
[41,1,698939,697384]
[42,1,683364,682657]
[43,1,662682,661389]
[44,1,638384,638140]
[45,1,619951,618189]
[46,1,607555,606885]
[47,1,588419,586474]
[48,1,572992,572677]
[49,1,555380,553547]
[50,1,543049,542506]
[51,1,527038,525711]
[52,1,505290,504611]
[53,1,494916,493029]
[54,1,482475,481191]
[55,1,463105,462719]
[56,1,443007,441255]
[57,1,426125,424548]
[58,1,408442,406497]
[59,1,392643,392433]
[60,1,370123,369153]
[61,1,353353,353264]
[62,1,329909,328846]
[63,1,306710,306175]
[64,1,283065,282866]
[65,1,273011,271565]
[66,1,254477,253783]
[67,1,244424,243639]
[68,1,230511,229394]
[69,1,213821,213811]
[70,1,199990,198509]
[71,1,184308,183764]
[72,1,170515,168952]
[73,1,153113,152924]
[74,1,136649,134811]
[75,1,116481,114674]
[76,1,97450,95499]
[77,1,85344,84836]
[78,1,69540,69436]
[79,1,52146,51527]
[80,1,42081,41388]
[81,1,20120,19121]
[82,1,10255,8309]
[83,1,1372,0]
[84,2,10667,11554]
[85,2,24640,26222]
[86,2,49357,49467]
[87,2,69249,70240]
[88,2,81316,82475]
[89,2,92401,92456]
[90,2,102531,103732]
[91,2,120113,120595]
[92,2,138304,138800]
[93,2,151956,152572]
[94,2,168460,169477]
[95,2,191535,192582]
[96,2,214483,214545]
[97,2,233391,235103]
[98,2,244929,246761]
[99,2,257179,258358]
[100,2,269023,270743]
[101,2,284565,285879]
[102,2,301024,302747]
[103,2,319734,321369]
[104,2,330398,332253]
[105,2,351793,353354]
[106,2,363799,365593]
[107,2,382600,384406]
[108,2,400025,400447]
[109,2,412024,412275]
[110,2,435060,435485]
[111,2,448490,449605]
[112,2,459445,460695]
[113,2,479030,479753]
[114,2,494575,495063]
[115,2,509541,510030]
[116,2,533265,533571]
[117,2,546150,546748]
[118,2,571055,572535]
[119,2,589785,591602]
[120,2,609452,610458]
[121,2,621307,622340]
[122,2,643654,643953]
[123,2,662213,664067]
[124,2,672336,673985]
[125,2,690403,691720]
[126,2,704075,704977]
[127,2,720802,722513]
[128,2,726994,728375]
[129,3,713713,712979]
[130,3,694128,692886]
[131,3,684303,682850]
[132,3,660980,660932]
[133,3,643243,642277]
[134,3,625704,624264]
[135,3,614837,612934]
[136,3,597813,596934]
[137,3,575697,574463]
[138,3,558230,558168]
[139,3,535363,533710]
[140,3,521681,519844]
[141,3,502603,501764]
[142,3,488408,487639]
[143,3,474951,473863]
[144,3,462294,460731]
[145,3,446985,445376]
[146,3,430833,429256]
[147,3,411858,411637]
[148,3,395183,394976]
[149,3,377516,376106]
[150,3,354993,354955]
[151,3,339381,337816]
[152,3,317376,316933]
[153,3,296086,295748]
[154,3,283691,282271]
[155,3,265653,265560]
[156,3,253196,253186]
[157,3,234191,233869]
[158,3,209893,209737]
[159,3,196350,194610]
[160,3,185626,184570]
[161,3,167947,166548]
[162,3,156286,154741]
[163,3,140085,138628]
[164,3,128095,127378]
[165,3,104546,103561]
[166,3,80910,79198]
[167,3,61178,59230]
[168,3,44828,44257]
[169,3,34459,32685]
[170,3,24106,22504]
[171,3,11516,11107]
[172,3,614,0]
[173,4,15606,16329]
[174,4,30593,32090]
[175,4,42093,42622]
[176,4,52883,53215]
[177,4,72594,74020]
[178,4,90965,91715]
[179,4,108967,109506]
[180,4,121638,122474]
[181,4,140768,141908]
[182,4,164288,164745]
[183,4,175462,176742]
[184,4,193906,195736]
[185,4,214572,216449]
[186,4,238136,239861]
[187,4,252987,254824]
[188,4,276017,276568]
[189,4,286883,287116]
[190,4,307918,309847]
[191,4,322561,324168]
[192,4,346026,348010]
[193,4,366324,367798]
[194,4,389019,390435]
[195,4,399669,400722]
[196,4,414656,415115]
[197,4,428865,429994]
[198,4,444577,445579]
[199,4,455651,456682]
[200,4,469816,470719]
[201,4,483566,484522]
[202,4,495523,497315]
[203,4,513506,515375]
[204,4,536739,538418]
[205,4,553071,554712]
[206,4,573503,574253]
[207,4,592016,592027]
[208,4,606242,607309]
[209,4,628660,630512]
[210,4,651282,652184]
[211,4,671617,673521]
[212,4,687981,688974]
[213,4,710865,712224]
[214,4,726994,728530]
[215,5,710545,709722]
[216,5,687442,685854]
[217,5,671026,669413]
[218,5,658039,657026]
[219,5,645890,645751]
[220,5,623033,621187]
[221,5,608070,607128]
[222,5,588989,588890]
[223,5,579781,577950]
[224,5,558942,558525]
[225,5,540262,538747]
[226,5,527432,526548]
[227,5,506366,505490]
[228,5,481470,480826]
[229,5,459453,459215]
[230,5,447694,447435]
[231,5,435493,433593]
[232,5,421158,419964]
[233,5,397386,397335]
[234,5,379839,379718]
[235,5,359363,358138]
[236,5,344263,342571]
[237,5,329857,328633]
[238,5,305302,304066]
[239,5,284114,283354]
[240,5,270439,269363]
[241,5,251527,251036]
[242,5,237316,236300]
[243,5,219957,219888]
[244,5,209210,207360]
[245,5,191923,191019]
[246,5,177192,175947]
[247,5,165562,163771]
[248,5,152467,151598]
[249,5,133304,133046]
[250,5,116482,114552]
[251,5,91932,91217]
[252,5,80140,78940]
[253,5,54993,54964]
[254,5,34865,33967]
[255,5,17590,15973]
[256,5,1897,0]
[257,6,16704,16839]
[258,6,37221,38067]
[259,6,50918,51459]
[260,6,73938,74663]
[261,6,91210,92315]
[262,6,105232,106025]
[263,6,127180,127452]
[264,6,150015,151524]
[265,6,170078,171345]
[266,6,192696,194193]
[267,6,204845,206046]
[268,6,223813,224304]
[269,6,240245,241331]
[270,6,261401,261714]
[271,6,274614,276181]
[272,6,287139,289068]
[273,6,305628,307309]
[274,6,321533,323522]
[275,6,332683,334462]
[276,6,354598,355535]
[277,6,369594,370828]
[278,6,380674,382244]
[279,6,402614,404420]
[280,6,416090,417934]
[281,6,437501,439354]
[282,6,451270,452144]
[283,6,462322,463366]
[284,6,486238,488120]
[285,6,511129,512901]
[286,6,528147,529161]
[287,6,542084,542215]
[288,6,560898,561157]
[289,6,583878,585738]
[290,6,594820,595493]
[291,6,608833,609818]
[292,6,628278,629595]
[293,6,638817,640635]
[294,6,649475,651084]
[295,6,673529,674355]
[296,6,694417,695502]
[297,6,709697,711155]
[298,6,726994,727374]
[299,7,716545,714617]
[300,7,699120,698576]
[301,7,678418,677373]
[302,7,654688,652840]
[303,7,638875,638402]
[304,7,621264,620185]
[305,7,608354,606517]
[306,7,587951,587346]
[307,7,577149,577133]
[308,7,561449,560026]
[309,7,540989,540462]
[310,7,518687,516864]
[311,7,504977,503710]
[312,7,481060,480328]
[313,7,462046,461349]
[314,7,438858,438195]
[315,7,424308,423341]
[316,7,410764,409943]
[317,7,401023,399346]
[318,7,375680,374582]
[319,7,356615,355182]
[320,7,334234,332345]
[321,7,312432,310661]
[322,7,290171,289401]
[323,7,266421,264862]
[324,7,253293,251351]
[325,7,233488,233109]
[326,7,220857,220472]
[327,7,203086,201707]
[328,7,192792,190955]
[329,7,176130,175013]
[330,7,162067,160759]
[331,7,143650,142916]
[332,7,118721,118558]
[333,7,104003,102847]
[334,7,94179,92620]
[335,7,83270,82028]
[336,7,67476,66131]
[337,7,52796,52280]
[338,7,39756,38498]
[339,7,16972,16204]
[340,7,1044,0]
[341,8,12723,14156]
[342,8,25966,26353]
[343,8,36519,38295]
[344,8,59782,60264]
[345,8,75171,76221]
[346,8,98564,99307]
[347,8,109750,111406]
[348,8,128660,129740]
[349,8,144664,146506]
[350,8,168207,169648]
[351,8,183841,185162]
[352,8,203716,205681]
[353,8,221973,222184]
[354,8,243214,244094]
[355,8,254439,254698]
[356,8,267818,268760]
[357,8,291719,293337]
[358,8,311781,313420]
[359,8,324349,325480]
[360,8,338482,339217]
[361,8,351090,352037]
[362,8,371441,371658]
[363,8,394252,395502]
[364,8,418979,419434]
[365,8,429660,431437]
[366,8,439973,440465]
[367,8,461798,463598]
[368,8,477339,477632]
[369,8,493628,493731]
[370,8,516651,517219]
[371,8,530324,532013]
[372,8,546853,548741]
[373,8,567966,568921]
[374,8,591785,593603]
[375,8,608438,609161]
[376,8,633380,633737]
[377,8,653761,654674]
[378,8,678054,678433]
[379,8,696598,698387]
[380,8,710435,711190]
[381,8,724579,726399]
[382,8,726994,728105]
[383,9,718874,717801]
[384,9,707189,706806]
[385,9,689542,689199]
[386,9,668799,667467]
[387,9,654130,652453]
[388,9,631626,629665]
[389,9,615570,614599]
[390,9,593934,592774]
[391,9,575380,574683]
[392,9,552528,552258]
[393,9,537265,535887]
[394,9,518308,516361]
[395,9,494137,493412]
[396,9,482779,481272]
[397,9,465261,464469]
[398,9,451802,451277]
[399,9,442056,440256]
[400,9,424558,423311]
[401,9,407143,405698]
[402,9,397152,395310]
[403,9,385639,384504]
[404,9,371429,370677]
[405,9,353157,351497]
[406,9,334101,332243]
[407,9,316697,315235]
[408,9,300715,300142]
[409,9,282558,281969]
[410,9,266225,264974]
[411,9,243564,241883]
[412,9,227679,226918]
[413,9,203894,203180]
[414,9,194104,192998]
[415,9,171503,170007]
[416,9,155128,154070]
[417,9,142813,142375]
[418,9,119743,118218]
[419,9,107501,106130]
[420,9,93745,91983]
[421,9,73085,72399]
[422,9,52379,51959]
[423,9,40340,39956]
[424,9,15137,15073]
[425,9,720,0]
[426,10,17905,19015]
[427,10,29564,31135]
[428,10,39998,41510]
[429,10,53914,55901]
[430,10,69270,70993]
[431,10,92294,93405]
[432,10,113512,114945]
[433,10,133577,135142]
[434,10,146467,147065]
[435,10,167851,168388]
[436,10,182410,183987]
[437,10,198357,198814]
[438,10,222711,224710]
[439,10,242916,243067]
[440,10,256664,258062]
[441,10,280927,282530]
[442,10,303952,305784]
[443,10,324665,325177]
[444,10,336061,336378]
[445,10,348865,349803]
[446,10,369624,369634]
[447,10,384950,386677]
[448,10,408079,409807]
[449,10,428011,429545]
[450,10,439394,440845]
[451,10,463892,465734]
[452,10,487464,487684]
[453,10,509771,511642]
[454,10,519796,520023]
[455,10,538183,538819]
[456,10,561430,562021]
[457,10,576436,578125]
[458,10,593002,593561]
[459,10,611969,612424]
[460,10,623123,623151]
[461,10,634252,634534]
[462,10,652127,653693]
[463,10,662279,664092]
[464,10,678310,678510]
[465,10,692949,693114]
[466,10,717302,717653]
[467,10,726994,728771]
[468,11,708976,708002]
[469,11,689513,688811]
[470,11,671034,670754]
[471,11,660875,660503]
[472,11,646408,646103]
[473,11,628554,628090]
[474,11,610576,609340]
[475,11,594670,594047]
[476,11,579637,577883]
[477,11,558459,557214]
[478,11,539119,538417]
[479,11,529763,528280]
[480,11,513771,512640]
[481,11,495468,495315]
[482,11,483465,481788]
[483,11,470246,468895]
[484,11,454297,454272]
[485,11,439052,438796]
[486,11,427807,427468]
[487,11,408001,407033]
[488,11,392221,390276]
[489,11,366993,366095]
[490,11,345958,344534]
[491,11,329853,329527]
[492,11,306834,305302]
[493,11,295029,293687]
[494,11,281542,281403]
[495,11,260185,258453]
[496,11,238969,237110]
[497,11,217491,216649]
[498,11,206450,204588]
[499,11,192419,191586]
[500,11,168306,166761]
[501,11,145018,144876]
[502,11,126752,125194]
[503,11,105263,103413]
[504,11,86725,86118]
[505,11,68404,67610]
[506,11,48822,47997]
[507,11,26908,26547]
[508,11,2134,1743]
[509,12,21011,22539]
[510,12,40313,40509]
[511,12,62564,64086]
[512,12,83605,83638]
[513,12,107269,107495]
[514,12,129032,130257]
[515,12,143531,143589]
[516,12,155254,155736]
[517,12,167317,168881]
[518,12,183198,184577]
[519,12,203960,204388]
[520,12,225156,225970]
[521,12,240569,241724]
[522,12,257654,258408]
[523,12,267896,268243]
[524,12,287314,287811]
[525,12,303374,304619]
[526,12,322382,322813]
[527,12,341790,342147]
[528,12,353271,353359]
[529,12,364630,364923]
[530,12,382203,383745]
[531,12,404238,405871]
[532,12,416363,417151]
[533,12,439314,440414]
[534,12,459159,460642]
[535,12,475838,477585]
[536,12,489606,489853]
[537,12,503917,504226]
[538,12,524065,524525]
[539,12,534082,534720]
[540,12,551447,551636]
[541,12,572878,573887]
[542,12,591414,591927]
[543,12,609604,609826]
[544,12,629893,631128]
[545,12,643111,644849]
[546,12,666645,667278]
[547,12,684427,686144]
[548,12,705972,707275]
[549,12,726994,727006]
[550,13,718344,717847]
[551,13,697166,697049]
[552,13,676030,674863]
[553,13,659587,658336]
[554,13,648699,647883]
[555,13,631791,630127]
[556,13,609654,608805]
[557,13,599957,598709]
[558,13,576512,576139]
[559,13,565204,564267]
[560,13,547257,545364]
[561,13,529603,527687]
[562,13,513541,512971]
[563,13,494132,493099]
[564,13,471314,469946]
[565,13,456585,456180]
[566,13,434211,433431]
[567,13,420829,418862]
[568,13,402798,402084]
[569,13,387097,385504]
[570,13,369581,368623]
[571,13,356976,356073]
[572,13,339022,338420]
[573,13,315290,313819]
[574,13,302837,301711]
[575,13,293508,291671]
[576,13,274663,273454]
[577,13,256955,255196]
[578,13,232022,230468]
[579,13,218359,217495]
[580,13,199160,199037]
[581,13,175786,175734]
[582,13,163708,162726]
[583,13,144646,143356]
[584,13,128068,126413]
[585,13,106562,106412]
[586,13,91893,90587]
[587,13,71551,71047]
[588,13,50745,49347]
[589,13,40227,38547]
[590,13,19882,18089]
[591,13,1644,0]
[592,14,14532,16480]
[593,14,29745,30108]
[594,14,48791,49468]
[595,14,67318,68986]
[596,14,79213,79982]
[597,14,102697,104507]
[598,14,121637,123625]
[599,14,141399,143234]
[600,14,159394,160797]
[601,14,172043,172989]
[602,14,192046,192785]
[603,14,214842,215199]
[604,14,226812,227581]
[605,14,240558,240775]
[606,14,254815,255009]
[607,14,272449,272779]
[608,14,295848,296176]
[609,14,314204,314304]
[610,14,331032,332227]
[611,14,350772,351223]
[612,14,373633,374137]
[613,14,386456,386985]
[614,14,404181,405922]
[615,14,426792,427304]
[616,14,448520,449199]
[617,14,460976,462375]
[618,14,476355,477723]
[619,14,493694,493772]
[620,14,506886,508317]
[621,14,529172,530334]
[622,14,541389,541463]
[623,14,566367,568098]
[624,14,577893,579418]
[625,14,594300,595051]
[626,14,619253,620653]
[627,14,631909,632555]
[628,14,652357,653270]
[629,14,664501,666241]
[630,14,677774,678256]
[631,14,693269,693937]
[632,14,714629,715667]
[633,14,726994,728567]
[634,15,713872,712847]
[635,15,690837,689030]
[636,15,665771,665629]
[637,15,643144,641925]
[638,15,619498,619361]
[639,15,607914,607444]
[640,15,597200,595528]
[641,15,579559,577875]
[642,15,554867,553594]
[643,15,543198,542670]
[644,15,526653,526440]
[645,15,507144,505778]
[646,15,494965,493925]
[647,15,470066,469173]
[648,15,456099,455334]
[649,15,440567,440158]
[650,15,418403,417080]
[651,15,400198,400001]
[652,15,382140,380569]
[653,15,359764,358367]
[654,15,341340,339412]
[655,15,319741,318293]
[656,15,303001,302501]
[657,15,282247,280567]
[658,15,256167,256072]
[659,15,241786,240020]
[660,15,229863,228443]
[661,15,219033,218104]
[662,15,206739,206305]
[663,15,192719,191909]
[664,15,177493,176639]
[665,15,156551,155091]
[666,15,131818,131201]
[667,15,117308,116312]
[668,15,96394,95363]
[669,15,82227,81120]
[670,15,64031,62213]
[671,15,44253,43550]
[672,15,31100,30309]
[673,15,10331,8888]
[674,15,1232,0]
[675,16,10428,11433]
[676,16,33483,34292]
[677,16,56422,57046]
[678,16,78586,78836]
[679,16,96459,98033]
[680,16,116499,117532]
[681,16,131722,133295]
[682,16,148359,148482]
[683,16,164929,165533]
[684,16,183804,185126]
[685,16,208292,208344]
[686,16,222748,223153]
[687,16,241701,241875]
[688,16,265796,265880]
[689,16,277515,278367]
[690,16,291175,293115]
[691,16,308918,310775]
[692,16,332018,333799]
[693,16,349815,350190]
[694,16,366696,367363]
[695,16,382338,383325]
[696,16,392667,392854]
[697,16,413143,414780]
[698,16,425489,425824]
[699,16,439108,440326]
[700,16,451805,452549]
[701,16,467354,467859]
[702,16,482390,482664]
[703,16,493742,495629]
[704,16,508688,510636]
[705,16,528330,530188]
[706,16,552107,552999]
[707,16,566461,567218]
[708,16,587470,587952]
[709,16,608036,609530]
[710,16,619464,620147]
[711,16,643870,645386]
[712,16,656355,657774]
[713,16,673932,674739]
[714,16,692984,693456]
[715,16,715451,716192]
[716,16,726994,728205]
[717,17,707422,706193]
[718,17,684085,682817]
[719,17,660216,658921]
[720,17,642428,642347]
[721,17,626988,625780]
[722,17,605598,604094]
[723,17,587205,585343]
[724,17,573868,571933]
[725,17,560563,560391]
[726,17,549099,547898]
[727,17,529702,529228]
[728,17,511088,509279]
[729,17,491876,490340]
[730,17,468598,466905]
[731,17,444609,443704]
[732,17,433049,433008]
[733,17,413597,413278]
[734,17,403443,402651]
[735,17,384536,382547]
[736,17,368080,367903]
[737,17,352524,352487]
[738,17,342901,341803]
[739,17,317882,316871]
[740,17,298305,296774]
[741,17,277171,275389]
[742,17,253513,252634]
[743,17,236902,235951]
[744,17,220002,219413]
[745,17,198506,196802]
[746,17,180166,180122]
[747,17,159086,158934]
[748,17,148064,147131]
[749,17,128432,127120]
[750,17,116968,115169]
[751,17,103536,102521]
[752,17,89544,88671]
[753,17,75194,73890]
[754,17,57391,56162]
[755,17,32706,31546]
[756,17,19554,18078]
[757,17,431,0]
[758,18,16214,17849]
[759,18,36449,38086]
[760,18,54662,56629]
[761,18,65711,67391]
[762,18,76058,76600]
[763,18,88334,88344]
[764,18,105842,107841]
[765,18,127222,128556]
[766,18,148101,148451]
[767,18,167010,167538]
[768,18,180017,181388]
[769,18,196694,198143]
[770,18,221092,222631]
[771,18,231964,232867]
[772,18,244019,245602]
[773,18,254118,254537]
[774,18,269637,271491]
[775,18,284601,285125]
[776,18,302367,302842]
[777,18,319992,320242]
[778,18,330407,331083]
[779,18,353934,355342]
[780,18,374905,376468]
[781,18,386726,387201]
[782,18,403557,403980]
[783,18,425125,425561]
[784,18,441675,443454]
[785,18,463986,465639]
[786,18,481112,482708]
[787,18,498647,500254]
[788,18,522263,522699]
[789,18,536917,538148]
[790,18,561208,562452]
[791,18,582839,583242]
[792,18,606715,607626]
[793,18,618552,618690]
[794,18,634755,635519]
[795,18,651765,653027]
[796,18,672467,673940]
[797,18,685671,686786]
[798,18,706502,708292]
[799,18,717245,718089]
[800,18,726994,727910]
[801,19,711852,710170]
[802,19,689694,689595]
[803,19,670845,670346]
[804,19,649370,648917]
[805,19,633250,632945]
[806,19,616114,615091]
[807,19,594093,593165]
[808,19,570752,570196]
[809,19,558835,558784]
[810,19,540981,540645]
[811,19,530292,530173]
[812,19,512753,512227]
[813,19,489285,488173]
[814,19,474447,473540]
[815,19,461502,460844]
[816,19,450982,449865]
[817,19,430041,429538]
[818,19,407814,407197]
[819,19,385388,383835]
[820,19,366880,366793]
[821,19,346691,344829]
[822,19,329677,329369]
[823,19,306368,305018]
[824,19,284193,284183]
[825,19,271937,270512]
[826,19,258474,257861]
[827,19,247575,245750]
[828,19,227527,226987]
[829,19,206626,205871]
[830,19,184868,183846]
[831,19,167259,165451]
[832,19,142216,141779]
[833,19,131564,130091]
[834,19,111139,110480]
[835,19,87782,86892]
[836,19,78648,76869]
[837,19,62293,60611]
[838,19,36730,36560]
[839,19,20335,19648]
[840,19,10577,8844]
[841,19,859,0]
[842,20,11723,12881]
[843,20,32436,33047]
[844,20,46604,48575]
[845,20,59540,59605]
[846,20,71648,73269]
[847,20,91138,92578]
[848,20,101654,102574]
[849,20,121065,121304]
[850,20,141959,143304]
[851,20,161346,162705]
[852,20,176963,177416]
[853,20,189267,189277]
[854,20,211053,211763]
[855,20,233523,233976]
[856,20,257390,258820]
[857,20,275376,277051]
[858,20,288119,288750]
[859,20,301280,301602]
[860,20,325322,325752]
[861,20,336794,338447]
[862,20,357680,357810]
[863,20,370314,371534]
[864,20,392686,393812]
[865,20,417417,418206]
[866,20,433204,433666]
[867,20,445210,446467]
[868,20,466452,467275]
[869,20,481909,482542]
[870,20,492354,494298]
[871,20,503218,503774]
[872,20,525691,527535]
[873,20,541007,542461]
[874,20,552879,554399]
[875,20,573871,574038]
[876,20,586308,588179]
[877,20,605925,607066]
[878,20,623347,624954]
[879,20,640580,641724]
[880,20,660722,662102]
[881,20,681433,682737]
[882,20,695444,695947]
[883,20,717564,719397]
[884,20,726994,728303]
[885,21,714920,713355]
[886,21,701686,701047]
[887,21,691561,690821]
[888,21,669927,668687]
[889,21,651341,650071]
[890,21,635834,634772]
[891,21,622812,622789]
[892,21,604192,602917]
[893,21,587083,585538]
[894,21,574028,572433]
[895,21,549767,549014]
[896,21,536207,535873]
[897,21,516274,516217]
[898,21,495616,495605]
[899,21,481008,479850]
[900,21,465878,464836]
[901,21,451228,450921]
[902,21,436460,436394]
[903,21,424078,423192]
[904,21,400301,400187]
[905,21,389012,387074]
[906,21,377113,376060]
[907,21,359669,357684]
[908,21,347939,346859]
[909,21,330211,329199]
[910,21,314742,313613]
[911,21,300495,299683]
[912,21,288377,287709]
[913,21,266495,264510]
[914,21,241755,241109]
[915,21,223224,221246]
[916,21,210672,209122]
[917,21,195801,194164]
[918,21,171983,170913]
[919,21,153437,152294]
[920,21,138153,136894]
[921,21,121394,120910]
[922,21,104731,103213]
[923,21,93205,92671]
[924,21,82559,82530]
[925,21,67437,66324]
[926,21,45899,44612]
[927,21,20784,20068]
[928,21,10167,8645]
[929,21,1650,0]
[930,22,14861,15087]
[931,22,32285,32850]
[932,22,46023,46333]
[933,22,59345,59637]
[934,22,70360,72163]
[935,22,85401,85825]
[936,22,99096,99327]
[937,22,110482,111691]
[938,22,128706,129467]
[939,22,142308,143971]
[940,22,161527,162100]
[941,22,173028,173271]
[942,22,196830,197305]
[943,22,211915,213157]
[944,22,230602,230830]
[945,22,246167,247640]
[946,22,270192,271764]
[947,22,284405,284535]
[948,22,306003,307113]
[949,22,329683,330325]
[950,22,341193,342466]
[951,22,353818,354187]
[952,22,367726,368852]
[953,22,386627,387770]
[954,22,403232,404135]
[955,22,418866,420374]
[956,22,434747,435003]
[957,22,453760,454303]
[958,22,475130,475354]
[959,22,498917,500696]
[960,22,520186,520731]
[961,22,530351,530801]
[962,22,547086,547782]
[963,22,562116,562971]
[964,22,583378,584472]
[965,22,607491,608342]
[966,22,621493,623124]
[967,22,643538,645215]
[968,22,654832,654892]
[969,22,670739,671132]
[970,22,686516,687856]
[971,22,700784,701770]
[972,22,714254,714890]
[973,22,725128,725296]
[974,22,726994,727222]
[975,23,708816,707952]
[976,23,699584,697943]
[977,23,683350,681550]
[978,23,662776,661430]
[979,23,642617,641865]
[980,23,630307,629513]
[981,23,610700,609728]
[982,23,597839,596718]
[983,23,586443,586171]
[984,23,572199,572084]
[985,23,553244,552867]
[986,23,536791,535011]
[987,23,518777,518053]
[988,23,505572,504652]
[989,23,489298,488942]
[990,23,479463,478608]
[991,23,461143,459326]
[992,23,446629,445823]
[993,23,437726,435823]
[994,23,420766,420093]
[995,23,403671,403418]
[996,23,389028,388274]
[997,23,372734,372430]
[998,23,359345,357415]
[999,23,347629,346462]
[1000,23,331817,330768]
[1001,23,315152,313881]
[1002,23,295293,295140]
[1003,23,281710,280025]
[1004,23,258008,256217]
[1005,23,234277,233896]
[1006,23,223982,223081]
[1007,23,212202,210770]
[1008,23,195025,194492]
[1009,23,183613,183365]
[1010,23,160690,160506]
[1011,23,139308,137981]
[1012,23,125055,123835]
[1013,23,111244,109938]
[1014,23,88169,86218]
[1015,23,65103,63416]
[1016,23,53207,53172]
[1017,23,39099,37367]
[1018,23,22883,22472]
[1019,23,12293,10986]
[1020,23,88,0]
[1021,24,11892,13158]
[1022,24,26238,27362]
[1023,24,36460,37707]
[1024,24,58404,59573]
[1025,24,83251,83400]
[1026,24,97189,98689]
[1027,24,116180,116456]
[1028,24,129558,130012]
[1029,24,143555,144985]
[1030,24,167957,169400]
[1031,24,183126,184629]
[1032,24,195084,196137]
[1033,24,206886,208482]
[1034,24,225028,226569]
[1035,24,239372,240216]
[1036,24,252453,252782]
[1037,24,272924,273366]
[1038,24,287698,287975]
[1039,24,307446,308660]
[1040,24,324358,325400]
[1041,24,343237,344050]
[1042,24,353793,354686]
[1043,24,367086,367700]
[1044,24,383916,384387]
[1045,24,401096,401940]
[1046,24,423259,423561]
[1047,24,441354,441860]
[1048,24,461610,462538]
[1049,24,474320,475385]
[1050,24,488640,490453]
[1051,24,512666,513683]
[1052,24,530935,531619]
[1053,24,553618,554908]
[1054,24,565648,566264]
[1055,24,576902,577107]
[1056,24,587191,588630]
[1057,24,600790,600906]
[1058,24,618660,619141]
[1059,24,641127,641372]
[1060,24,657915,659813]
[1061,24,676618,676894]
[1062,24,693003,694752]
[1063,24,712782,714086]
[1064,24,726994,727218]
[1065,25,715770,714128]
[1066,25,696191,695691]
[1067,25,684636,683731]
[1068,25,660332,660248]
[1069,25,640043,638914]
[1070,25,614352,614233]
[1071,25,601959,600480]
[1072,25,588620,586677]
[1073,25,570883,569519]
[1074,25,557080,556987]
[1075,25,540021,539607]
[1076,25,518371,518162]
[1077,25,508756,508009]
[1078,25,490952,489679]
[1079,25,479023,477886]
[1080,25,459308,457495]
[1081,25,443423,441985]
[1082,25,426024,425518]
[1083,25,410688,409839]
[1084,25,400140,399412]
[1085,25,385799,384325]
[1086,25,365292,364238]
[1087,25,346858,346338]
[1088,25,337010,335068]
[1089,25,314353,312465]
[1090,25,301444,300679]
[1091,25,287544,285703]
[1092,25,271386,271222]
[1093,25,258157,257291]
[1094,25,237535,236038]
[1095,25,214272,213883]
[1096,25,190242,189734]
[1097,25,166985,164988]
[1098,25,144672,143026]
[1099,25,132627,131682]
[1100,25,117702,116223]
[1101,25,99427,97661]
[1102,25,82882,82106]
[1103,25,65798,64376]
[1104,25,43909,42779]
[1105,25,28962,28093]
[1106,25,7521,7333]
[1107,25,1691,0]
[1108,26,12693,14662]
[1109,26,26549,28362]
[1110,26,45108,46289]
[1111,26,65023,65157]
[1112,26,78743,79995]
[1113,26,96968,97007]
[1114,26,115139,116122]
[1115,26,139261,139593]
[1116,26,159273,160787]
[1117,26,182470,182859]
[1118,26,203621,204473]
[1119,26,220781,222589]
[1120,26,242308,242585]
[1121,26,256441,258411]
[1122,26,270771,270781]
[1123,26,289167,289961]
[1124,26,306227,307063]
[1125,26,320939,322437]
[1126,26,339180,340715]
[1127,26,357846,359543]
[1128,26,377494,379342]
[1129,26,402377,403558]
[1130,26,423115,424109]
[1131,26,440448,441775]
[1132,26,459585,460884]
[1133,26,477388,479158]
[1134,26,500936,502037]
[1135,26,521943,522725]
[1136,26,536153,536792]
[1137,26,560650,562291]
[1138,26,575001,575474]
[1139,26,594019,594627]
[1140,26,611286,612741]
[1141,26,636174,636184]
[1142,26,652775,653869]
[1143,26,672167,673226]
[1144,26,686079,686125]
[1145,26,699817,699894]
[1146,26,716793,718184]
[1147,26,726994,728906]
[1148,27,716315,715496]
[1149,27,705014,704418]
[1150,27,683071,682999]
[1151,27,659352,658256]
[1152,27,645951,645385]
[1153,27,623371,623297]
[1154,27,602571,602329]
[1155,27,593918,592164]
[1156,27,570424,568852]
[1157,27,553129,551352]
[1158,27,530481,529030]
[1159,27,518868,517096]
[1160,27,507402,506091]
[1161,27,492150,491705]
[1162,27,473088,471989]
[1163,27,457220,456610]
[1164,27,435636,435421]
[1165,27,418580,418028]
[1166,27,400182,398790]
[1167,27,386091,384884]
[1168,27,368311,368117]
[1169,27,345915,345697]
[1170,27,330597,330430]
[1171,27,316724,316714]
[1172,27,294145,293569]
[1173,27,283752,282490]
[1174,27,273456,272396]
[1175,27,260755,259781]
[1176,27,243477,241786]
[1177,27,228665,228214]
[1178,27,217440,216202]
[1179,27,204252,203742]
[1180,27,188725,187326]
[1181,27,166189,164878]
[1182,27,150159,148200]
[1183,27,131321,131004]
[1184,27,115345,113960]
[1185,27,94785,94584]
[1186,27,71818,71746]
[1187,27,50411,49102]
[1188,27,25302,24971]
[1189,27,15446,13571]
[1190,27,1082,0]
[1191,28,18007,19649]
[1192,28,32235,32908]
[1193,28,52037,52570]
[1194,28,69767,70371]
[1195,28,81595,82835]
[1196,28,95000,96086]
[1197,28,119719,120068]
[1198,28,133678,134477]
[1199,28,145039,146671]
[1200,28,159987,160906]
[1201,28,178752,179719]
[1202,28,200524,202157]
[1203,28,219967,221462]
[1204,28,230322,230903]
[1205,28,246547,247240]
[1206,28,259156,259978]
[1207,28,270828,271452]
[1208,28,292399,293895]
[1209,28,311296,311356]
[1210,28,336280,337415]
[1211,28,349710,350958]
[1212,28,361860,363231]
[1213,28,375647,376741]
[1214,28,399696,401261]
[1215,28,417335,418091]
[1216,28,430668,432315]
[1217,28,449432,451421]
[1218,28,462895,462961]
[1219,28,477538,479516]
[1220,28,498855,499072]
[1221,28,509705,511205]
[1222,28,527280,529252]
[1223,28,548367,549257]
[1224,28,562503,562536]
[1225,28,584173,584750]
[1226,28,597967,598449]
[1227,28,620802,622273]
[1228,28,633639,634917]
[1229,28,645001,646283]
[1230,28,659685,661140]
[1231,28,684275,684472]
[1232,28,707129,707730]
[1233,28,726994,728082]
[1234,29,710843,710799]
[1235,29,689790,688256]
[1236,29,673360,673227]
[1237,29,656523,655657]
[1238,29,634874,634716]
[1239,29,613462,611480]
[1240,29,593026,592099]
[1241,29,580210,578917]
[1242,29,567320,566090]
[1243,29,554075,553425]
[1244,29,532145,531406]
[1245,29,518241,517094]
[1246,29,501612,500205]
[1247,29,489168,488429]
[1248,29,471916,470427]
[1249,29,453925,452100]
[1250,29,441082,440365]
[1251,29,426789,425083]
[1252,29,415704,414027]
[1253,29,396669,395627]
[1254,29,371835,370887]
[1255,29,347703,345993]
[1256,29,331123,329152]
[1257,29,312353,310923]
[1258,29,297077,295543]
[1259,29,276732,275483]
[1260,29,260230,259166]
[1261,29,245658,244669]
[1262,29,224304,222506]
[1263,29,205908,204243]
[1264,29,187078,186648]
[1265,29,176425,174583]
[1266,29,162877,161326]
[1267,29,141416,140853]
[1268,29,116991,115930]
[1269,29,103326,101616]
[1270,29,90917,90020]
[1271,29,71543,69555]
[1272,29,46259,44904]
[1273,29,26312,25833]
[1274,29,11605,10967]
[1275,29,447,0]
[1276,30,10324,11951]
[1277,30,24693,25090]
[1278,30,37404,38590]
[1279,30,61604,62720]
[1280,30,81590,82164]
[1281,30,94235,94490]
[1282,30,117090,118264]
[1283,30,138364,138615]
[1284,30,149312,150609]
[1285,30,169002,169124]
[1286,30,186085,186399]
[1287,30,198653,199921]
[1288,30,211497,213049]
[1289,30,227415,227615]
[1290,30,252192,253061]
[1291,30,273383,274352]
[1292,30,297746,298935]
[1293,30,313011,313678]
[1294,30,328546,329180]
[1295,30,345400,347371]
[1296,30,363751,364613]
[1297,30,378152,378690]
[1298,30,395538,396425]
[1299,30,414829,416752]
[1300,30,425467,425715]
[1301,30,437371,439155]
[1302,30,448854,449117]
[1303,30,462309,464264]
[1304,30,485259,485523]
[1305,30,499728,500629]
[1306,30,512071,512473]
[1307,30,529835,530078]
[1308,30,542317,543968]
[1309,30,560326,561914]
[1310,30,579863,581574]
[1311,30,590384,590961]
[1312,30,603258,605102]
[1313,30,622600,623485]
[1314,30,645218,646047]
[1315,30,657842,659335]
[1316,30,672937,674296]
[1317,30,683512,685007]
[1318,30,706569,707683]
[1319,30,726994,727905]
[1320,31,711703,710008]
[1321,31,693301,691318]
[1322,31,675151,673271]
[1323,31,663183,661947]
[1324,31,638646,637643]
[1325,31,620354,619487]
[1326,31,606514,605306]
[1327,31,590047,588182]
[1328,31,568684,567279]
[1329,31,544685,544590]
[1330,31,532611,530823]
[1331,31,515439,515429]
[1332,31,499944,499713]
[1333,31,480032,479981]
[1334,31,469850,467890]
[1335,31,457636,456789]
[1336,31,440070,438766]
[1337,31,425581,424866]
[1338,31,413446,412004]
[1339,31,403222,401915]
[1340,31,389500,389197]
[1341,31,375356,374203]
[1342,31,362547,360662]
[1343,31,337159,336660]
[1344,31,324720,324330]
[1345,31,307942,306876]
[1346,31,297022,296677]
[1347,31,287908,286159]
[1348,31,272312,271751]
[1349,31,252736,251277]
[1350,31,234972,233959]
[1351,31,218750,218142]
[1352,31,197579,196137]
[1353,31,173966,172721]
[1354,31,150552,150356]
[1355,31,128933,128488]
[1356,31,117148,116684]
[1357,31,104754,103350]
[1358,31,81661,80999]
[1359,31,68329,68108]
[1360,31,47116,45265]
[1361,31,27777,26975]
[1362,31,5815,5589]
[1363,31,435,0]
[1364,32,22959,24164]
[1365,32,41294,41833]
[1366,32,59531,60813]
[1367,32,75458,75968]
[1368,32,86570,87824]
[1369,32,100177,100902]
[1370,32,111046,111215]
[1371,32,127779,129336]
[1372,32,141007,141237]
[1373,32,164820,164874]
[1374,32,189390,189799]
[1375,32,209531,210152]
[1376,32,230183,231303]
[1377,32,254000,254754]
[1378,32,275450,276172]
[1379,32,299425,299458]
[1380,32,321296,321861]
[1381,32,341350,343085]
[1382,32,358923,359916]
[1383,32,377806,377816]
[1384,32,391996,393329]
[1385,32,407063,408253]
[1386,32,422330,423135]
[1387,32,436680,438477]
[1388,32,459957,460903]
[1389,32,478711,480530]
[1390,32,495071,495090]
[1391,32,507393,508543]
[1392,32,520311,520933]
[1393,32,545120,545365]
[1394,32,567244,568829]
[1395,32,588052,589879]
[1396,32,604060,605196]
[1397,32,627651,628870]
[1398,32,638517,639206]
[1399,32,654100,654490]
[1400,32,670343,670639]
[1401,32,684672,685531]
[1402,32,696663,696963]
[1403,32,710118,710645]
[1404,32,723314,724579]
[1405,32,726994,727703]
[1406,33,709854,708354]
[1407,33,690679,689941]
[1408,33,679346,677531]
[1409,33,654410,654188]
[1410,33,643938,643167]
[1411,33,620568,620188]
[1412,33,607539,607229]
[1413,33,588184,588067]
[1414,33,571865,571126]
[1415,33,555051,553408]
[1416,33,531489,530182]
[1417,33,519950,518054]
[1418,33,496773,495333]
[1419,33,484557,484304]
[1420,33,464430,462714]
[1421,33,452188,450377]
[1422,33,436315,434912]
[1423,33,420516,420178]
[1424,33,402954,402897]
[1425,33,390449,389109]
[1426,33,371239,370722]
[1427,33,351611,350066]
[1428,33,336388,335828]
[1429,33,321922,320715]
[1430,33,301912,299976]
[1431,33,284162,283306]
[1432,33,262559,262493]
[1433,33,241028,240792]
[1434,33,222070,220335]
[1435,33,200260,198577]
[1436,33,188693,187396]
[1437,33,170022,168787]
[1438,33,145375,144954]
[1439,33,133483,132371]
[1440,33,122437,120627]
[1441,33,98606,97061]
[1442,33,75031,73187]
[1443,33,49396,49276]
[1444,33,27844,26182]
[1445,33,8795,8212]
[1446,33,115,0]
[1447,34,19944,20913]
[1448,34,32006,32838]
[1449,34,53553,55108]
[1450,34,67116,68690]
[1451,34,85339,85887]
[1452,34,103222,104589]
[1453,34,123159,124489]
[1454,34,135507,136745]
[1455,34,154604,156380]
[1456,34,165009,165679]
[1457,34,179840,181595]
[1458,34,191012,192333]
[1459,34,209562,210792]
[1460,34,232295,233257]
[1461,34,249104,250713]
[1462,34,263179,263618]
[1463,34,275806,277186]
[1464,34,297864,299709]
[1465,34,317123,317297]
[1466,34,339187,340251]
[1467,34,358166,359308]
[1468,34,378116,379878]
[1469,34,399501,401338]
[1470,34,417838,418444]
[1471,34,431499,433071]
[1472,34,452212,453594]
[1473,34,475037,475487]
[1474,34,498799,498843]
[1475,34,515259,516655]
[1476,34,526544,527930]
[1477,34,539339,539498]
[1478,34,558721,559086]
[1479,34,571896,572114]
[1480,34,584897,584963]
[1481,34,600040,600332]
[1482,34,619935,621053]
[1483,34,640791,642224]
[1484,34,652122,653744]
[1485,34,664279,664635]
[1486,34,678186,679747]
[1487,34,692255,692547]
[1488,34,706286,706749]
[1489,34,716943,718178]
[1490,34,726994,728869]
[1491,35,714479,713053]
[1492,35,701164,700320]
[1493,35,681093,680427]
[1494,35,670457,669299]
[1495,35,649771,648729]
[1496,35,637131,635939]
[1497,35,613015,612441]
[1498,35,594891,594707]
[1499,35,574988,574034]
[1500,35,559426,558662]
[1501,35,549281,548490]
[1502,35,525312,524434]
[1503,35,511823,511677]
[1504,35,498233,496640]
[1505,35,480611,479689]
[1506,35,457804,456261]
[1507,35,445189,443858]
[1508,35,425970,424537]
[1509,35,406472,406212]
[1510,35,396948,395399]
[1511,35,381024,379524]
[1512,35,358031,357127]
[1513,35,345328,344309]
[1514,35,323993,322708]
[1515,35,308300,307774]
[1516,35,291366,289991]
[1517,35,275353,274154]
[1518,35,251533,250362]
[1519,35,241739,239900]
[1520,35,227533,227099]
[1521,35,206543,205145]
[1522,35,184698,183081]
[1523,35,163957,162327]
[1524,35,140799,140735]
[1525,35,128990,127863]
[1526,35,115460,114788]
[1527,35,97420,96164]
[1528,35,78758,78704]
[1529,35,56021,54812]
[1530,35,36301,35738]
[1531,35,23018,22200]
[1532,35,11909,11557]
[1533,35,1793,0]
[1534,36,23264,24228]
[1535,36,45300,47245]
[1536,36,58157,59225]
[1537,36,80930,81789]
[1538,36,100771,102048]
[1539,36,115210,115711]
[1540,36,134114,135586]
[1541,36,148493,149671]
[1542,36,172863,172873]
[1543,36,192708,193084]
[1544,36,217316,217514]
[1545,36,238449,240088]
[1546,36,262787,263690]
[1547,36,275525,277450]
[1548,36,293332,294170]
[1549,36,306591,307017]
[1550,36,329860,329976]
[1551,36,344888,346512]
[1552,36,367395,369219]
[1553,36,381597,381682]
[1554,36,402442,404048]
[1555,36,425241,427129]
[1556,36,445479,446692]
[1557,36,455534,455813]
[1558,36,478194,479690]
[1559,36,499832,501099]
[1560,36,515600,517440]
[1561,36,539901,540312]
[1562,36,553794,553879]
[1563,36,575880,576072]
[1564,36,588941,589146]
[1565,36,600001,601402]
[1566,36,613302,613791]
[1567,36,627870,629143]
[1568,36,651942,652555]
[1569,36,670243,670361]
[1570,36,687755,689529]
[1571,36,701989,702074]
[1572,36,721586,722883]
[1573,36,726994,727122]
[1574,37,705033,704220]
[1575,37,682505,680658]
[1576,37,656402,656283]
[1577,37,641056,640988]
[1578,37,630951,629179]
[1579,37,618048,616739]
[1580,37,593979,593485]
[1581,37,580190,579949]
[1582,37,557466,556533]
[1583,37,532706,532388]
[1584,37,522565,522239]
[1585,37,502960,502421]
[1586,37,488089,487531]
[1587,37,474535,472996]
[1588,37,460079,458909]
[1589,37,446141,446086]
[1590,37,428902,427744]
[1591,37,408560,407550]
[1592,37,386397,385931]
[1593,37,375572,373977]
[1594,37,357451,355897]
[1595,37,341696,340673]
[1596,37,322311,320962]
[1597,37,307054,307010]
[1598,37,285416,285120]
[1599,37,265671,263709]
[1600,37,247312,246798]
[1601,37,224697,224274]
[1602,37,202667,202268]
[1603,37,182878,181067]
[1604,37,170727,169824]
[1605,37,155031,153819]
[1606,37,141396,141386]
[1607,37,131156,130134]
[1608,37,109337,107704]
[1609,37,84679,84544]
[1610,37,72028,71697]
[1611,37,55075,54948]
[1612,37,42128,41752]
[1613,37,26264,24648]
[1614,37,11467,10669]
[1615,37,702,0]
[1616,38,20960,21467]
[1617,38,31463,32819]
[1618,38,45344,45938]
[1619,38,64708,66386]
[1620,38,85403,87166]
[1621,38,110294,112046]
[1622,38,131139,132179]
[1623,38,144918,145500]
[1624,38,159050,160750]
[1625,38,169166,170113]
[1626,38,183686,185291]
[1627,38,196167,197216]
[1628,38,209067,210058]
[1629,38,220921,222823]
[1630,38,239740,240751]
[1631,38,262454,263959]
[1632,38,273704,274029]
[1633,38,295450,297212]
[1634,38,312768,314437]
[1635,38,323798,325378]
[1636,38,341501,342475]
[1637,38,363608,365287]
[1638,38,380929,381531]
[1639,38,395185,395792]
[1640,38,407055,407221]
[1641,38,418760,420045]
[1642,38,432771,433858]
[1643,38,443629,444171]
[1644,38,466279,467180]
[1645,38,476569,478454]
[1646,38,489824,491421]
[1647,38,511441,512849]
[1648,38,524773,526366]
[1649,38,540358,540549]
[1650,38,554211,555649]
[1651,38,566736,568093]
[1652,38,579072,579367]
[1653,38,591236,592067]
[1654,38,607670,609609]
[1655,38,625455,627450]
[1656,38,639418,641196]
[1657,38,655169,656713]
[1658,38,666389,667433]
[1659,38,684943,686064]
[1660,38,697713,699159]
[1661,38,718040,718447]
[1662,38,726994,727972]
[1663,39,707692,707569]
[1664,39,687999,687830]
[1665,39,669606,668959]
[1666,39,651229,651174]
[1667,39,631470,629974]
[1668,39,618794,618115]
[1669,39,602261,601604]
[1670,39,578507,578052]
[1671,39,565954,565109]
[1672,39,546383,546089]
[1673,39,537417,535875]
[1674,39,520895,519155]
[1675,39,504964,503417]
[1676,39,483405,481626]
[1677,39,467118,465781]
[1678,39,451213,449905]
[1679,39,431973,430600]
[1680,39,408238,406710]
[1681,39,394995,394249]
[1682,39,380092,379362]
[1683,39,357245,357070]
[1684,39,344270,342341]
[1685,39,321166,320145]
[1686,39,297787,297616]
[1687,39,280209,278502]
[1688,39,264673,264108]
[1689,39,248829,247262]
[1690,39,230866,230038]
[1691,39,218335,217971]
[1692,39,196007,194032]
[1693,39,179397,177590]
[1694,39,168318,167479]
[1695,39,156621,156477]
[1696,39,146016,145210]
[1697,39,132674,131779]
[1698,39,113820,111828]
[1699,39,97566,95729]
[1700,39,84684,82780]
[1701,39,64040,63592]
[1702,39,50138,49455]
[1703,39,24657,24458]
[1704,39,8013,7671]
[1705,39,775,0]
[1706,40,13188,14934]
[1707,40,29129,29251]
[1708,40,51949,52061]
[1709,40,75587,76993]
[1710,40,95158,96653]
[1711,40,110891,112883]
[1712,40,135483,135636]
[1713,40,159036,159613]
[1714,40,171103,171270]
[1715,40,192726,193160]
[1716,40,217171,218769]
[1717,40,229766,230456]
[1718,40,252321,252463]
[1719,40,271147,271662]
[1720,40,293362,293620]
[1721,40,304250,305572]
[1722,40,328232,329111]
[1723,40,342286,342519]
[1724,40,359143,360624]
[1725,40,377008,378727]
[1726,40,396548,397277]
[1727,40,412703,413343]
[1728,40,433197,434163]
[1729,40,457325,458399]
[1730,40,474640,475117]
[1731,40,498103,498973]
[1732,40,513547,515069]
[1733,40,534671,536183]
[1734,40,558682,560103]
[1735,40,576165,578029]
[1736,40,599742,600029]
[1737,40,623591,625111]
[1738,40,647081,647419]
[1739,40,665608,666359]
[1740,40,677623,678549]
[1741,40,688223,688408]
[1742,40,704832,705575]
[1743,40,721141,722572]
[1744,40,726994,727756]
[1745,41,716135,714872]
[1746,41,692158,690292]
[1747,41,678879,678167]
[1748,41,665128,663175]
[1749,41,650556,650196]
[1750,41,631893,630665]
[1751,41,608874,608663]
[1752,41,594135,594101]
[1753,41,583548,583441]
[1754,41,568078,567282]
[1755,41,545124,543608]
[1756,41,528237,528059]
[1757,41,505791,503913]
[1758,41,486479,486323]
[1759,41,471440,469944]
[1760,41,450189,449237]
[1761,41,434749,434116]
[1762,41,415206,414839]
[1763,41,398075,397601]
[1764,41,383349,382851]
[1765,41,363203,363063]
[1766,41,345888,345198]
[1767,41,322656,321871]
[1768,41,311641,309981]
[1769,41,300853,299824]
[1770,41,283883,282346]
[1771,41,266448,265861]
[1772,41,245597,244383]
[1773,41,229699,229419]
[1774,41,214918,214548]
[1775,41,201458,201129]
[1776,41,185375,183480]
[1777,41,172799,172563]
[1778,41,149842,148801]
[1779,41,126480,124631]
[1780,41,115032,114084]
[1781,41,102979,102710]
[1782,41,79420,79008]
[1783,41,69708,68725]
[1784,41,57472,56743]
[1785,41,40702,39493]
[1786,41,20398,19899]
[1787,41,1259,0]
[1788,42,23418,24857]
[1789,42,43043,44050]
[1790,42,56402,57158]
[1791,42,75210,75601]
[1792,42,93541,95533]
[1793,42,115601,117076]
[1794,42,131880,133097]
[1795,42,147710,148200]
[1796,42,160963,162578]
[1797,42,183273,183532]
[1798,42,207847,209123]
[1799,42,231133,232761]
[1800,42,253013,254301]
[1801,42,273732,274897]
[1802,42,292206,292773]
[1803,42,316083,316938]
[1804,42,336246,338043]
[1805,42,359049,359986]
[1806,42,380043,381227]
[1807,42,393568,395261]
[1808,42,414437,415963]
[1809,42,435493,436070]
[1810,42,451872,453414]
[1811,42,472105,472579]
[1812,42,488998,490197]
[1813,42,513553,515507]
[1814,42,532426,533883]
[1815,42,554956,556884]
[1816,42,576796,578311]
[1817,42,587663,587971]
[1818,42,612255,613794]
[1819,42,625579,626533]
[1820,42,649616,650931]
[1821,42,663340,663987]
[1822,42,686560,688257]
[1823,42,709501,710809]
[1824,42,724785,724907]
[1825,42,726994,728260]
[1826,43,717341,717191]
[1827,43,694794,694704]
[1828,43,683307,681781]
[1829,43,671719,669941]
[1830,43,660613,658895]
[1831,43,647744,646578]
[1832,43,624977,624034]
[1833,43,613225,612940]
[1834,43,602966,602593]
[1835,43,591435,590694]
[1836,43,581682,580460]
[1837,43,568991,567434]
[1838,43,553506,553072]
[1839,43,536414,535666]
[1840,43,521429,520942]
[1841,43,505349,505021]
[1842,43,492355,491132]
[1843,43,474634,472948]
[1844,43,449662,449028]
[1845,43,429676,428644]
[1846,43,416339,414373]
[1847,43,395315,395165]
[1848,43,378768,377427]
[1849,43,362971,361114]
[1850,43,349423,347967]
[1851,43,325115,324459]
[1852,43,311351,310846]
[1853,43,287297,286143]
[1854,43,270406,270090]
[1855,43,248341,247714]
[1856,43,232073,231301]
[1857,43,213762,212943]
[1858,43,195488,194771]
[1859,43,182960,182662]
[1860,43,172300,171703]
[1861,43,162123,161336]
[1862,43,142130,140665]
[1863,43,132196,130655]
[1864,43,114139,113067]
[1865,43,90854,90664]
[1866,43,67737,67455]
[1867,43,53565,53270]
[1868,43,36720,34972]
[1869,43,17120,16052]
[1870,43,5178,3783]
[1871,43,587,0]
[1872,44,13953,15349]
[1873,44,25975,26945]
[1874,44,47350,47975]
[1875,44,67210,67240]
[1876,44,87569,87579]
[1877,44,100249,100840]
[1878,44,111623,112155]
[1879,44,131009,132705]
[1880,44,143325,144125]
[1881,44,161570,163559]
[1882,44,176710,177414]
[1883,44,197380,198685]
[1884,44,213145,214640]
[1885,44,225147,226168]
[1886,44,246183,246468]
[1887,44,262260,262527]
[1888,44,287055,287247]
[1889,44,299662,300664]
[1890,44,323425,324343]
[1891,44,342015,342804]
[1892,44,356200,356342]
[1893,44,366957,367692]
[1894,44,384321,384651]
[1895,44,408394,409608]
[1896,44,432461,433386]
[1897,44,447827,448791]
[1898,44,470131,471992]
[1899,44,494893,495918]
[1900,44,504993,505377]
[1901,44,525363,526972]
[1902,44,544274,545886]
[1903,44,556661,556793]
[1904,44,570138,570717]
[1905,44,590365,590954]
[1906,44,613661,614176]
[1907,44,636028,636962]
[1908,44,650900,652080]
[1909,44,667749,668796]
[1910,44,678261,678891]
[1911,44,694355,696336]
[1912,44,709520,710908]
[1913,44,726994,728329]
[1914,45,713644,712006]
[1915,45,695863,694628]
[1916,45,683755,683047]
[1917,45,660176,658253]
[1918,45,641855,640000]
[1919,45,618145,617245]
[1920,45,607655,606377]
[1921,45,589667,588894]
[1922,45,574947,573258]
[1923,45,551142,549722]
[1924,45,537274,535414]
[1925,45,516839,516467]
[1926,45,497077,496443]
[1927,45,480639,479854]
[1928,45,470265,468929]
[1929,45,457898,457050]
[1930,45,442793,442630]
[1931,45,427680,427607]
[1932,45,412234,411777]
[1933,45,387661,387534]
[1934,45,372446,372241]
[1935,45,352986,351598]
[1936,45,332002,331285]
[1937,45,317224,316504]
[1938,45,301166,300843]
[1939,45,280115,278218]
[1940,45,253838,253718]
[1941,45,236652,235699]
[1942,45,216856,216626]
[1943,45,205164,203656]
[1944,45,180911,180623]
[1945,45,168118,166249]
[1946,45,144509,143413]
[1947,45,127580,126584]
[1948,45,107449,107305]
[1949,45,92018,91067]
[1950,45,78673,78425]
[1951,45,58026,56604]
[1952,45,33037,32961]
[1953,45,17000,15062]
[1954,45,4470,3628]
[1955,45,1936,0]
[1956,46,22074,22384]
[1957,46,41830,43659]
[1958,46,61520,62593]
[1959,46,77327,79325]
[1960,46,102061,102738]
[1961,46,125077,126313]
[1962,46,136128,136199]
[1963,46,148453,149939]
[1964,46,163719,165083]
[1965,46,187572,188201]
[1966,46,211589,212463]
[1967,46,234211,234292]
[1968,46,244486,246187]
[1969,46,260301,261498]
[1970,46,279323,279653]
[1971,46,297515,299336]
[1972,46,308891,309394]
[1973,46,330503,331416]
[1974,46,342694,344376]
[1975,46,362521,363312]
[1976,46,381603,382737]
[1977,46,404349,405127]
[1978,46,422263,422403]
[1979,46,443985,445263]
[1980,46,462751,464480]
[1981,46,485516,485904]
[1982,46,498351,499052]
[1983,46,515310,515467]
[1984,46,533749,534427]
[1985,46,552379,554274]
[1986,46,568826,568919]
[1987,46,592725,594065]
[1988,46,608588,610312]
[1989,46,631681,633199]
[1990,46,642263,643954]
[1991,46,664391,665144]
[1992,46,683219,683974]
[1993,46,698852,698966]
[1994,46,723344,723583]
[1995,46,726994,727465]
[1996,47,710339,709596]
[1997,47,696590,695124]
[1998,47,685230,684678]
[1999,47,666972,666527]
[2000,47,655924,655261]
