["head":"wrap","lpos","status"]
[105,488063,1]
["io count"]
[100]
["io":"id","wrap","startLpos","endLpos"]
[1,162,384222,384783]
[2,2,645847,645875]
[3,198,260447,261894]
[4,131,663540,662317]
[5,214,454426,454711]
[6,130,11533,12497]
[7,75,678510,677555]
[8,232,503660,503677]
[9,154,727043,727874]
[10,19,125674,125635]
[11,132,99971,101495]
[12,207,680532,679857]
[13,53,509847,507976]
[14,130,48113,48138]
[15,64,550728,552200]
[16,142,549571,549949]
[17,58,672880,673346]
[18,13,519722,518697]
[19,145,91917,90592]
[20,48,14492,15948]
[21,110,19107,20432]
[22,30,20635,22348]
[23,142,179486,181266]
[24,28,626956,628858]
[25,80,392805,393798]
[26,64,403004,404502]
[27,270,613836,615609]
[28,77,90856,90521]
[29,65,205455,203523]
[30,25,428550,427015]
[31,159,708619,706830]
[32,117,409833,408988]
[33,102,13593,15508]
[34,227,584893,583657]
[35,81,169905,169837]
[36,200,588375,588575]
[37,171,283300,282748]
[38,119,630892,629517]
[39,210,544647,545216]
[40,119,407231,405496]
[41,119,101241,99475]
[42,101,43772,43679]
[43,42,88458,88869]
[44,262,32478,34467]
[45,256,78362,78480]
[46,218,164540,164775]
[47,172,519765,520132]
[48,10,408030,408966]
[49,183,10765,9153]
[50,36,52468,52512]
[51,82,705139,705532]
[52,101,415079,414142]
[53,76,148199,149956]
[54,20,183944,184469]
[55,42,542245,543436]
[56,45,143569,142467]
[57,262,423807,423831]
[58,103,708103,707139]
[59,14,617333,618771]
[60,207,175155,174847]
[61,83,360806,359955]
[62,57,453171,451944]
[63,274,604322,605475]
[64,250,114300,115067]
[65,212,13541,14356]
[66,182,51045,52618]
[67,11,355862,354543]
[68,227,443730,442011]
[69,213,415637,414689]
[70,127,233244,231355]
[71,148,720696,722151]
[72,30,422631,423345]
[73,40,277121,279103]
[74,142,401638,401856]
[75,60,543345,544048]
[76,256,487867,488320]
[77,129,193578,193125]
[78,37,49780,48357]
[79,213,271178,269789]
[80,59,459477,459060]
[81,20,153215,154682]
[82,26,548755,548889]
[83,45,50210,48504]
[84,99,191345,189768]
[85,26,586662,587322]
[86,40,141012,141909]
[87,260,466163,466842]
[88,161,383518,382482]
[89,235,674393,674180]
[90,174,191942,192411]
[91,90,48085,49429]
[92,203,536924,535859]
[93,146,562913,562961]
[94,206,661793,662642]
[95,46,679402,679586]
[96,192,10170,11033]
[97,119,171622,170848]
[98,203,451131,449628]
[99,211,692411,691828]
[100,111,694395,692673]
