["head":"wrap","lpos","status"]
[134,314401,1]
["io count"]
[100]
["io":"id","wrap","startLpos","endLpos"]
[1,40,387745,389085]
[2,146,495340,496205]
[3,235,90236,90101]
[4,18,557284,558524]
[5,203,677943,677194]
[6,254,394519,395831]
[7,46,237667,237951]
[8,65,689751,688651]
[9,203,262014,260283]
[10,266,625401,625527]
[11,259,329108,327414]
[12,136,441436,442946]
[13,46,356794,358193]
[14,259,288366,288129]
[15,226,605559,606793]
[16,269,74548,73953]
[17,9,249720,247854]
[18,37,324716,324251]
[19,194,359991,361614]
[20,265,311455,310228]
[21,269,301795,301324]
[22,49,213686,212582]
[23,247,295867,295359]
[24,226,454748,455447]
[25,99,334580,332657]
[26,162,348248,349416]
[27,120,528679,528689]
[28,152,246597,248322]
[29,35,530049,528791]
[30,137,328213,326942]
[31,266,372179,372970]
[32,166,607153,608103]
[33,241,312623,312135]
[34,88,397867,398793]
[35,152,532893,533083]
[36,51,457790,456201]
[37,13,600775,600185]
[38,15,687114,686639]
[39,111,221616,220926]
[40,257,415968,415647]
[41,23,352125,351172]
[42,169,415560,415176]
[43,116,587562,589393]
[44,175,485312,484607]
[45,195,68872,67898]
[46,210,440186,441604]
[47,221,472470,470818]
[48,195,292277,291437]
[49,73,516553,514670]
[50,187,201991,200716]
[51,67,370053,369634]
[52,88,287135,287489]
[53,36,140056,140435]
[54,272,406023,406950]
[55,117,158837,157431]
[56,119,534290,533636]
[57,2,298509,298956]
[58,70,366898,368310]
[59,83,570547,570168]
[60,224,387768,387825]
[61,51,300148,299113]
[62,159,358023,356853]
[63,18,455075,456083]
[64,19,573574,571698]
[65,216,181715,182163]
[66,275,509302,508104]
[67,12,489968,491433]
[68,244,289306,290344]
[69,20,171838,171863]
[70,45,463459,463304]
[71,146,354201,355912]
[72,63,533181,531850]
[73,237,338391,337499]
[74,256,389852,391395]
[75,151,91609,91573]
[76,31,334430,332564]
[77,123,320724,319763]
[78,204,243035,244723]
[79,188,223831,224889]
[80,238,694464,695660]
[81,169,127845,126530]
[82,65,372891,371414]
[83,221,192767,190864]
[84,133,431306,431260]
[85,190,174122,174527]
[86,152,195608,196917]
[87,276,437732,438433]
[88,210,383855,385059]
[89,251,87517,86444]
[90,219,565729,564649]
[91,174,385483,386745]
[92,265,416851,416391]
[93,90,412331,412934]
[94,27,605778,605508]
[95,212,543676,544364]
[96,170,502788,504191]
[97,85,527590,525770]
[98,72,498626,498780]
[99,188,118213,119007]
[100,96,318173,318371]
