["head":"wrap","lpos","status"]
[10,568562,1]
["io count"]
[300]
["io":"id","wrap","startLpos","endLpos"]
[1,174,609517,610955]
[2,161,332627,331682]
[3,69,606098,604523]
[4,188,303837,305421]
[5,153,216193,215059]
[6,81,213599,213297]
[7,172,396238,396844]
[8,226,53219,55130]
[9,106,439402,440796]
[10,205,357217,356631]
[11,16,295074,295198]
[12,59,290980,290808]
[13,151,355848,354919]
[14,105,42377,41098]
[15,205,599431,597630]
[16,22,560819,562397]
[17,47,527112,526846]
[18,256,660722,661250]
[19,183,224881,224021]
[20,85,372194,370270]
[21,132,308433,309561]
[22,258,328229,328768]
[23,19,705806,704658]
[24,35,308754,306772]
[25,149,115529,115042]
[26,113,448703,446713]
[27,96,237848,238979]
[28,52,597007,598143]
[29,252,496059,497970]
[30,59,632641,630742]
[31,268,472474,473243]
[32,178,71431,73132]
[33,12,503676,504521]
[34,204,345298,345643]
[35,259,480635,479349]
[36,219,287679,287348]
[37,23,139167,138168]
[38,84,460884,462776]
[39,125,119445,118850]
[40,57,427795,427402]
[41,201,406793,405963]
[42,73,575666,574595]
[43,169,609692,609127]
[44,275,452713,450954]
[45,220,531836,532186]
[46,207,396173,395455]
[47,125,154047,152358]
[48,60,511042,511658]
[49,228,534893,536139]
[50,49,398040,397491]
[51,197,566819,566278]
[52,112,511226,511952]
[53,208,539511,540599]
[54,276,387893,389582]
[55,147,686038,685330]
[56,197,262786,260859]
[57,118,596852,596883]
[58,215,482352,480513]
[59,167,622746,621331]
[60,112,421189,423131]
[61,202,403810,403901]
[62,67,312012,311827]
[63,99,294733,293089]
[64,84,385318,386606]
[65,53,550134,549252]
[66,80,287133,288415]
[67,176,231176,233147]
[68,171,279790,277909]
[69,129,8553,7379]
[70,124,314224,314790]
[71,167,589098,588472]
[72,96,164758,165114]
[73,87,491614,489977]
[74,130,548787,550330]
[75,197,95511,95395]
[76,245,631713,629726]
[77,129,315982,315721]
[78,127,207744,205939]
[79,35,432385,431781]
[80,121,403635,401776]
[81,243,509869,509162]
[82,214,66074,67219]
[83,106,325237,325822]
[84,160,369602,371397]
[85,24,491059,492245]
[86,54,280673,281967]
[87,269,482004,481929]
[88,196,481541,483110]
[89,239,376480,374995]
[90,174,432376,433866]
[91,240,337434,338945]
[92,2,412913,414841]
[93,120,407755,407782]
[94,123,508162,506655]
[95,172,249782,250998]
[96,133,361649,360740]
[97,68,540415,541204]
[98,239,683970,682782]
[99,19,224383,223241]
[100,111,113267,112952]
[101,250,369149,370903]
[102,270,255937,257705]
[103,157,308832,308160]
[104,40,617689,619081]
[105,3,421596,419933]
[106,141,485875,485087]
[107,17,545989,544258]
[108,217,682107,680183]
[109,182,164713,165658]
[110,50,190985,191320]
[111,267,271848,270065]
[112,114,268994,270646]
[113,147,101013,99181]
[114,273,119237,118868]
[115,78,632537,634337]
[116,240,110876,111894]
[117,110,486810,486825]
[118,221,10242,10015]
[119,171,198601,197662]
[120,92,168958,170810]
[121,72,531314,531383]
[122,226,436140,436591]
[123,241,33871,32090]
[124,136,426511,426608]
[125,69,135478,135168]
[126,251,511291,509942]
[127,133,347278,345920]
[128,78,654106,655206]
[129,109,537782,537245]
[130,63,357857,357356]
[131,121,324573,322806]
[132,262,576274,576918]
[133,212,245663,246284]
[134,48,197595,198034]
[135,158,290275,290663]
[136,200,558546,558831]
[137,209,571254,569675]
[138,70,175107,175578]
[139,146,498089,498650]
[140,118,98378,99255]
[141,178,128935,129742]
[142,16,623948,624293]
[143,108,529249,530130]
[144,171,176422,175431]
[145,155,450519,449453]
[146,41,560348,559315]
[147,217,372216,371854]
[148,51,137090,136009]
[149,94,558451,559711]
[150,95,596740,595439]
[151,231,399820,398535]
[152,224,578761,580091]
[153,188,318276,320028]
[154,40,364363,365429]
[155,199,113644,112217]
[156,240,371407,371822]
[157,241,473243,472475]
[158,34,517629,518766]
[159,16,32365,34232]
[160,158,166487,168144]
[161,182,332985,334975]
[162,210,293955,295589]
[163,137,53059,52758]
[164,18,213102,213714]
[165,136,398847,398921]
[166,13,204340,203299]
[167,254,614804,616053]
[168,196,582480,582490]
[169,63,363680,362167]
[170,7,120509,118699]
[171,18,601882,602764]
[172,64,835,1507]
[173,41,160078,159923]
[174,131,360462,358698]
[175,206,384997,386660]
[176,216,542025,543246]
[177,188,388570,389367]
[178,99,421427,421402]
[179,143,329918,329264]
[180,12,378514,378572]
[181,18,476510,477837]
[182,105,274588,272648]
[183,228,367769,369509]
[184,159,450022,448591]
[185,92,159311,160669]
[186,274,339931,341450]
[187,231,557561,555715]
[188,198,359300,359778]
[189,133,644777,644121]
[190,147,297043,295330]
[191,206,179550,179686]
[192,39,332592,331945]
[193,93,687149,685801]
[194,125,378453,377664]
[195,243,550140,548529]
[196,114,311235,313009]
[197,209,337567,335736]
[198,117,462160,461300]
[199,108,365226,367005]
[200,30,364350,366046]
[201,0,284873,285543]
[202,223,447763,447101]
[203,213,265473,264753]
[204,81,171652,170474]
[205,170,196911,197689]
[206,111,649117,648734]
[207,75,339963,339212]
[208,19,423514,421939]
[209,163,28082,27321]
[210,31,204684,202926]
[211,116,463902,465887]
[212,89,436455,436015]
[213,144,191085,191135]
[214,233,239225,237500]
[215,268,519609,521480]
[216,132,527051,528459]
[217,83,293659,292063]
[218,137,529230,529160]
[219,222,57955,58194]
[220,125,331904,331651]
[221,26,310297,312080]
[222,76,274360,274735]
[223,111,209331,208079]
[224,61,572577,571094]
[225,138,248340,249504]
[226,160,139601,140464]
[227,39,263828,262219]
[228,244,592904,594251]
[229,17,205074,204999]
[230,79,603673,602284]
[231,136,433031,434426]
[232,155,696747,695650]
[233,69,284093,283690]
[234,187,645288,645173]
[235,263,211944,211669]
[236,210,356677,357858]
[237,118,398939,399790]
[238,59,154552,153173]
[239,186,338149,339257]
[240,10,437121,438733]
[241,142,299184,300321]
[242,120,462967,464061]
[243,181,282715,282663]
[244,11,179490,178303]
[245,221,388147,386976]
[246,93,287901,287626]
[247,213,329830,328883]
[248,143,606804,606036]
[249,199,433787,433442]
[250,237,166835,165649]
[251,243,332727,331354]
[252,244,544560,545041]
[253,76,280734,282295]
[254,266,482576,483553]
[255,23,499806,499490]
[256,17,559197,558119]
[257,81,322996,322804]
[258,22,169878,171804]
[259,270,350522,351299]
[260,216,70956,71223]
[261,112,349223,350890]
[262,266,391244,391417]
[263,263,470423,468707]
[264,272,499378,499448]
[265,121,286627,284635]
[266,141,399561,398310]
[267,243,515623,514132]
[268,139,653407,651684]
[269,205,474413,473702]
[270,74,96548,98003]
[271,228,432064,432924]
[272,195,561816,560011]
[273,148,213228,215087]
[274,266,178691,179090]
[275,244,239174,240503]
[276,145,342093,341958]
[277,251,461477,460131]
[278,174,277541,277990]
[279,246,302706,303538]
[280,111,368727,367842]
[281,239,237126,236952]
[282,51,268880,267567]
[283,158,644425,645223]
[284,88,609711,610862]
[285,166,603112,605094]
[286,202,318571,320447]
[287,45,518419,517076]
[288,132,467379,469287]
[289,166,133169,134175]
[290,115,580412,578450]
[291,16,113559,115134]
[292,180,392802,393981]
[293,210,394506,396184]
[294,182,506318,507963]
[295,239,582333,580514]
[296,205,434613,434591]
[297,246,224565,225813]
[298,23,299723,298060]
[299,201,175883,174138]
[300,262,334074,336033]
