["head":"wrap","lpos","status"]
[88,300702,1]
["io count"]
[200]
["io":"id","wrap","startLpos","endLpos"]
[1,141,1155,2]
[2,96,1,1857]
[3,0,1,1615]
[4,116,1,154]
[5,164,1,737]
[6,252,1,519]
[7,55,217,1]
[8,240,1,1660]
[9,19,352,1]
[10,52,1,1096]
[11,165,941,1]
[12,2,2,810]
[13,238,1,1239]
[14,169,71,1]
[15,90,1,1776]
[16,174,1,52]
[17,9,1242,1]
[18,218,2,12]
[19,219,109,1]
[20,226,2,558]
[21,37,250,2]
[22,75,634,1]
[23,59,1973,1]
[24,140,1,940]
[25,120,1,597]
[26,254,1,1355]
[27,5,1548,1]
[28,108,1,1547]
[29,132,1,1163]
[30,150,1,1239]
[31,144,1,669]
[32,63,1985,1]
[33,266,1,853]
[34,166,1,822]
[35,15,1073,1]
[36,133,1723,1]
[37,163,1391,2]
[38,38,1,732]
[39,70,1,75]
[40,145,837,1]
[41,211,25,1]
[42,125,1235,1]
[43,227,75,1]
[44,161,447,1]
[45,69,1010,1]
[46,86,1,478]
[47,173,1688,1]
[48,56,1,1364]
[49,268,1,938]
[50,233,246,3]
[51,161,1965,1]
[52,73,1572,1]
[53,202,1,904]
[54,181,520,1]
[55,215,1923,1]
[56,167,803,1]
[57,250,1,67]
[58,53,1085,1]
[59,188,1,931]
[60,197,1657,1]
[61,263,861,1]
[62,265,1278,1]
[63,149,583,1]
[64,191,668,1]
[65,19,1423,1]
[66,121,658,2]
[67,20,1,1504]
[68,51,1447,1]
[69,119,244,2]
[70,118,1,1931]
[71,95,1252,1]
[72,231,760,1]
[73,224,1,1932]
[74,83,1699,2]
[75,258,1,175]
[76,196,1,932]
[77,7,742,1]
[78,18,1,187]
[79,216,1,140]
[80,99,664,1]
[81,203,1342,1]
[82,243,206,1]
[83,4,3,103]
[84,153,214,1]
[85,39,557,1]
[86,244,1,1538]
[87,270,1,1074]
[88,37,1836,2]
[89,45,1876,1]
[90,191,1657,1]
[91,139,502,1]
[92,235,1651,2]
[93,234,1,665]
[94,111,1096,1]
[95,168,1,1340]
[96,172,1,1399]
[97,14,1,1271]
[98,89,1831,2]
[99,260,1,1448]
[100,210,1,1797]
[101,82,327127,327887]
[102,97,514507,513440]
[103,36,496916,497454]
[104,144,508217,509516]
[105,170,450956,452162]
[106,57,111617,110064]
[107,277,555261,554621]
[108,39,571142,569378]
[109,201,659096,659086]
[110,181,171327,170416]
[111,223,130775,128798]
[112,171,285671,285109]
[113,203,234490,233690]
[114,150,594478,595529]
[115,181,448005,447257]
[116,90,554037,555064]
[117,133,312824,311765]
[118,7,74092,72491]
[119,119,84536,83859]
[120,268,272211,273934]
[121,235,143271,141314]
[122,261,600092,598320]
[123,86,437131,438465]
[124,189,502760,502164]
[125,170,358016,359480]
[126,57,64475,64278]
[127,46,171370,171716]
[128,83,337239,336505]
[129,150,144772,144798]
[130,95,20365,18572]
[131,135,532258,531727]
[132,243,529599,528460]
[133,224,240853,241713]
[134,153,616324,614903]
[135,50,312332,312770]
[136,196,630351,630769]
[137,219,480323,478997]
[138,123,425002,423572]
[139,231,146511,146329]
[140,109,387368,386036]
[141,259,652729,652036]
[142,14,222339,222499]
[143,137,635160,634914]
[144,244,662470,663963]
[145,239,241666,240455]
[146,222,497957,498951]
[147,141,656399,655527]
[148,229,55804,55182]
[149,136,640486,641081]
[150,237,140669,139120]
[151,210,619477,620174]
[152,119,487230,486326]
[153,35,252695,251021]
[154,132,110352,110384]
[155,22,463182,465034]
[156,248,618033,619171]
[157,14,599124,599353]
[158,234,457983,458181]
[159,102,697139,697363]
[160,258,430051,430306]
[161,227,144562,144219]
[162,246,312979,313734]
[163,42,245486,247232]
[164,240,723122,724677]
[165,223,277718,277190]
[166,171,724209,723673]
[167,237,380179,378205]
[168,226,125591,127446]
[169,31,56330,54364]
[170,115,270106,269950]
[171,247,91158,89971]
[172,267,463571,462560]
[173,132,301745,302061]
[174,75,724157,722372]
[175,234,677932,678436]
[176,265,110671,108792]
[177,53,288998,287867]
[178,29,338218,336489]
[179,26,408928,409429]
[180,122,568881,568959]
[181,30,355161,356439]
[182,159,307372,306173]
[183,91,192330,190996]
[184,29,665277,663973]
[185,178,16235,17466]
[186,189,599780,598593]
[187,165,138186,137392]
[188,112,499913,501725]
[189,270,258945,260682]
[190,56,710196,711215]
[191,141,89919,89500]
[192,77,137170,136737]
[193,231,650173,648399]
[194,68,425300,425466]
[195,13,227427,225439]
[196,39,860,557]
[197,23,166619,165917]
[198,93,107960,105998]
[199,117,148812,148302]
[200,197,654435,653414]
