["head":"wrap","lpos","status"]
[102,542404,1]
["io count"]
[2000]
["io":"id","wrap","startLpos","endLpos"]
[1,184,638154,640126]
[2,165,444062,443641]
[3,81,183604,183458]
[4,172,215877,217709]
[5,146,388497,390056]
[6,20,701350,703114]
[7,248,134496,135638]
[8,240,371713,373359]
[9,231,252548,250619]
[10,43,562076,561125]
[11,275,587044,585285]
[12,194,309502,310037]
[13,156,148804,149312]
[14,51,50130,48907]
[15,262,144813,145946]
[16,202,198578,200012]
[17,58,436514,438045]
[18,31,637196,636473]
[19,100,93479,95158]
[20,75,700205,698514]
[21,254,498028,498231]
[22,139,542881,540888]
[23,271,718169,716515]
[24,274,303335,303498]
[25,89,388205,387521]
[26,9,496619,495142]
[27,0,373883,375576]
[28,108,218051,218999]
[29,88,76824,78307]
[30,95,208672,207714]
[31,65,561272,560489]
[32,129,468935,467127]
[33,205,585897,584166]
[34,100,376978,378259]
[35,252,169199,171191]
[36,168,457781,459423]
[37,30,221618,222663]
[38,47,22660,21526]
[39,15,659811,658523]
[40,51,307774,306447]
[41,124,310647,311084]
[42,50,540368,541767]
[43,221,691635,691421]
[44,35,54161,52863]
[45,117,126873,125898]
[46,188,234996,236343]
[47,222,181100,181832]
[48,258,361213,361719]
[49,177,601097,601026]
[50,220,622541,623304]
[51,86,434357,434906]
[52,27,175711,175085]
[53,246,135952,136709]
[54,254,541927,542482]
[55,165,174069,172927]
[56,242,393286,394727]
[57,183,546254,546221]
[58,247,167579,166392]
[59,67,127951,127210]
[60,260,28967,30835]
[61,160,107576,107721]
[62,33,622570,620694]
[63,173,76307,76279]
[64,95,164912,163036]
[65,248,23879,25037]
[66,259,493432,493060]
[67,259,170780,168910]
[68,61,302061,301506]
[69,191,103055,101549]
[70,202,274989,276499]
[71,85,311294,309412]
[72,111,345085,344789]
[73,73,309159,308249]
[74,125,75006,74909]
[75,151,564801,563207]
[76,23,101907,100022]
[77,15,310751,309307]
[78,137,198932,198254]
[79,148,219433,220176]
[80,64,490191,492058]
[81,99,378905,377463]
[82,184,138572,140216]
[83,10,341996,342842]
[84,179,247722,247523]
[85,272,513574,513774]
[86,92,164822,165162]
[87,107,617984,615992]
[88,275,384203,383618]
[89,7,366476,364949]
[90,187,186021,184935]
[91,175,136159,135706]
[92,12,343953,343978]
[93,175,716707,715745]
[94,183,97721,96887]
[95,71,206895,206642]
[96,183,584135,583663]
[97,99,485825,484619]
[98,264,203213,203337]
[99,77,230404,229376]
[100,252,306140,307205]
[101,163,441062,439428]
[102,195,525656,524394]
[103,279,626328,624967]
[104,271,497070,496526]
[105,22,172758,174469]
[106,75,676152,674845]
[107,4,569487,570268]
[108,224,224079,225587]
[109,261,224303,222318]
[110,150,642367,644243]
[111,191,93285,91910]
[112,52,461789,463568]
[113,265,203972,202451]
[114,276,603024,603597]
[115,67,266065,265735]
[116,261,536341,534620]
[117,277,141536,140271]
[118,21,351646,350971]
[119,146,585816,586474]
[120,277,290195,289402]
[121,227,119547,117786]
[122,149,474215,473104]
[123,122,549170,549988]
[124,31,205334,204259]
[125,258,329040,330985]
[126,145,657493,656422]
[127,56,635673,637221]
[128,74,515536,517040]
[129,71,431958,430763]
[130,262,595867,596795]
[131,67,662237,661668]
[132,64,1827,2657]
[133,269,289767,289577]
[134,79,411194,409264]
[135,63,536752,535026]
[136,246,63767,65669]
[137,112,291419,293008]
[138,56,203842,204702]
[139,113,310146,308736]
[140,31,364949,363023]
[141,187,482235,481147]
[142,209,362890,361753]
[143,34,452318,454024]
[144,50,424595,425204]
[145,268,312252,312315]
[146,82,3627,4015]
[147,102,141801,142483]
[148,35,234757,233429]
[149,176,107146,108209]
[150,33,437762,436422]
[151,6,445780,446253]
[152,120,364565,365741]
[153,25,234701,233897]
[154,169,477864,476221]
[155,151,138967,138715]
[156,201,5388,4287]
[157,271,536484,535769]
[158,268,323312,325112]
[159,5,509328,508723]
[160,162,134895,135157]
[161,271,46377,45649]
[162,154,275639,276813]
[163,127,508821,507377]
[164,91,76224,74954]
[165,189,144218,142762]
[166,254,330929,332452]
[167,99,454338,452814]
[168,277,548233,546836]
[169,82,79996,80731]
[170,66,455347,456281]
[171,114,282383,283707]
[172,55,490315,488492]
[173,237,148818,148394]
[174,112,384850,386232]
[175,160,125505,125938]
[176,272,13618,14105]
[177,50,354984,355106]
[178,202,134264,135379]
[179,201,465516,465349]
[180,122,391160,392346]
[181,43,565739,564931]
[182,63,287106,286465]
[183,91,721667,721305]
[184,270,375588,377200]
[185,266,349059,349695]
[186,5,547305,546339]
[187,193,418199,417486]
[188,161,265586,264235]
[189,102,356657,357775]
[190,151,139551,137880]
[191,269,288886,286920]
[192,180,21841,22039]
[193,98,337181,338026]
[194,171,201852,200090]
[195,228,383973,385442]
[196,22,21339,21993]
[197,175,405940,404655]
[198,180,213593,214586]
[199,69,421038,420987]
[200,41,534205,534185]
[201,238,321004,321284]
[202,186,483438,485165]
[203,20,174164,174360]
[204,94,727973,728677]
[205,238,177057,178518]
[206,98,685859,686488]
[207,60,158352,159895]
[208,104,362721,364305]
[209,65,598729,598633]
[210,143,522451,522389]
[211,154,514364,515134]
[212,234,321078,322334]
[213,78,549789,550844]
[214,120,670641,672125]
[215,272,321743,322611]
[216,141,386576,384884]
[217,208,48139,48942]
[218,15,286805,284871]
[219,31,341657,340614]
[220,226,652550,654471]
[221,221,82200,80595]
[222,124,532995,534356]
[223,267,397765,397645]
[224,260,442161,442963]
[225,121,22835,21711]
[226,26,106978,108919]
[227,252,207022,208478]
[228,87,4312,3551]
[229,57,488746,487812]
[230,82,634413,636273]
[231,189,399871,398737]
[232,212,395963,397529]
[233,109,450448,448861]
[234,58,220288,221618]
[235,120,267345,267615]
[236,101,420177,419128]
[237,261,590225,589914]
[238,91,147127,146962]
[239,67,239396,238763]
[240,179,542344,541585]
[241,86,248529,248757]
[242,74,34708,36463]
[243,190,113983,113999]
[244,202,141326,142609]
[245,0,360934,362525]
[246,114,463002,463886]
[247,76,641675,642650]
[248,135,658338,657944]
[249,11,225088,223918]
[250,133,549581,549210]
[251,205,206204,205888]
[252,163,269465,268690]
[253,14,213396,213480]
[254,25,302366,301578]
[255,198,156526,158104]
[256,234,232539,233747]
[257,14,88878,89607]
[258,117,703421,702035]
[259,39,367723,367401]
[260,132,672935,672950]
[261,93,545193,543947]
[262,229,335120,333664]
[263,225,551697,550115]
[264,162,457825,459011]
[265,207,222576,221438]
[266,249,380491,380287]
[267,234,519272,519859]
[268,147,224021,222572]
[269,145,9499,9129]
[270,200,195562,197134]
[271,121,581031,580823]
[272,147,678910,677960]
[273,127,457542,455863]
[274,240,96815,97391]
[275,235,552850,552265]
[276,117,385381,384111]
[277,116,549566,551027]
[278,0,625923,627484]
[279,5,690770,690753]
[280,48,477154,478137]
[281,14,541342,542027]
[282,264,530053,531812]
[283,149,626422,626054]
[284,37,674337,672864]
[285,18,657608,659297]
[286,114,288499,290428]
[287,269,61453,61251]
[288,77,605830,604755]
[289,195,393129,392878]
[290,177,395739,395170]
[291,249,602222,601548]
[292,19,23375,23316]
[293,156,640028,640179]
[294,189,25460,25248]
[295,271,506884,505335]
[296,192,428273,428629]
[297,15,468630,467831]
[298,279,273700,272702]
[299,248,200810,201888]
[300,102,371356,372079]
[301,118,645760,647318]
[302,54,412093,412473]
[303,61,483834,483432]
[304,150,321763,321898]
[305,158,708684,709649]
[306,160,541295,542967]
[307,152,258722,260670]
[308,187,477298,476420]
[309,106,395564,397253]
[310,273,645755,644472]
[311,69,201675,200513]
[312,227,79154,78780]
[313,92,139436,140478]
[314,60,282154,284037]
[315,271,622804,622605]
[316,70,197444,198527]
[317,273,458424,456612]
[318,134,454566,455319]
[319,7,297975,297464]
[320,118,36694,37109]
[321,207,544303,542980]
[322,49,216767,215582]
[323,95,291300,290474]
[324,236,275005,276831]
[325,144,62936,63311]
[326,169,401049,400867]
[327,217,12142,11242]
[328,267,718355,716630]
[329,253,437862,436250]
[330,45,281640,280017]
[331,272,106978,108261]
[332,238,508020,510012]
[333,186,660329,660354]
[334,194,231899,233669]
[335,279,559726,558768]
[336,51,209633,209584]
[337,16,697812,697882]
[338,178,511984,513820]
[339,265,455724,455633]
[340,247,679854,678500]
[341,71,197481,196130]
[342,266,673311,674128]
[343,5,495067,494319]
[344,227,563553,562319]
[345,50,416719,417736]
[346,28,607912,609744]
[347,51,510441,509043]
[348,169,108647,106877]
[349,240,446481,446824]
[350,48,203623,203788]
[351,232,667671,669116]
[352,93,146390,144510]
[353,170,208285,209276]
[354,241,36012,34740]
[355,64,326282,328263]
[356,228,406478,407844]
[357,199,419929,418123]
[358,104,660015,660896]
[359,257,254354,253263]
[360,206,326245,327664]
[361,90,620548,621052]
[362,13,421231,420505]
[363,146,476757,478520]
[364,237,203803,202922]
[365,250,355364,356213]
[366,159,453744,452671]
[367,184,97243,98173]
[368,183,24909,23990]
[369,48,82676,83586]
[370,252,348066,349439]
[371,244,17515,18140]
[372,205,457116,456503]
[373,202,71137,71328]
[374,77,184323,182949]
[375,114,310911,311110]
[376,56,84437,85645]
[377,219,198789,197231]
[378,255,16963,15366]
[379,222,718093,719423]
[380,50,445834,446087]
[381,52,275818,277580]
[382,175,20115,19339]
[383,3,284323,284190]
[384,26,329912,331017]
[385,173,679096,678696]
[386,119,203494,203028]
[387,51,448643,448172]
[388,178,484904,485110]
[389,81,136911,135564]
[390,241,370612,368698]
[391,169,575332,573355]
[392,129,70608,70405]
[393,160,441796,442788]
[394,226,18997,20738]
[395,268,5137,6221]
[396,72,43396,45237]
[397,112,350938,351752]
[398,247,675199,674833]
[399,75,296762,295649]
[400,188,54698,54774]
[401,105,629661,627921]
[402,37,380303,378565]
[403,21,233191,232502]
[404,197,703976,702045]
[405,140,683988,685452]
[406,234,189552,190792]
[407,182,146813,148304]
[408,12,429311,430685]
[409,44,614191,615028]
[410,258,245467,246288]
[411,177,429131,427504]
[412,162,118275,119226]
[413,58,141857,143454]
[414,7,555121,555009]
[415,262,109421,109477]
[416,128,193844,194193]
[417,254,502638,503216]
[418,0,11000,11879]
[419,164,23469,24025]
[420,207,209881,209604]
[421,115,246189,245396]
[422,134,264053,264586]
[423,204,588437,588917]
[424,30,26229,28015]
[425,204,261268,261894]
[426,128,465301,466865]
[427,246,104249,106228]
[428,188,625287,627080]
[429,16,470613,470896]
[430,43,85140,84048]
[431,173,153570,151701]
[432,160,543464,543487]
[433,50,294081,295264]
[434,32,353176,354087]
[435,242,646950,647256]
[436,78,100195,101194]
[437,268,703022,703173]
[438,226,31076,32873]
[439,10,72491,72865]
[440,112,162739,164080]
[441,0,587996,588614]
[442,50,332328,332681]
[443,129,476860,476216]
[444,35,127647,127079]
[445,5,122357,121539]
[446,12,379695,380396]
[447,252,539670,540587]
[448,218,337141,338537]
[449,274,633944,635876]
[450,207,483261,481436]
[451,116,181585,181611]
[452,207,172320,171242]
[453,105,273389,272678]
[454,141,552075,551569]
[455,12,683751,684615]
[456,86,628325,629662]
[457,273,191135,190712]
[458,59,301744,300549]
[459,4,445812,446942]
[460,168,398639,399345]
[461,70,283779,284067]
[462,207,75287,73935]
[463,68,519222,520303]
[464,119,66073,64250]
[465,128,631366,631629]
[466,235,630836,629449]
[467,253,517631,516457]
[468,178,354601,355367]
[469,39,510858,509674]
[470,153,289491,287943]
[471,222,581370,581477]
[472,28,573294,573448]
[473,12,113379,113633]
[474,46,231687,232439]
[475,147,251484,250762]
[476,128,265478,266550]
[477,25,414886,413081]
[478,55,32381,30389]
[479,229,481934,481114]
[480,63,148725,146988]
[481,166,303599,305416]
[482,24,328698,329544]
[483,259,255035,254220]
[484,196,279409,279937]
[485,115,133147,131442]
[486,232,49666,49697]
[487,143,402081,401863]
[488,270,434384,434512]
[489,37,169703,168355]
[490,109,209601,208767]
[491,264,605613,607480]
[492,279,112895,111843]
[493,42,402506,404421]
[494,81,414213,414171]
[495,26,250351,251666]
[496,181,257252,255598]
[497,153,700403,699187]
[498,248,403384,403818]
[499,195,476675,475837]
[500,218,357747,358864]
[501,130,471404,471945]
[502,98,441224,442216]
[503,84,105830,107553]
[504,151,245625,243980]
[505,204,335654,335721]
[506,138,93181,93976]
[507,2,264678,266480]
[508,165,166373,166314]
[509,228,617825,619792]
[510,210,248932,250472]
[511,53,165556,165328]
[512,99,298728,297562]
[513,140,497950,498657]
[514,154,47838,48595]
[515,170,131750,132621]
[516,121,507237,506146]
[517,245,549366,548391]
[518,103,451338,450339]
[519,244,640931,641601]
[520,71,123729,123054]
[521,279,513067,512882]
[522,43,669567,668678]
[523,150,109888,111616]
[524,158,177702,178154]
[525,60,398530,399461]
[526,55,252256,250861]
[527,159,503578,503472]
[528,81,42465,41966]
[529,266,117196,119025]
[530,259,523430,522134]
[531,56,707576,709544]
[532,128,677637,678360]
[533,167,657513,656873]
[534,177,94815,93124]
[535,100,106381,107101]
[536,233,53387,52680]
[537,132,395509,396347]
[538,123,643851,643328]
[539,33,388791,387673]
[540,166,569866,570672]
[541,153,137796,137381]
[542,31,630550,629203]
[543,98,136631,136955]
[544,251,41396,39922]
[545,161,307720,307264]
[546,221,405863,404668]
[547,111,708231,707666]
[548,277,68671,66888]
[549,16,199684,200230]
[550,36,76622,78209]
[551,2,284628,285086]
[552,269,211418,210687]
[553,266,374193,375021]
[554,192,253877,254415]
[555,163,678208,676673]
[556,189,575978,575867]
[557,131,629606,627672]
[558,189,96398,94405]
[559,206,419223,419834]
[560,71,156690,156575]
[561,117,11528,10949]
[562,185,78277,77087]
[563,85,274424,274143]
[564,77,293395,293124]
[565,145,204003,202092]
[566,194,70029,71018]
[567,122,86553,88014]
[568,61,232566,231780]
[569,137,693582,693123]
[570,276,151198,151465]
[571,252,544763,545964]
[572,244,188218,188376]
[573,245,27738,27147]
[574,139,12728,11701]
[575,12,111321,111935]
[576,37,336995,336857]
[577,148,551048,552993]
[578,253,531699,531302]
[579,83,257926,256890]
[580,95,350822,349290]
[581,109,594663,593455]
[582,168,611191,611310]
[583,67,233578,233217]
[584,190,3109,4855]
[585,22,34212,35866]
[586,42,537857,538329]
[587,258,198747,198779]
[588,96,351000,352647]
[589,217,141424,139989]
[590,64,617541,618041]
[591,267,368247,366959]
[592,25,384664,384297]
[593,21,211698,210008]
[594,222,373244,374814]
[595,133,2421,1431]
[596,6,202146,204099]
[597,84,254246,255157]
[598,73,207449,206998]
[599,229,63397,62658]
[600,196,380375,381745]
[601,116,574797,575516]
[602,239,687441,687149]
[603,124,362521,364402]
[604,15,434505,432843]
[605,240,212035,213355]
[606,5,109231,108736]
[607,111,96286,96133]
[608,200,533887,535504]
[609,115,536669,535424]
[610,251,131934,130745]
[611,209,302984,301483]
[612,158,433128,433581]
[613,222,91329,92638]
[614,49,574392,572530]
[615,26,451971,452522]
[616,254,448493,449808]
[617,182,511177,511864]
[618,266,719651,720587]
[619,110,409982,410945]
[620,33,630629,630155]
[621,193,306672,305236]
[622,16,477104,477355]
[623,102,674510,675351]
[624,123,485640,484162]
[625,147,221117,220944]
[626,203,453768,451937]
[627,143,257893,256109]
[628,213,236087,235003]
[629,201,445119,444836]
[630,167,117397,116874]
[631,264,354830,355637]
[632,24,689362,690716]
[633,69,281039,279871]
[634,85,138440,137752]
[635,263,343149,341781]
[636,173,613857,613017]
[637,166,614300,615483]
[638,51,604985,603464]
[639,8,8365,8822]
[640,64,194671,195451]
[641,191,729967,728904]
[642,137,89206,87248]
[643,152,357272,358857]
[644,190,575925,576649]
[645,278,89093,89266]
[646,95,483029,482892]
[647,66,355808,355847]
[648,134,141636,142848]
[649,271,641941,640516]
[650,257,133657,132303]
[651,45,467552,465866]
[652,237,540920,540059]
[653,121,412143,410185]
[654,124,458422,458950]
[655,170,86725,87416]
[656,68,224557,224688]
[657,151,428251,427892]
[658,245,288766,288291]
[659,142,484013,485229]
[660,158,621070,621712]
[661,219,140021,138670]
[662,180,658481,658504]
[663,189,279681,279333]
[664,19,688051,687532]
[665,249,451131,450068]
[666,101,577692,575975]
[667,210,375268,376979]
[668,119,387447,387201]
[669,33,240052,238814]
[670,223,94826,94306]
[671,24,279804,281183]
[672,270,156716,157369]
[673,231,24788,23958]
[674,272,200391,201355]
[675,211,133016,131639]
[676,145,639260,638257]
[677,190,59221,60674]
[678,235,135475,134058]
[679,139,513801,513234]
[680,111,670989,670111]
[681,171,184082,183311]
[682,40,15528,15782]
[683,131,701941,700202]
[684,18,497335,498416]
[685,100,226471,227605]
[686,67,345140,344357]
[687,50,436854,438067]
[688,247,274041,272548]
[689,87,638755,637497]
[690,63,530157,529376]
[691,262,695709,696197]
[692,31,256886,255925]
[693,239,684351,683195]
[694,260,349261,350097]
[695,155,470081,468249]
[696,56,537012,537231]
[697,44,590003,590556]
[698,107,290414,288871]
[699,273,327367,326550]
[700,140,595790,595934]
[701,165,523510,523095]
[702,142,685874,686070]
[703,76,714121,714918]
[704,183,131672,130426]
[705,144,166152,167313]
[706,173,522125,521950]
[707,65,545439,544838]
[708,165,440328,439714]
[709,96,639547,641491]
[710,36,183699,184868]
[711,84,247484,249329]
[712,209,361662,360595]
[713,32,229653,231076]
[714,39,399558,397622]
[715,93,497672,497523]
[716,59,161555,160646]
[717,223,354527,353808]
[718,107,725592,723878]
[719,215,236713,236311]
[720,173,26108,25778]
[721,137,596340,595845]
[722,22,366908,368150]
[723,274,38479,39770]
[724,68,649027,650678]
[725,274,294888,295319]
[726,6,677435,678911]
[727,55,293334,293112]
[728,270,56010,57346]
[729,195,179842,178823]
[730,67,256377,255338]
[731,79,548757,547277]
[732,208,134680,136467]
[733,72,314177,315765]
[734,176,636591,637221]
[735,65,390142,389109]
[736,274,75199,75948]
[737,32,17876,19033]
[738,139,516165,514531]
[739,255,715494,713779]
[740,72,572381,573482]
[741,195,558284,557481]
[742,191,493957,492397]
[743,262,579917,580085]
[744,110,29172,29750]
[745,76,192951,194448]
[746,70,506941,507610]
[747,93,633517,632030]
[748,224,491785,492353]
[749,175,128887,128504]
[750,111,682806,682564]
[751,56,658558,659456]
[752,182,63188,64066]
[753,16,140696,142532]
[754,153,201156,200614]
[755,92,538298,539179]
[756,168,626478,626745]
[757,175,421612,421594]
[758,250,145540,146643]
[759,251,304202,302598]
[760,177,101887,100498]
[761,180,668777,669272]
[762,245,558423,557339]
[763,226,371943,373119]
[764,158,330653,330736]
[765,216,71326,71392]
[766,128,232312,232521]
[767,81,89124,87940]
[768,200,570320,571543]
[769,109,397413,397217]
[770,37,166583,165684]
[771,212,163442,163766]
[772,194,189828,191179]
[773,124,225166,225978]
[774,15,283480,282635]
[775,258,216911,218841]
[776,188,495392,496053]
[777,59,27082,25568]
[778,138,239190,240959]
[779,0,543314,544895]
[780,244,687302,687552]
[781,195,585551,585188]
[782,20,175561,176393]
[783,193,170922,169794]
[784,275,138954,138754]
[785,39,644710,643336]
[786,26,173395,173757]
[787,261,553176,552709]
[788,192,190303,192047]
[789,236,24116,25933]
[790,240,534679,534750]
[791,254,529397,530530]
[792,274,64850,65162]
[793,212,238163,239671]
[794,160,691353,692015]
[795,157,119184,118789]
[796,103,64757,63183]
[797,100,433463,434334]
[798,258,678686,680265]
[799,144,97523,98673]
[800,145,375402,373983]
[801,137,499463,498632]
[802,132,125263,126737]
[803,262,8208,8979]
[804,90,647116,649111]
[805,267,26354,25683]
[806,28,187685,188386]
[807,254,475074,476082]
[808,31,208872,208334]
[809,4,7076,7898]
[810,155,420090,419501]
[811,222,224379,225167]
[812,82,110452,111638]
[813,39,709481,708060]
[814,96,120263,120531]
[815,274,530151,531537]
[816,176,649333,650128]
[817,71,626629,625999]
[818,232,134322,136175]
[819,258,172632,173523]
[820,101,13834,13386]
[821,98,678989,679266]
[822,185,646731,646706]
[823,221,435203,434091]
[824,83,79865,79728]
[825,66,126511,127198]
[826,215,422109,420601]
[827,37,183519,183456]
[828,61,220733,218823]
[829,130,124648,126087]
[830,137,139424,138211]
[831,125,371965,371695]
[832,48,372939,373979]
[833,134,726909,727010]
[834,42,94474,95091]
[835,42,551244,552955]
[836,112,578644,579798]
[837,55,428001,426376]
[838,155,337582,337333]
[839,60,651303,651631]
[840,111,603954,603739]
[841,105,37698,36661]
[842,48,702010,703524]
[843,123,7338,5350]
[844,166,417810,419116]
[845,99,418199,417299]
[846,191,609394,608258]
[847,251,280744,280456]
[848,157,67474,66368]
[849,167,424074,424047]
[850,196,18112,19200]
[851,259,265482,263747]
[852,8,718291,718695]
[853,150,633335,633536]
[854,1,113041,111169]
[855,57,583431,582340]
[856,207,591273,591212]
[857,263,676945,676658]
[858,18,163575,164929]
[859,108,363744,365244]
[860,216,603202,604703]
[861,278,486482,487518]
[862,123,434747,432976]
[863,207,475828,475287]
[864,104,173876,175365]
[865,92,18618,19006]
[866,46,536727,536979]
[867,89,239224,238229]
[868,90,274653,275019]
[869,103,447096,446594]
[870,258,479070,480393]
[871,253,148493,147912]
[872,127,604063,602172]
[873,74,277168,278006]
[874,203,461107,460538]
[875,52,704509,705706]
[876,146,411726,411816]
[877,84,261644,261701]
[878,1,453064,451226]
[879,194,365804,367352]
[880,65,329865,329780]
[881,49,534747,533821]
[882,83,675598,673963]
[883,236,349386,349875]
[884,127,65446,64319]
[885,114,415274,416781]
[886,35,180500,178567]
[887,68,28852,30040]
[888,100,574550,576345]
[889,246,198846,200133]
[890,278,566480,567169]
[891,16,355901,357549]
[892,36,231773,232448]
[893,265,229734,228922]
[894,123,30824,30635]
[895,229,389738,389574]
[896,266,600364,601916]
[897,206,61159,61952]
[898,168,79138,80297]
[899,229,387742,385824]
[900,9,482887,481240]
[901,236,506466,506948]
[902,175,229188,228337]
[903,79,29078,27539]
[904,66,302214,303886]
[905,231,166558,164785]
[906,11,1900,812]
[907,275,501646,499883]
[908,105,695878,694048]
[909,253,286425,285147]
[910,168,218916,220579]
[911,255,405597,403682]
[912,46,621086,621291]
[913,186,579527,580826]
[914,161,499941,499184]
[915,48,315003,316687]
[916,13,504480,503322]
[917,134,157481,158171]
[918,233,207866,206993]
[919,30,567027,568332]
[920,52,677950,678279]
[921,275,140459,138545]
[922,163,216781,215828]
[923,13,5531,4527]
[924,266,314606,315684]
[925,14,153304,154798]
[926,207,468763,467595]
[927,279,518268,517286]
[928,95,86876,86588]
[929,269,60561,59882]
[930,90,660713,661614]
[931,236,283753,284040]
[932,87,390009,388848]
[933,142,702198,703950]
[934,100,553346,555172]
[935,265,238151,237317]
[936,32,62583,64460]
[937,41,392025,390758]
[938,188,245033,245982]
[939,76,15808,17516]
[940,203,562711,562166]
[941,31,281208,280596]
[942,250,416490,418465]
[943,201,552034,550932]
[944,16,685873,687784]
[945,26,446379,447111]
[946,28,229922,230709]
[947,150,80245,81315]
[948,221,55308,53886]
[949,53,233064,233052]
[950,92,481748,482123]
[951,225,508513,506762]
[952,207,151703,151425]
[953,112,60357,61686]
[954,214,222715,223822]
[955,234,399179,400535]
[956,93,551325,550150]
[957,27,386392,386117]
[958,51,209547,209209]
[959,74,455023,456486]
[960,89,194018,193064]
[961,41,477400,475809]
[962,12,613739,615490]
[963,229,466257,465789]
[964,212,412342,414038]
[965,182,223905,225834]
[966,22,639166,640820]
[967,73,722419,720846]
[968,213,568326,566778]
[969,230,418183,418786]
[970,68,102991,104624]
[971,11,230027,229581]
[972,242,267438,268653]
[973,66,212790,214399]
[974,106,325097,326645]
[975,165,446627,445148]
[976,15,155554,155213]
[977,167,182408,182073]
[978,214,81757,82306]
[979,14,224230,224346]
[980,167,362984,362637]
[981,209,358343,357067]
[982,5,725989,725770]
[983,118,715223,715848]
[984,71,319209,318252]
[985,96,708598,709925]
[986,119,156627,156294]
[987,164,394474,394607]
[988,253,332506,330552]
[989,196,705382,706406]
[990,228,609568,611516]
[991,245,157373,156112]
[992,196,320421,321036]
[993,184,122818,124517]
[994,99,387430,385701]
[995,84,578446,579109]
[996,47,28136,26155]
[997,239,140882,139499]
[998,217,712797,712560]
[999,135,407738,405752]
[1000,254,470996,472866]
[1001,201,198681,198354]
[1002,51,695622,694069]
[1003,104,488262,489741]
[1004,217,487975,486099]
[1005,33,9126,8094]
[1006,49,621983,621810]
[1007,83,567958,567395]
[1008,199,501239,499306]
[1009,200,540026,540315]
[1010,248,114140,115403]
[1011,27,525193,523983]
[1012,150,70580,71440]
[1013,31,515602,515362]
[1014,203,2085,1918]
[1015,195,566037,565850]
[1016,70,358342,358916]
[1017,146,148997,149649]
[1018,231,531759,531617]
[1019,207,232060,230110]
[1020,112,644298,644899]
[1021,250,131389,132792]
[1022,74,684198,684763]
[1023,120,707672,708324]
[1024,91,223100,221968]
[1025,186,628748,629977]
[1026,279,614577,613944]
[1027,252,309540,310407]
[1028,64,265124,266942]
[1029,260,205895,206762]
[1030,268,724064,725269]
[1031,161,186481,186441]
[1032,215,672361,671167]
[1033,267,313012,312254]
[1034,59,683441,681921]
[1035,85,612935,611513]
[1036,221,113703,113560]
[1037,201,418694,418649]
[1038,13,492966,490980]
[1039,121,295917,295841]
[1040,243,4241,3555]
[1041,232,237164,238413]
[1042,260,611586,613224]
[1043,233,47344,45798]
[1044,248,76850,78691]
[1045,238,511599,513405]
[1046,52,374818,376552]
[1047,148,363161,363576]
[1048,116,272359,273169]
[1049,177,441834,439958]
[1050,125,621433,620716]
[1051,98,201875,203286]
[1052,131,617457,615826]
[1053,230,303713,305348]
[1054,157,365278,365214]
[1055,254,531891,533006]
[1056,46,188606,189470]
[1057,214,671868,672917]
[1058,73,513787,511805]
[1059,108,451197,452231]
[1060,49,200938,199022]
[1061,243,508809,507270]
[1062,236,187508,188582]
[1063,40,595189,596652]
[1064,120,8363,8660]
[1065,237,122351,121405]
[1066,42,406654,407539]
[1067,135,519689,519249]
[1068,129,360006,359015]
[1069,126,639918,641141]
[1070,253,711921,711404]
[1071,236,338455,340132]
[1072,47,560330,559858]
[1073,145,361193,360686]
[1074,190,484853,486077]
[1075,258,163932,164598]
[1076,250,79855,80520]
[1077,113,715002,713692]
[1078,82,594127,595208]
[1079,156,208043,209519]
[1080,93,428251,427065]
[1081,211,278869,277070]
[1082,182,128549,129436]
[1083,53,306497,305328]
[1084,85,218434,216648]
[1085,147,13421,12118]
[1086,226,282389,283025]
[1087,18,671340,671990]
[1088,15,604458,603753]
[1089,14,418497,419467]
[1090,96,232291,232327]
[1091,63,169211,168590]
[1092,63,697442,696933]
[1093,122,411597,412707]
[1094,196,158633,159069]
[1095,124,181871,182677]
[1096,21,699949,699540]
[1097,28,174094,175416]
[1098,107,79393,77794]
[1099,135,135507,134107]
[1100,165,559119,558574]
[1101,202,516685,517153]
[1102,33,320687,319257]
[1103,39,580049,578679]
[1104,117,378239,377264]
[1105,210,301510,302516]
[1106,137,85650,85614]
[1107,238,644366,646007]
[1108,6,200906,201222]
[1109,25,450719,449250]
[1110,39,718870,717753]
[1111,270,138084,139938]
[1112,157,705237,703617]
[1113,98,475826,476182]
[1114,218,93844,94867]
[1115,137,564137,562731]
[1116,203,695499,693839]
[1117,207,502361,501953]
[1118,143,19572,19207]
[1119,123,721660,721031]
[1120,92,232153,232949]
[1121,24,17425,18763]
[1122,268,589439,590577]
[1123,61,709755,709496]
[1124,75,537825,537698]
[1125,279,2290,1994]
[1126,188,46189,46857]
[1127,246,425929,427378]
[1128,30,244734,246629]
[1129,5,643272,642852]
[1130,73,637246,636900]
[1131,217,720259,719896]
[1132,79,523687,521837]
[1133,145,639311,639243]
[1134,254,233023,234362]
[1135,215,81903,81047]
[1136,249,631302,630846]
[1137,47,222562,221230]
[1138,170,305691,306863]
[1139,94,470952,471230]
[1140,90,441114,441563]
[1141,0,306850,307876]
[1142,18,281501,281751]
[1143,103,90238,89433]
[1144,197,389583,389182]
[1145,49,169759,169749]
[1146,248,550251,551068]
[1147,238,491977,492389]
[1148,140,52434,53203]
[1149,223,722703,721169]
[1150,105,569990,568949]
[1151,194,166083,167649]
[1152,257,23636,22411]
[1153,64,348730,349261]
[1154,85,258972,257147]
[1155,148,398404,399756]
[1156,215,481719,480891]
[1157,95,582014,581169]
[1158,72,9873,11026]
[1159,128,520717,521792]
[1160,278,215282,216547]
[1161,161,720933,719082]
[1162,166,616905,618696]
[1163,117,409997,408529]
[1164,82,435768,436040]
[1165,46,140022,141504]
[1166,121,165612,164936]
[1167,49,113002,112274]
[1168,246,275424,276238]
[1169,265,81815,81614]
[1170,105,374073,372715]
[1171,48,465447,466710]
[1172,154,89092,90319]
[1173,207,252878,250917]
[1174,78,51283,51703]
[1175,162,383277,385258]
[1176,7,476027,474057]
[1177,101,450266,448676]
[1178,129,593699,593306]
[1179,170,171726,172465]
[1180,15,451775,450651]
[1181,84,220760,222547]
[1182,231,65016,64711]
[1183,232,222534,223235]
[1184,44,52018,52688]
[1185,264,698795,699277]
[1186,202,530099,530152]
[1187,155,75814,73964]
[1188,229,574513,573186]
[1189,11,257925,256719]
[1190,93,665357,664431]
[1191,211,362160,361215]
[1192,258,636188,637598]
[1193,145,161482,160765]
[1194,1,268094,267681]
[1195,202,267422,269104]
[1196,258,70809,71008]
[1197,235,242396,241307]
[1198,77,481687,480925]
[1199,2,340107,341472]
[1200,119,642245,640955]
[1201,189,196709,196588]
[1202,129,259641,258661]
[1203,274,402214,402296]
[1204,243,138963,137211]
[1205,91,127145,126294]
[1206,143,685281,684877]
[1207,102,274574,275916]
[1208,110,427991,429587]
[1209,217,41348,40205]
[1210,152,102684,103503]
[1211,88,70244,71627]
[1212,253,593829,592028]
[1213,113,76713,75193]
[1214,226,376391,376797]
[1215,162,113415,113698]
[1216,278,203256,205182]
[1217,141,462391,460428]
[1218,146,437188,438370]
[1219,168,6939,7847]
[1220,190,303000,303894]
[1221,118,16359,16610]
[1222,79,230566,228893]
[1223,38,351102,351678]
[1224,265,420308,419506]
[1225,90,173974,174736]
[1226,6,406988,408679]
[1227,36,287894,288061]
[1228,39,369700,369295]
[1229,70,142858,144670]
[1230,127,115770,114271]
[1231,267,551314,550039]
[1232,139,240794,240548]
[1233,19,470867,469615]
[1234,67,412692,412214]
[1235,128,655753,656403]
[1236,222,642013,642607]
[1237,79,323099,323025]
[1238,112,149250,149395]
[1239,42,460865,462630]
[1240,75,466060,464250]
[1241,201,506714,504768]
[1242,36,661543,663181]
[1243,137,571065,570497]
[1244,237,456415,455833]
[1245,209,439664,438100]
[1246,229,155924,155100]
[1247,121,475739,474842]
[1248,275,594814,593766]
[1249,105,672727,672368]
[1250,241,670038,668233]
[1251,116,409038,409333]
[1252,254,189417,190027]
[1253,246,243336,244814]
[1254,74,727363,728586]
[1255,221,384923,383158]
[1256,273,595383,594791]
[1257,248,435221,436135]
[1258,85,369833,369549]
[1259,235,255080,254083]
[1260,79,393110,392032]
[1261,135,6693,4909]
[1262,20,639099,639723]
[1263,36,409320,410996]
[1264,239,19089,17701]
[1265,207,597547,596445]
[1266,119,98998,98672]
[1267,228,22335,22669]
[1268,125,338569,337040]
[1269,144,700313,701137]
[1270,8,68244,68344]
[1271,206,47820,49511]
[1272,231,600514,598776]
[1273,72,597753,598012]
[1274,247,342741,341037]
[1275,138,311639,313293]
[1276,187,293459,292376]
[1277,203,425032,424431]
[1278,45,532469,531415]
[1279,6,571744,573186]
[1280,180,477345,478103]
[1281,70,410035,411384]
[1282,195,301037,300632]
[1283,257,233804,233216]
[1284,218,208673,209246]
[1285,111,216433,215911]
[1286,64,497723,499256]
[1287,134,555815,557654]
[1288,56,435661,436467]
[1289,4,162466,162996]
[1290,76,141712,142630]
[1291,276,558181,559123]
[1292,62,713462,714617]
[1293,221,12192,11598]
[1294,251,181775,181445]
[1295,33,578201,577592]
[1296,143,525540,524267]
[1297,89,179983,179318]
[1298,17,404651,404513]
[1299,188,426889,426986]
[1300,233,527002,525885]
[1301,175,338196,338015]
[1302,14,295132,296351]
[1303,8,224537,225392]
[1304,105,174166,173726]
[1305,69,68710,67434]
[1306,157,471706,470845]
[1307,227,489989,488113]
[1308,94,501069,501298]
[1309,118,2293,4208]
[1310,127,321154,319484]
[1311,87,90328,89340]
[1312,55,385160,383895]
[1313,162,714225,714652]
[1314,265,365898,363970]
[1315,15,273307,273117]
[1316,3,594234,593285]
[1317,205,707275,705814]
[1318,80,209311,209340]
[1319,108,585383,585491]
[1320,257,726526,726182]
[1321,137,82466,81519]
[1322,110,387130,388532]
[1323,110,593056,594907]
[1324,46,274316,275858]
[1325,109,326700,324967]
[1326,32,547404,547864]
[1327,142,71694,72861]
[1328,151,263571,262821]
[1329,151,411890,410939]
[1330,236,173927,175191]
[1331,173,614189,612322]
[1332,242,558301,559785]
[1333,48,703875,704358]
[1334,89,382329,381255]
[1335,55,77932,77655]
[1336,160,682789,682900]
[1337,235,610088,608153]
[1338,35,397031,396878]
[1339,182,609660,610001]
[1340,165,644598,642748]
[1341,278,565759,565934]
[1342,0,416441,418122]
[1343,122,615556,616511]
[1344,271,455201,453592]
[1345,69,152179,150522]
[1346,279,504347,504091]
[1347,41,389258,387835]
[1348,224,191905,191944]
[1349,41,937,573]
[1350,228,171676,173443]
[1351,131,492012,491026]
[1352,240,640291,640410]
[1353,184,605578,607548]
[1354,136,78809,79689]
[1355,188,51849,53701]
[1356,43,555626,555196]
[1357,213,207689,207642]
[1358,18,198143,199097]
[1359,47,3191,1458]
[1360,224,71834,73497]
[1361,35,99670,98849]
[1362,174,116172,117390]
[1363,227,325130,324631]
[1364,277,593747,593500]
[1365,93,593656,592161]
[1366,140,663377,663987]
[1367,147,323910,323376]
[1368,163,516656,516646]
[1369,52,355993,356944]
[1370,234,36334,36718]
[1371,254,58634,58809]
[1372,91,179922,179290]
[1373,126,715597,715801]
[1374,47,505886,504404]
[1375,133,195970,195376]
[1376,202,514862,515075]
[1377,15,483857,482118]
[1378,161,31575,31558]
[1379,10,263522,263774]
[1380,87,564146,564043]
[1381,6,57242,57378]
[1382,62,644711,646302]
[1383,233,678820,678598]
[1384,221,622001,621895]
[1385,73,86038,85567]
[1386,95,412434,412008]
[1387,179,516343,515807]
[1388,174,647333,648204]
[1389,50,69820,71552]
[1390,13,595314,594692]
[1391,119,203558,202672]
[1392,107,432679,431774]
[1393,67,526567,524727]
[1394,206,566443,567828]
[1395,235,215961,214809]
[1396,155,444461,442774]
[1397,27,209914,209566]
[1398,10,727767,729453]
[1399,13,595457,593770]
[1400,39,303438,301787]
[1401,101,641313,640890]
[1402,209,534203,533989]
[1403,119,677335,677051]
[1404,260,125103,125730]
[1405,135,214982,214933]
[1406,138,68333,69563]
[1407,173,279672,277884]
[1408,189,462491,461244]
[1409,152,343735,344828]
[1410,232,523177,523420]
[1411,15,197645,196262]
[1412,277,126841,126157]
[1413,185,277196,276378]
[1414,105,320848,319359]
[1415,58,307728,309235]
[1416,240,665987,667231]
[1417,199,196890,196513]
[1418,208,256637,257367]
[1419,186,156886,157863]
[1420,176,271130,272481]
[1421,162,284202,285819]
[1422,225,421365,419483]
[1423,65,204469,202926]
[1424,275,190522,189168]
[1425,22,524192,525579]
[1426,206,663515,664745]
[1427,57,90709,89007]
[1428,200,132887,133960]
[1429,138,97036,98305]
[1430,30,498346,500052]
[1431,8,156012,157860]
[1432,129,442565,440729]
[1433,2,147022,149012]
[1434,159,596615,596140]
[1435,166,230440,232325]
[1436,26,488147,489367]
[1437,220,108426,110094]
[1438,245,224705,223032]
[1439,223,217506,216687]
[1440,127,464083,462970]
[1441,180,496358,498274]
[1442,109,616736,616182]
[1443,260,133658,135455]
[1444,73,555083,554349]
[1445,75,519043,519000]
[1446,13,408102,406446]
[1447,114,473965,474296]
[1448,238,65605,66377]
[1449,72,107071,107810]
[1450,79,304609,302949]
[1451,49,519061,518585]
[1452,153,123048,122340]
[1453,81,285457,283563]
[1454,85,363019,363000]
[1455,167,681705,681643]
[1456,11,41870,40237]
[1457,24,604342,605592]
[1458,260,717447,717564]
[1459,141,195547,194840]
[1460,264,648847,649718]
[1461,28,211627,213450]
[1462,18,582472,583379]
[1463,17,335940,335233]
[1464,38,435653,435818]
[1465,23,173912,172529]
[1466,168,501267,502211]
[1467,268,108390,110127]
[1468,256,408008,409411]
[1469,80,360363,360980]
[1470,263,610874,610318]
[1471,180,350988,351504]
[1472,66,572064,572950]
[1473,151,292922,291812]
[1474,106,224461,225126]
[1475,230,573884,575856]
[1476,186,305058,306563]
[1477,210,362139,362460]
[1478,23,421168,420865]
[1479,133,598161,597532]
[1480,16,423779,425191]
[1481,65,296391,296076]
[1482,179,118171,117066]
[1483,75,511955,511835]
[1484,41,644434,643872]
[1485,172,79007,80132]
[1486,27,340050,339867]
[1487,166,681271,681466]
[1488,67,411522,410795]
[1489,46,397487,398139]
[1490,237,47527,46273]
[1491,24,390231,391829]
[1492,254,477157,477984]
[1493,190,106864,107026]
[1494,129,697843,697185]
[1495,247,143984,142992]
[1496,179,493185,491288]
[1497,194,199993,201595]
[1498,86,79045,79774]
[1499,45,191495,190195]
[1500,29,244167,243595]
[1501,252,338787,340424]
[1502,193,172660,170844]
[1503,105,531804,530346]
[1504,217,589185,588438]
[1505,217,577098,576617]
[1506,113,523207,521777]
[1507,275,197172,196568]
[1508,243,154576,153422]
[1509,154,79554,79640]
[1510,77,290411,289178]
[1511,47,64535,63616]
[1512,181,693111,692420]
[1513,244,550852,551891]
[1514,33,86528,85213]
[1515,9,16746,14930]
[1516,187,245706,244132]
[1517,242,723801,725312]
[1518,264,228052,228947]
[1519,128,537639,537865]
[1520,38,522346,523111]
[1521,271,417884,417391]
[1522,255,269065,268012]
[1523,159,153103,151824]
[1524,76,48036,48081]
[1525,27,173384,172208]
[1526,43,226292,225186]
[1527,31,664149,663023]
[1528,199,520518,520042]
[1529,198,193454,195132]
[1530,227,120683,119920]
[1531,37,642170,641878]
[1532,98,578663,580151]
[1533,156,27984,29846]
[1534,253,642130,641005]
[1535,127,429875,428605]
[1536,224,333542,334008]
[1537,15,491866,491234]
[1538,258,28753,30461]
[1539,225,240854,240802]
[1540,123,65737,64186]
[1541,165,498830,498368]
[1542,83,290891,290148]
[1543,37,349745,349155]
[1544,3,213042,211265]
[1545,210,574662,575573]
[1546,135,34072,33907]
[1547,150,204939,206579]
[1548,150,430541,432347]
[1549,204,576003,576746]
[1550,143,438968,438562]
[1551,9,533173,532522]
[1552,122,17151,18948]
[1553,78,185838,187523]
[1554,271,30839,30684]
[1555,104,364506,364700]
[1556,26,721078,722292]
[1557,61,11476,9863]
[1558,15,323071,321398]
[1559,237,5179,3489]
[1560,45,448435,446792]
[1561,0,133667,134455]
[1562,176,519585,519920]
[1563,243,117513,116382]
[1564,155,604678,604027]
[1565,257,152114,150302]
[1566,195,257516,256763]
[1567,10,168090,169559]
[1568,175,589593,588797]
[1569,144,357404,357866]
[1570,152,637020,638541]
[1571,226,94832,95179]
[1572,196,363737,364661]
[1573,263,566763,566147]
[1574,136,715297,716587]
[1575,152,490889,491942]
[1576,9,134933,133406]
[1577,160,553870,555677]
[1578,249,55102,54408]
[1579,0,556057,557390]
[1580,17,604375,603473]
[1581,139,409113,407661]
[1582,160,359191,359528]
[1583,88,682723,683422]
[1584,246,70,1207]
[1585,140,6974,7466]
[1586,231,184917,183671]
[1587,162,368635,369338]
[1588,0,393961,394418]
[1589,0,270670,271941]
[1590,161,213779,213385]
[1591,206,147524,147624]
[1592,130,583401,583460]
[1593,175,231035,230306]
[1594,133,360589,359006]
[1595,37,592137,591427]
[1596,64,446406,447299]
[1597,273,298209,297873]
[1598,279,129494,128962]
[1599,223,291576,289886]
[1600,9,354515,353717]
[1601,274,722131,722184]
[1602,113,207213,207176]
[1603,111,120824,120750]
[1604,12,160798,161468]
[1605,77,155837,154158]
[1606,141,56566,55438]
[1607,69,266212,266015]
[1608,59,209407,207569]
[1609,249,648869,647047]
[1610,22,568805,570688]
[1611,27,80248,79507]
[1612,199,621286,620012]
[1613,225,80116,79896]
[1614,3,526819,525027]
[1615,128,417586,418349]
[1616,226,63282,64346]
[1617,30,659979,661017]
[1618,27,639021,637554]
[1619,171,616684,615163]
[1620,42,269412,270073]
[1621,209,162743,162530]
[1622,6,726889,728862]
[1623,245,596556,595835]
[1624,118,30711,32005]
[1625,1,273673,272117]
[1626,190,592080,593863]
[1627,166,385189,385376]
[1628,141,180401,180157]
[1629,260,578011,578326]
[1630,163,192692,190815]
[1631,117,1685,290]
[1632,186,168630,169351]
[1633,208,724161,724428]
[1634,69,479836,478367]
[1635,27,162256,160865]
[1636,276,500192,500490]
[1637,249,501722,500773]
[1638,212,467098,469038]
[1639,227,51566,51429]
[1640,175,177890,177119]
[1641,214,634835,635010]
[1642,134,535622,536500]
[1643,121,122734,122337]
[1644,12,217670,218417]
[1645,27,410891,410221]
[1646,53,603987,602474]
[1647,8,146175,147986]
[1648,18,74113,74174]
[1649,204,278380,279360]
[1650,211,666785,665101]
[1651,217,190635,189913]
[1652,187,80498,78953]
[1653,43,42439,40782]
[1654,195,258161,256366]
[1655,3,28268,27429]
[1656,29,426241,425028]
[1657,71,492221,490290]
[1658,8,335690,336716]
[1659,64,540270,542080]
[1660,81,365490,365244]
[1661,110,512011,513267]
[1662,6,168136,169341]
[1663,105,543785,542818]
[1664,234,365691,367214]
[1665,149,515236,514210]
[1666,210,325640,326350]
[1667,145,370649,368828]
[1668,33,32254,30278]
[1669,249,357707,356704]
[1670,76,103726,104036]
[1671,74,103878,104977]
[1672,232,315910,317088]
[1673,128,420057,421245]
[1674,260,250080,251577]
[1675,129,118923,116997]
[1676,170,540484,540695]
[1677,191,703098,702088]
[1678,211,534910,534821]
[1679,219,56803,56179]
[1680,17,613359,613017]
[1681,123,50991,49217]
[1682,127,319767,318069]
[1683,241,679023,677136]
[1684,153,193287,191856]
[1685,158,93277,94771]
[1686,6,555668,556394]
[1687,50,676950,677947]
[1688,71,239260,237483]
[1689,78,169460,169564]
[1690,209,133838,133031]
[1691,10,702193,702216]
[1692,106,420363,421723]
[1693,153,627363,626999]
[1694,175,226124,224781]
[1695,131,42376,41141]
[1696,128,330820,332210]
[1697,191,151387,150982]
[1698,145,379745,378336]
[1699,82,392190,393556]
[1700,40,214534,215942]
[1701,250,224132,225851]
[1702,148,17622,18088]
[1703,101,307409,306470]
[1704,43,237227,235967]
[1705,190,451605,451920]
[1706,36,626762,627627]
[1707,120,359132,360955]
[1708,191,61970,60293]
[1709,237,681456,680502]
[1710,70,589266,589713]
[1711,272,266461,266480]
[1712,275,241827,241099]
[1713,6,683749,683894]
[1714,17,273554,273296]
[1715,176,463496,464008]
[1716,67,720302,718311]
[1717,100,26783,28119]
[1718,202,229364,230873]
[1719,12,168569,170337]
[1720,64,672399,673839]
[1721,264,401775,402443]
[1722,221,39300,39156]
[1723,24,550572,551725]
[1724,33,499725,498693]
[1725,73,484560,482721]
[1726,196,696721,697461]
[1727,211,638354,637580]
[1728,135,549360,549116]
[1729,266,162322,162471]
[1730,139,101105,100612]
[1731,177,162679,161026]
[1732,180,149815,150036]
[1733,178,414043,415354]
[1734,258,483355,483947]
[1735,142,384484,386317]
[1736,82,41078,42704]
[1737,93,266552,264743]
[1738,108,705468,707124]
[1739,48,507024,508327]
[1740,125,270653,269538]
[1741,45,490067,489612]
[1742,204,193263,194937]
[1743,222,56480,56676]
[1744,171,385910,384958]
[1745,185,211524,211240]
[1746,200,351121,351829]
[1747,34,657549,658493]
[1748,41,476735,475115]
[1749,75,527865,527296]
[1750,0,74785,75849]
[1751,95,351080,349668]
[1752,137,296352,294763]
[1753,241,473115,471555]
[1754,129,210674,209757]
[1755,7,279873,279252]
[1756,98,715156,716555]
[1757,264,83696,85354]
[1758,156,145731,147478]
[1759,53,176259,174263]
[1760,18,507857,509664]
[1761,275,520515,520275]
[1762,32,572082,573731]
[1763,174,277779,278159]
[1764,71,622948,621397]
[1765,170,508362,508955]
[1766,48,519962,520175]
[1767,259,600754,599225]
[1768,78,458482,459236]
[1769,55,308022,307801]
[1770,66,22452,23636]
[1771,128,434084,435953]
[1772,119,439196,437986]
[1773,172,235358,235775]
[1774,11,406135,404506]
[1775,67,126630,125136]
[1776,44,473744,474869]
[1777,197,53174,52249]
[1778,223,639392,637926]
[1779,202,157563,157609]
[1780,168,214211,214552]
[1781,181,645847,644968]
[1782,27,645769,644134]
[1783,224,609634,611536]
[1784,210,238334,240130]
[1785,196,657804,658412]
[1786,97,564293,562640]
[1787,169,481545,479739]
[1788,152,655951,656307]
[1789,60,570898,572547]
[1790,261,311606,309640]
[1791,25,237328,236380]
[1792,132,287135,288785]
[1793,212,44769,45115]
[1794,220,264939,265791]
[1795,209,257962,257367]
[1796,111,631947,631035]
[1797,5,648238,647857]
[1798,146,702060,703409]
[1799,12,239255,240388]
[1800,96,505426,507344]
[1801,24,461502,463073]
[1802,42,176740,178550]
[1803,196,634216,635344]
[1804,166,156079,158067]
[1805,194,545079,546518]
[1806,176,105459,106434]
[1807,209,78984,77870]
[1808,158,525111,525827]
[1809,131,384124,383683]
[1810,207,324395,322883]
[1811,161,568346,567289]
[1812,217,263194,261522]
[1813,209,623235,622087]
[1814,84,701418,702377]
[1815,143,715246,713777]
[1816,194,302538,303151]
[1817,147,529803,528528]
[1818,126,652352,652464]
[1819,147,518804,518542]
[1820,27,553915,552674]
[1821,145,645057,643996]
[1822,20,267503,267768]
[1823,229,397452,395512]
[1824,113,391757,389844]
[1825,35,472944,472084]
[1826,170,652584,653436]
[1827,134,438000,438646]
[1828,214,707080,707290]
[1829,232,533723,535708]
[1830,209,303661,302745]
[1831,127,425428,423647]
[1832,217,672514,672367]
[1833,252,450883,450928]
[1834,83,519303,517534]
[1835,54,482078,484016]
[1836,25,246421,245049]
[1837,85,149465,148230]
[1838,77,297947,297293]
[1839,80,109910,111723]
[1840,232,602393,603141]
[1841,96,517922,519634]
[1842,105,293853,292367]
[1843,152,124937,125185]
[1844,24,638453,639124]
[1845,163,467181,465874]
[1846,144,726518,726528]
[1847,60,73699,75335]
[1848,13,179427,178493]
[1849,130,60984,61453]
[1850,55,543164,542913]
[1851,24,116329,116857]
[1852,134,642725,644607]
[1853,144,358286,358802]
[1854,114,383574,384042]
[1855,274,30997,31144]
[1856,155,449018,447642]
[1857,240,165930,167602]
[1858,238,155643,156436]
[1859,221,654620,652682]
[1860,44,647357,647367]
[1861,38,3838,5548]
[1862,21,608464,606745]
[1863,129,657928,657771]
[1864,79,373314,373207]
[1865,8,559711,559806]
[1866,24,499682,501513]
[1867,25,336121,334693]
[1868,204,418043,418793]
[1869,194,418486,420130]
[1870,185,614436,613908]
[1871,21,175742,175280]
[1872,199,553496,552014]
[1873,247,592965,592189]
[1874,66,581032,582517]
[1875,183,589603,588814]
[1876,98,604540,605673]
[1877,134,304366,305488]
[1878,152,450436,450512]
[1879,227,552172,550570]
[1880,72,561155,562528]
[1881,226,698817,699421]
[1882,151,712309,710825]
[1883,33,411929,411688]
[1884,237,340945,339521]
[1885,181,610724,609093]
[1886,9,161967,160350]
[1887,129,559796,558700]
[1888,87,140751,139975]
[1889,163,432849,431293]
[1890,202,442377,443482]
[1891,108,322101,322939]
[1892,96,630253,631880]
[1893,101,397457,396195]
[1894,65,360494,359197]
[1895,89,306631,304811]
[1896,234,45361,47071]
[1897,206,264005,265133]
[1898,198,67661,68910]
[1899,140,412347,412807]
[1900,82,466922,468047]
[1901,215,559838,559709]
[1902,248,461115,462037]
[1903,276,136366,136973]
[1904,156,546924,548182]
[1905,145,400874,400115]
[1906,200,74481,76230]
[1907,139,18489,18098]
[1908,126,217784,219665]
[1909,53,504842,503017]
[1910,143,681991,679998]
[1911,28,704571,706177]
[1912,110,557351,558132]
[1913,139,215606,213777]
[1914,124,453485,455332]
[1915,182,168467,168672]
[1916,52,547249,549061]
[1917,32,120916,122381]
[1918,237,553116,551463]
[1919,124,633197,633785]
[1920,0,378717,380090]
[1921,128,47847,48605]
[1922,243,329019,327240]
[1923,39,611772,610772]
[1924,188,131038,131411]
[1925,208,28109,29185]
[1926,167,534950,534129]
[1927,248,410453,410536]
[1928,193,31218,30661]
[1929,201,718398,717976]
[1930,135,415935,415040]
[1931,146,426576,428258]
[1932,47,576740,575837]
[1933,224,658016,658185]
[1934,199,44927,44286]
[1935,225,254225,254064]
[1936,39,146793,145865]
[1937,70,339093,339483]
[1938,211,67231,66679]
[1939,99,50444,49634]
[1940,259,219561,219346]
[1941,26,659263,660160]
[1942,231,711581,711165]
[1943,235,558096,556748]
[1944,138,540,1266]
[1945,183,536232,535968]
[1946,78,16032,17585]
[1947,202,122883,123421]
[1948,249,7745,7664]
[1949,85,109918,108712]
[1950,268,501188,502667]
[1951,160,511766,513220]
[1952,7,270830,270513]
[1953,120,533034,534644]
[1954,44,617680,618486]
[1955,105,95719,95029]
[1956,116,63719,64757]
[1957,108,271128,272755]
[1958,248,294429,295554]
[1959,58,201497,203092]
[1960,111,550185,549784]
[1961,125,234952,234580]
[1962,207,584930,583301]
[1963,172,664339,665644]
[1964,229,374624,374083]
[1965,256,313046,313317]
[1966,49,68590,66772]
[1967,68,199509,200978]
[1968,258,646361,647022]
[1969,57,179663,179292]
[1970,196,452843,453474]
[1971,45,362086,360857]
[1972,3,70417,68797]
[1973,100,655635,657035]
[1974,257,49981,49404]
[1975,44,496228,496927]
[1976,159,708597,708581]
[1977,271,517612,517129]
[1978,141,239174,237585]
[1979,278,53537,53634]
[1980,76,422625,422666]
[1981,81,535798,534730]
[1982,178,261596,263499]
[1983,94,476581,476939]
[1984,88,413042,414072]
[1985,143,25572,24863]
[1986,238,671181,672581]
[1987,187,277091,277022]
[1988,158,276582,277271]
[1989,258,616989,617866]
[1990,204,353036,353052]
[1991,203,330268,328826]
[1992,206,466452,467701]
[1993,162,154380,156026]
[1994,188,487383,489173]
[1995,100,392765,394682]
[1996,159,517601,516683]
[1997,159,437942,436330]
[1998,21,614310,613380]
[1999,16,640911,642552]
[2000,86,71324,71919]
