["head":"wrap","lpos","status"]
[213,375028,1]
["io count"]
[2000]
["io":"id","wrap","startLpos","endLpos"]
[1,53,625418,623553]
[2,212,401280,402041]
[3,254,372423,373087]
[4,160,719978,721460]
[5,151,655964,654433]
[6,266,636552,637916]
[7,102,294217,294425]
[8,0,85262,85295]
[9,260,319820,321264]
[10,166,398846,399792]
[11,188,534846,536694]
[12,196,479778,480383]
[13,250,64878,66069]
[14,91,145454,145243]
[15,185,103920,103557]
[16,211,34733,32768]
[17,171,292486,291185]
[18,49,727052,725673]
[19,221,620391,619733]
[20,276,180847,182584]
[21,147,230186,229722]
[22,210,643861,645041]
[23,185,63740,63388]
[24,194,184563,184864]
[25,170,50625,51105]
[26,126,539434,541040]
[27,29,89944,89348]
[28,158,557149,557998]
[29,125,392393,391279]
[30,75,646859,645387]
[31,109,702514,700674]
[32,236,646773,647752]
[33,24,378215,378800]
[34,2,206294,207151]
[35,104,257685,258146]
[36,88,233872,233989]
[37,112,394306,394527]
[38,189,446910,445888]
[39,12,262422,262572]
[40,147,6775,6758]
[41,228,39507,39827]
[42,271,32778,32427]
[43,74,715233,715855]
[44,184,100494,102006]
[45,20,6349,6911]
[46,141,399423,398085]
[47,68,316100,317577]
[48,244,629253,629468]
[49,166,74769,75838]
[50,42,89634,90121]
[51,103,314191,313887]
[52,162,32283,33816]
[53,212,97498,99165]
[54,164,360871,361879]
[55,37,635341,633506]
[56,64,46419,46566]
[57,178,269470,270084]
[58,92,666943,667726]
[59,53,725375,724378]
[60,162,469807,471535]
[61,34,600026,600633]
[62,159,7177,5988]
[63,150,178475,179534]
[64,125,374910,373717]
[65,112,490531,490577]
[66,0,579210,581082]
[67,161,390754,389444]
[68,24,291613,292232]
[69,232,305958,306852]
[70,269,189713,187901]
[71,150,200500,201136]
[72,70,152228,153795]
[73,99,297612,297449]
[74,142,323745,325356]
[75,165,543019,541940]
[76,133,529972,528895]
[77,208,169017,169966]
[78,125,116290,115382]
[79,173,688097,686805]
[80,95,1976,1958]
[81,149,89244,87849]
[82,114,60758,62354]
[83,257,699911,698007]
[84,186,241674,242737]
[85,29,9792,8836]
[86,26,175513,177252]
[87,104,242380,243942]
[88,28,38428,39998]
[89,181,407716,406842]
[90,149,130407,129848]
[91,170,657042,658692]
[92,21,411863,410382]
[93,199,659297,659196]
[94,90,633245,633954]
[95,16,536288,537314]
[96,86,654361,654508]
[97,192,616962,617544]
[98,12,242384,243072]
[99,78,277615,278734]
[100,20,202407,204235]
[101,70,95136,95989]
[102,149,644850,643095]
[103,118,506970,508717]
[104,158,205407,206423]
[105,231,614754,613388]
[106,192,309297,310123]
[107,240,573398,573844]
[108,173,674648,673981]
[109,120,116015,116101]
[110,23,709518,707780]
[111,75,401397,400359]
[112,17,459862,458028]
[113,182,106871,108558]
[114,206,712651,713593]
[115,216,86522,87419]
[116,71,177025,176382]
[117,235,371213,370180]
[118,216,270555,271366]
[119,73,708473,707907]
[120,199,195868,193961]
[121,155,231921,230198]
[122,119,123089,122873]
[123,118,246487,248227]
[124,40,105636,107460]
[125,159,414077,412799]
[126,248,110678,111445]
[127,260,534455,534778]
[128,149,420493,420281]
[129,125,512909,511102]
[130,69,634173,632731]
[131,135,195869,195477]
[132,223,624424,623764]
[133,187,614434,613236]
[134,40,435827,435967]
[135,120,542176,542205]
[136,59,123656,122740]
[137,158,286994,288312]
[138,21,579512,579037]
[139,93,54432,52496]
[140,222,168933,170338]
[141,213,183763,183198]
[142,19,677273,676299]
[143,277,342654,341063]
[144,73,428601,428349]
[145,242,45825,47741]
[146,74,459039,459879]
[147,10,31984,33232]
[148,262,529143,530444]
[149,98,496018,497669]
[150,81,293751,293585]
[151,209,707497,706289]
[152,82,399338,400712]
[153,68,445693,446075]
[154,3,346679,345379]
[155,178,660831,662029]
[156,58,650325,650337]
[157,167,639660,639241]
[158,90,165135,166657]
[159,11,718077,717501]
[160,175,624093,623866]
[161,218,547223,548187]
[162,271,171617,170648]
[163,153,129422,128183]
[164,163,37078,36564]
[165,110,206748,207857]
[166,146,697781,699049]
[167,106,11058,12841]
[168,11,287400,286621]
[169,71,185580,183837]
[170,229,700744,699025]
[171,50,157646,158182]
[172,10,644553,645214]
[173,100,650896,651941]
[174,22,433020,433147]
[175,112,658163,659428]
[176,105,480892,479931]
[177,154,546281,547248]
[178,22,164235,164748]
[179,259,489281,489019]
[180,47,201493,200874]
[181,48,503062,504093]
[182,239,717530,715708]
[183,12,15211,17204]
[184,220,269287,270701]
[185,117,634347,632873]
[186,207,673347,671569]
[187,124,726163,728057]
[188,193,695669,694603]
[189,159,186855,186500]
[190,77,190925,190452]
[191,22,48397,48779]
[192,142,570150,571826]
[193,93,623204,621492]
[194,94,574657,575906]
[195,151,604992,603855]
[196,118,462973,464306]
[197,241,105398,104014]
[198,126,155137,157053]
[199,19,338966,337538]
[200,142,18894,19997]
[201,15,186458,186005]
[202,171,449821,449732]
[203,130,247535,247683]
[204,152,339957,340537]
[205,244,241320,242675]
[206,256,8866,10327]
[207,242,288548,290096]
[208,31,688200,687980]
[209,38,201539,201614]
[210,178,507355,507874]
[211,37,724515,723263]
[212,167,384405,384156]
[213,30,21092,21956]
[214,73,261301,260283]
[215,243,546921,545198]
[216,187,140894,140486]
[217,212,221599,222395]
[218,111,699565,697596]
[219,190,182167,183993]
[220,266,632997,634500]
[221,199,68678,67884]
[222,52,522870,523431]
[223,99,639236,638057]
[224,185,68078,67219]
[225,270,659569,661379]
[226,229,1560,1244]
[227,156,643759,644303]
[228,93,320296,319102]
[229,167,56699,56114]
[230,21,384701,382729]
[231,2,293123,293772]
[232,86,697514,698552]
[233,101,534250,534188]
[234,171,392694,391545]
[235,4,213832,215802]
[236,149,426987,425218]
[237,98,299585,300547]
[238,199,429386,427516]
[239,2,274113,276102]
[240,136,171411,172448]
[241,53,225080,224691]
[242,102,64562,66155]
[243,194,328405,330043]
[244,264,561856,563110]
[245,93,691930,691319]
[246,30,110995,112708]
[247,241,551263,551249]
[248,195,101937,100177]
[249,56,720482,720517]
[250,221,472367,470526]
[251,219,356156,354541]
[252,158,467184,468013]
[253,213,719839,719437]
[254,205,453219,452072]
[255,228,536554,536594]
[256,255,572242,571678]
[257,83,85594,83779]
[258,38,285798,286382]
[259,200,544112,544222]
[260,101,344724,344324]
[261,4,457713,458270]
[262,113,438913,437802]
[263,175,73410,71972]
[264,25,369035,368064]
[265,224,103278,103538]
[266,241,480218,478457]
[267,124,183114,183854]
[268,80,493204,494778]
[269,0,357937,359568]
[270,213,415905,414824]
[271,152,500030,500641]
[272,60,657722,658095]
[273,145,562085,561058]
[274,271,56387,55786]
[275,201,593870,592243]
[276,121,24044,22054]
[277,144,550225,550539]
[278,1,612520,610879]
[279,34,432702,434452]
[280,143,229560,229211]
[281,184,639203,641037]
[282,70,619571,621289]
[283,85,330947,329416]
[284,122,334429,335017]
[285,47,372796,371931]
[286,272,102459,104030]
[287,0,399347,400499]
[288,154,715770,716450]
[289,55,411208,411052]
[290,248,146214,147828]
[291,174,337408,338489]
[292,186,283116,284181]
[293,178,568626,569351]
[294,14,508248,509119]
[295,203,220279,220243]
[296,97,440962,439625]
[297,159,92745,92113]
[298,251,435615,434487]
[299,182,388549,389460]
[300,49,486743,486127]
[301,238,95772,96333]
[302,69,208785,206911]
[303,142,651159,652148]
[304,155,333442,331854]
[305,181,625478,625003]
[306,52,375419,376035]
[307,235,571520,569941]
[308,45,262562,261420]
[309,136,155149,155758]
[310,229,109426,107745]
[311,279,75667,74176]
[312,119,727464,726668]
[313,49,509152,507753]
[314,40,159101,160475]
[315,102,552098,553482]
[316,59,299351,298735]
[317,257,652203,651257]
[318,255,611490,610601]
[319,35,94778,93129]
[320,142,694043,695497]
[321,17,303286,302783]
[322,199,90810,90080]
[323,275,187099,186580]
[324,96,635549,637130]
[325,132,458384,460337]
[326,227,436104,435197]
[327,207,282414,281496]
[328,222,704432,705370]
[329,112,76669,76704]
[330,6,87429,87611]
[331,82,256135,257689]
[332,215,675997,675049]
[333,91,532154,532098]
[334,79,433422,432879]
[335,161,158053,157516]
[336,213,654758,653874]
[337,7,635950,634439]
[338,241,591627,591159]
[339,146,487922,487948]
[340,97,322692,322572]
[341,122,431327,431476]
[342,270,216549,218418]
[343,167,686255,684987]
[344,32,177889,179790]
[345,144,636649,637893]
[346,145,335062,334409]
[347,105,16889,16020]
[348,195,114593,114051]
[349,67,132652,131110]
[350,103,245261,244743]
[351,25,242381,240385]
[352,179,669581,669536]
[353,81,536598,534998]
[354,197,70292,69425]
[355,268,120775,122753]
[356,141,441495,439941]
[357,232,296594,298368]
[358,238,650073,650970]
[359,259,320006,319514]
[360,122,567937,568098]
[361,163,166796,165717]
[362,28,121172,121218]
[363,161,484964,483503]
[364,166,652911,654398]
[365,246,33871,34460]
[366,181,32506,30508]
[367,188,225711,226434]
[368,101,33344,33244]
[369,278,490720,491538]
[370,212,619855,620956]
[371,124,317754,318326]
[372,235,325987,324667]
[373,208,87646,88969]
[374,186,94840,96681]
[375,49,188320,187099]
[376,89,376517,375598]
[377,272,168545,169391]
[378,231,302453,302011]
[379,191,400625,399164]
[380,19,17289,16901]
[381,42,364904,365865]
[382,212,528717,530526]
[383,166,146167,146952]
[384,124,699737,700298]
[385,16,99870,100898]
[386,1,269007,268243]
[387,92,377443,377558]
[388,142,20176,21330]
[389,252,533188,534849]
[390,33,332938,331979]
[391,215,319623,318308]
[392,229,347416,346324]
[393,140,661736,662741]
[394,86,694493,695269]
[395,217,675261,674330]
[396,34,301475,303421]
[397,130,520089,521216]
[398,59,526382,526372]
[399,13,404670,404272]
[400,164,513950,514247]
[401,172,555426,556534]
[402,111,383011,381688]
[403,222,630265,631882]
[404,26,395534,395965]
[405,8,386187,387351]
[406,262,225148,226338]
[407,50,47621,48971]
[408,192,599739,599749]
[409,249,343857,342224]
[410,223,266509,265346]
[411,267,527335,526585]
[412,68,128831,129425]
[413,39,426836,425864]
[414,207,585939,584404]
[415,156,664430,665937]
[416,31,467085,467075]
[417,253,1421,1122]
[418,116,682842,684817]
[419,129,40232,39078]
[420,191,84084,83772]
[421,199,203515,202581]
[422,54,102482,103303]
[423,177,26867,25111]
[424,175,529719,529427]
[425,175,274946,272996]
[426,43,573820,572780]
[427,232,673922,674512]
[428,149,134748,133319]
[429,59,683470,682423]
[430,27,530051,529062]
[431,49,602996,601270]
[432,274,281266,281421]
[433,37,546648,546336]
[434,101,23361,21665]
[435,16,606143,607082]
[436,99,92822,90994]
[437,205,119316,118430]
[438,179,361014,360725]
[439,135,493059,492869]
[440,226,376547,378000]
[441,105,113132,112192]
[442,4,589673,591138]
[443,160,257546,258323]
[444,37,480245,479770]
[445,137,152233,150908]
[446,250,152657,153787]
[447,180,515753,516880]
[448,107,245008,243708]
[449,73,220648,220012]
[450,59,633830,632039]
[451,58,49320,49906]
[452,156,40139,41597]
[453,142,271504,273052]
[454,73,96840,95962]
[455,246,651241,653001]
[456,184,103245,104185]
[457,92,643976,645445]
[458,160,262445,263986]
[459,111,376059,374072]
[460,10,6874,7684]
[461,115,570824,569205]
[462,271,69654,69160]
[463,92,236264,237738]
[464,138,181661,182976]
[465,62,49361,50794]
[466,94,179603,180905]
[467,25,399899,399697]
[468,67,449768,448045]
[469,28,670768,672260]
[470,94,422169,423242]
[471,103,683093,681565]
[472,78,563650,564082]
[473,255,74317,73426]
[474,49,190251,189946]
[475,166,321020,322279]
[476,105,286049,285833]
[477,168,552542,553977]
[478,257,548403,547665]
[479,3,329208,327340]
[480,93,547405,547333]
[481,263,195042,194512]
[482,224,62927,63381]
[483,110,280753,282635]
[484,79,169086,168656]
[485,16,162065,163750]
[486,206,478,2472]
[487,119,493197,491827]
[488,178,114337,115491]
[489,182,146294,147829]
[490,10,198615,199972]
[491,172,381821,382137]
[492,129,166821,165315]
[493,106,16252,18103]
[494,173,172045,170255]
[495,0,278498,279320]
[496,124,250001,251638]
[497,109,244835,243743]
[498,17,278111,276735]
[499,128,424816,426176]
[500,95,671989,671053]
[501,229,40445,39644]
[502,43,306373,305133]
[503,21,626656,624936]
[504,233,201537,201493]
[505,72,666742,668287]
[506,238,11900,12879]
[507,108,237921,238181]
[508,27,212852,211519]
[509,35,212931,211213]
[510,4,580437,580565]
[511,277,192808,191403]
[512,167,164788,164188]
[513,74,699912,700847]
[514,96,95164,96803]
[515,33,396729,395699]
[516,81,150353,149733]
[517,195,234029,232044]
[518,181,336316,335916]
[519,165,27168,27042]
[520,61,333799,331927]
[521,134,591091,591200]
[522,151,498853,498411]
[523,50,209970,211348]
[524,261,402179,401867]
[525,236,98697,98929]
[526,23,14617,14065]
[527,67,384444,382495]
[528,232,329873,331549]
[529,162,310312,312240]
[530,182,336976,338637]
[531,90,410045,410657]
[532,36,655236,656318]
[533,211,714365,713464]
[534,70,184859,185191]
[535,133,124197,123071]
[536,137,556675,556228]
[537,2,404853,406516]
[538,33,506726,504987]
[539,102,314275,316055]
[540,106,20773,22506]
[541,94,490221,490440]
[542,147,63255,61718]
[543,235,87166,86833]
[544,92,217806,218960]
[545,73,548400,546872]
[546,226,687606,688969]
[547,275,583121,581347]
[548,25,266848,265335]
[549,159,270094,269979]
[550,144,563592,563844]
[551,87,524287,522902]
[552,26,130877,131453]
[553,71,416633,415939]
[554,185,181914,180799]
[555,153,397980,397091]
[556,263,487838,486560]
[557,246,541917,543585]
[558,133,561010,560172]
[559,77,211382,210428]
[560,156,343115,345063]
[561,87,401340,400488]
[562,161,470463,468897]
[563,277,522869,521839]
[564,136,444055,445808]
[565,145,658669,658419]
[566,205,205139,204630]
[567,270,211481,212033]
[568,168,353154,355068]
[569,277,321038,320790]
[570,175,190834,190150]
[571,69,340678,339031]
[572,17,170850,170031]
[573,20,554954,555527]
[574,275,139854,139521]
[575,225,533342,533016]
[576,3,647042,646941]
[577,140,598839,600535]
[578,36,48850,49302]
[579,81,474168,472202]
[580,100,543789,543953]
[581,138,448961,449666]
[582,72,328870,330221]
[583,231,256706,255966]
[584,69,640215,638816]
[585,20,4599,5066]
[586,48,388567,390196]
[587,66,97793,98471]
[588,45,312329,311842]
[589,232,324572,325392]
[590,134,342350,343982]
[591,175,624328,623893]
[592,236,686732,686756]
[593,26,271679,273230]
[594,149,207315,205497]
[595,182,375667,377444]
[596,34,165501,165654]
[597,274,192397,192724]
[598,163,572149,572082]
[599,176,17285,18212]
[600,116,126795,128161]
[601,31,562414,562347]
[602,166,728205,729951]
[603,64,104499,106439]
[604,70,682771,683171]
[605,142,162019,162091]
[606,163,168715,168322]
[607,86,549969,550417]
[608,15,369004,368127]
[609,206,201019,201379]
[610,217,185383,184419]
[611,239,139493,137911]
[612,25,227712,227649]
[613,272,624691,626396]
[614,188,398283,399264]
[615,234,244401,245283]
[616,141,533402,531716]
[617,247,455907,455896]
[618,59,138756,137387]
[619,49,584984,584126]
[620,80,334817,336813]
[621,33,389046,388889]
[622,155,85227,84345]
[623,98,51349,53248]
[624,156,716313,718288]
[625,278,332480,333492]
[626,153,261510,261458]
[627,187,307312,307010]
[628,83,591162,591116]
[629,154,369128,369600]
[630,38,158291,159872]
[631,195,726636,725224]
[632,80,77583,78122]
[633,195,713688,712009]
[634,169,238190,236486]
[635,153,17048,15757]
[636,81,131854,131750]
[637,265,485760,485310]
[638,49,624800,624709]
[639,210,46075,47056]
[640,180,344216,345378]
[641,47,139310,138254]
[642,110,718125,718688]
[643,208,697999,699576]
[644,98,269029,270142]
[645,127,407395,405851]
[646,82,358956,359768]
[647,173,32157,31006]
[648,35,73996,72088]
[649,64,629349,629530]
[650,83,113874,113864]
[651,144,120649,122553]
[652,149,464162,463472]
[653,9,140917,139673]
[654,174,613209,615012]
[655,48,247618,248283]
[656,10,634555,635163]
[657,254,436712,438567]
[658,162,391081,392400]
[659,24,695167,695821]
[660,152,203223,203550]
[661,132,529894,530794]
[662,236,183075,183494]
[663,100,277793,279011]
[664,181,102223,101643]
[665,20,389928,390403]
[666,72,139088,139949]
[667,1,132787,132103]
[668,93,173032,172107]
[669,261,114197,113244]
[670,139,11359,9694]
[671,9,214311,214224]
[672,195,356024,355663]
[673,108,583405,583633]
[674,250,600901,600918]
[675,221,89142,87668]
[676,62,600240,600364]
[677,154,553356,553981]
[678,231,629796,629764]
[679,155,401691,400329]
[680,110,54066,55053]
[681,67,42534,42246]
[682,125,156963,156910]
[683,257,708653,708069]
[684,189,517777,517686]
[685,257,557168,556450]
[686,260,576905,578097]
[687,187,368358,368059]
[688,165,204044,203654]
[689,94,255995,256194]
[690,81,645867,645241]
[691,163,310411,309121]
[692,43,142470,141852]
[693,276,589218,589415]
[694,201,292190,291968]
[695,253,43224,42131]
[696,104,303420,304478]
[697,80,96791,97697]
[698,64,155327,155698]
[699,20,517073,517436]
[700,157,118045,117122]
[701,249,50448,49638]
[702,242,143804,144528]
[703,171,338853,337350]
[704,144,642739,643566]
[705,39,618771,618221]
[706,19,565239,563259]
[707,43,267272,265616]
[708,88,353853,355381]
[709,70,407586,407598]
[710,198,205955,207326]
[711,95,522407,521892]
[712,124,525488,526141]
[713,218,508204,509628]
[714,219,58877,57426]
[715,160,672281,673025]
[716,48,84759,85253]
[717,253,675251,674255]
[718,259,637382,636339]
[719,148,59074,59958]
[720,185,101442,100247]
[721,215,173183,173161]
[722,153,383292,383117]
[723,185,114280,114115]
[724,169,20261,19690]
[725,90,56970,57367]
[726,159,620039,618781]
[727,127,199666,198037]
[728,49,587641,585985]
[729,172,586269,587898]
[730,167,483905,483560]
[731,212,405155,405734]
[732,68,520627,521419]
[733,239,669896,668827]
[734,120,62486,62921]
[735,52,455972,457591]
[736,59,147470,145850]
[737,96,480902,481317]
[738,202,64682,66310]
[739,40,189878,191378]
[740,75,196701,195922]
[741,12,605983,606982]
[742,110,132845,133212]
[743,184,54818,56250]
[744,197,136391,135616]
[745,251,377686,375867]
[746,199,261618,261089]
[747,3,684368,683099]
[748,51,245631,244816]
[749,129,654485,652561]
[750,44,452973,453127]
[751,155,39555,39545]
[752,109,604400,602454]
[753,52,563771,564452]
[754,92,378258,378785]
[755,108,670245,671114]
[756,8,136126,137556]
[757,223,588070,586285]
[758,200,563337,564188]
[759,53,150536,149450]
[760,160,362542,364309]
[761,259,442208,441012]
[762,66,31277,31295]
[763,139,645162,644603]
[764,224,138880,139497]
[765,238,478244,478697]
[766,82,432750,433280]
[767,81,698582,698345]
[768,183,710808,709940]
[769,207,696940,696782]
[770,51,379510,379421]
[771,60,644866,646865]
[772,93,609340,607831]
[773,78,527038,527495]
[774,238,497536,498968]
[775,1,615532,615248]
[776,217,280590,280314]
[777,266,189198,191159]
[778,225,150344,148790]
[779,19,161555,160464]
[780,85,685755,683870]
[781,154,365068,365128]
[782,79,467871,466418]
[783,187,718177,717993]
[784,253,699669,698576]
[785,98,87939,89919]
[786,45,645161,644108]
[787,66,651975,652498]
[788,264,7268,7385]
[789,183,239586,237682]
[790,84,198646,200608]
[791,52,405416,405652]
[792,190,564651,566103]
[793,36,392659,394639]
[794,97,473112,471965]
[795,73,577905,577835]
[796,212,335869,336654]
[797,233,585172,583494]
[798,209,61108,60449]
[799,112,118245,118255]
[800,23,604255,604067]
[801,245,139120,138371]
[802,125,155334,155324]
[803,132,193391,195089]
[804,103,533844,532638]
[805,9,190056,188620]
[806,174,519786,521768]
[807,277,528517,527035]
[808,70,200833,202582]
[809,2,219678,221566]
[810,46,140932,141857]
[811,34,428591,430226]
[812,237,62708,60760]
[813,219,356382,355652]
[814,19,374548,374377]
[815,225,356827,355786]
[816,79,91972,90910]
[817,31,196189,194965]
[818,16,614756,616673]
[819,5,159750,158219]
[820,216,161933,163414]
[821,104,187257,189136]
[822,47,115292,113524]
[823,40,312698,313983]
[824,145,192842,192631]
[825,107,60237,59322]
[826,159,135981,134626]
[827,192,289417,290413]
[828,213,473906,473313]
[829,165,378719,378352]
[830,209,91721,90368]
[831,121,659732,658598]
[832,54,438382,439498]
[833,3,327933,326576]
[834,107,573849,573017]
[835,109,285879,285557]
[836,173,676187,675041]
[837,45,238656,237490]
[838,229,230002,229846]
[839,227,609766,608871]
[840,170,213537,214592]
[841,127,352512,351079]
[842,38,677412,678294]
[843,120,5438,6793]
[844,18,61574,61737]
[845,64,483629,484682]
[846,113,144098,143349]
[847,171,202657,201080]
[848,279,330463,329833]
[849,246,154969,155635]
[850,110,623024,624132]
[851,254,465160,465623]
[852,107,709666,709121]
[853,252,100473,101701]
[854,216,701988,703736]
[855,48,610145,610901]
[856,164,593645,593789]
[857,16,679500,680956]
[858,75,333349,333245]
[859,146,463618,464707]
[860,114,510004,511827]
[861,263,356976,355519]
[862,251,264795,264572]
[863,207,681871,680932]
[864,139,660990,659824]
[865,258,655609,656664]
[866,159,99562,97949]
[867,11,321520,321208]
[868,117,378245,377671]
[869,76,708565,710334]
[870,39,244173,242613]
[871,55,464841,463212]
[872,224,221725,223279]
[873,12,299322,299764]
[874,255,270654,269670]
[875,264,368869,370586]
[876,119,522200,520352]
[877,95,452586,450853]
[878,135,232484,230838]
[879,182,382213,382691]
[880,248,91878,92629]
[881,2,363426,364180]
[882,121,559113,557820]
[883,63,373726,371743]
[884,17,669840,668799]
[885,264,26592,26996]
[886,25,666394,665915]
[887,5,96857,96360]
[888,135,466779,466271]
[889,269,653643,652075]
[890,179,163950,163278]
[891,164,404901,405218]
[892,225,305317,305173]
[893,108,158091,159702]
[894,229,709760,708276]
[895,247,578887,577336]
[896,200,411840,413416]
[897,259,494034,493886]
[898,238,534287,534412]
[899,65,529915,528218]
[900,206,310018,311726]
[901,191,336746,334992]
[902,271,432456,431205]
[903,233,575925,575422]
[904,16,709161,710252]
[905,62,682148,683116]
[906,69,642825,642474]
[907,241,257971,256795]
[908,110,87656,88270]
[909,233,143230,142049]
[910,34,50835,52763]
[911,43,611341,609620]
[912,20,16873,17347]
[913,35,12603,11379]
[914,56,211995,213699]
[915,138,229589,231456]
[916,110,189020,191001]
[917,152,676479,677014]
[918,193,208309,207592]
[919,171,376886,376045]
[920,117,153069,152966]
[921,252,175586,176975]
[922,274,294173,295332]
[923,231,312261,311662]
[924,156,397155,398508]
[925,39,47602,46607]
[926,6,518606,518757]
[927,0,368786,369715]
[928,231,643073,641930]
[929,78,403296,403572]
[930,166,110266,110893]
[931,275,193317,192113]
[932,37,553177,552794]
[933,184,503440,505318]
[934,50,66778,66837]
[935,175,114025,112551]
[936,153,250989,249790]
[937,199,280600,280190]
[938,37,536981,536331]
[939,113,719169,719004]
[940,48,668867,670810]
[941,160,203383,204313]
[942,14,357876,358114]
[943,262,683649,684066]
[944,100,597973,598128]
[945,275,5198,4904]
[946,193,433339,433055]
[947,44,168974,169462]
[948,190,646175,647004]
[949,230,236799,237800]
[950,127,26222,24893]
[951,113,252331,251046]
[952,217,340380,339637]
[953,137,77689,76849]
[954,276,401091,402975]
[955,238,42223,42319]
[956,139,275752,273917]
[957,252,209367,209402]
[958,167,488529,487152]
[959,122,44984,46315]
[960,35,215468,214804]
[961,93,283349,283339]
[962,265,258114,257227]
[963,198,501186,502233]
[964,89,275339,275104]
[965,235,705620,704674]
[966,149,441816,440943]
[967,55,635177,633391]
[968,81,625531,623823]
[969,127,452806,450931]
[970,116,128436,128739]
[971,220,663036,664687]
[972,147,70540,69734]
[973,90,586760,587302]
[974,182,470942,471010]
[975,108,716035,717348]
[976,242,51114,51950]
[977,43,256629,255925]
[978,258,681205,683006]
[979,235,13392,13374]
[980,108,438447,438505]
[981,152,66914,68044]
[982,216,106497,107800]
[983,183,442520,441367]
[984,237,386598,384627]
[985,218,426007,427194]
[986,238,137807,139056]
[987,129,410269,410111]
[988,161,314566,313343]
[989,259,285920,284942]
[990,244,28285,30126]
[991,226,429016,429255]
[992,105,705263,704280]
[993,37,457483,456755]
[994,83,23323,21685]
[995,152,61557,63127]
[996,175,223388,223362]
[997,74,374625,375136]
[998,180,11609,13317]
[999,38,544805,546539]
[1000,194,114537,115275]
[1001,123,133045,133034]
[1002,218,527451,528836]
[1003,161,382136,380592]
[1004,211,727842,726937]
[1005,127,95882,94077]
[1006,198,162618,163827]
[1007,46,628690,628784]
[1008,147,532762,531900]
[1009,187,8225,7215]
[1010,133,527984,527872]
[1011,3,463475,462555]
[1012,106,82136,82629]
[1013,204,109350,110765]
[1014,186,457361,457786]
[1015,266,511915,512731]
[1016,202,509325,509927]
[1017,32,448654,450328]
[1018,29,217707,216381]
[1019,6,70086,70263]
[1020,45,526141,525137]
[1021,129,520367,519199]
[1022,241,439714,438946]
[1023,124,128542,128881]
[1024,124,532872,533120]
[1025,80,306906,307312]
[1026,141,15253,13344]
[1027,239,9064,8789]
[1028,20,487711,488628]
[1029,228,231021,232990]
[1030,163,39826,39816]
[1031,132,290630,292286]
[1032,208,639067,641048]
[1033,5,463844,462449]
[1034,53,19230,17678]
[1035,183,484253,483015]
[1036,80,593720,595272]
[1037,1,450412,449650]
[1038,182,166400,167732]
[1039,114,676101,676515]
[1040,97,295818,295694]
[1041,183,154071,152627]
[1042,216,185328,187014]
[1043,257,712511,711542]
[1044,6,240733,241944]
[1045,31,647272,647161]
[1046,42,285086,286871]
[1047,201,221365,221199]
[1048,71,100296,100159]
[1049,243,190616,189504]
[1050,186,619685,620380]
[1051,259,328294,327152]
[1052,166,690242,690874]
[1053,207,428274,426810]
[1054,35,571165,569684]
[1055,250,282916,283796]
[1056,59,513204,511334]
[1057,102,569077,570468]
[1058,22,17371,18526]
[1059,254,238884,240024]
[1060,117,665545,663833]
[1061,41,418248,417083]
[1062,160,240569,241717]
[1063,189,672289,670596]
[1064,22,111205,112117]
[1065,37,442714,442014]
[1066,67,718296,717012]
[1067,23,125625,125161]
[1068,264,168506,170320]
[1069,75,458495,457879]
[1070,243,610923,610044]
[1071,206,237113,237404]
[1072,85,68003,67590]
[1073,273,135986,135421]
[1074,151,417141,415881]
[1075,48,542483,544459]
[1076,124,33639,34316]
[1077,190,318848,319894]
[1078,91,498219,498077]
[1079,222,412637,413803]
[1080,195,153984,153474]
[1081,17,437774,436584]
[1082,192,705378,705686]
[1083,20,105528,106670]
[1084,127,587028,586374]
[1085,203,423713,421923]
[1086,164,557160,557182]
[1087,120,533567,534091]
[1088,21,190082,188549]
[1089,18,456516,458046]
[1090,127,455973,454309]
[1091,216,277322,278567]
[1092,44,152114,153161]
[1093,83,507096,505932]
[1094,270,160515,161806]
[1095,120,53012,54971]
[1096,246,296507,297082]
[1097,122,30874,31649]
[1098,139,687273,687242]
[1099,105,440419,438876]
[1100,253,425291,423637]
[1101,147,335468,335146]
[1102,78,495492,495800]
[1103,130,614383,614955]
[1104,83,283273,281690]
[1105,203,69680,69395]
[1106,88,724789,726390]
[1107,32,162818,163447]
[1108,18,133567,134346]
[1109,165,56035,55268]
[1110,166,694115,695606]
[1111,209,572265,570296]
[1112,47,242197,241121]
[1113,264,693921,694554]
[1114,251,98292,97669]
[1115,100,82011,83229]
[1116,193,274205,273198]
[1117,169,248517,247017]
[1118,191,379353,378602]
[1119,92,17789,18678]
[1120,259,498386,496870]
[1121,231,720326,718330]
[1122,119,120346,118410]
[1123,75,380448,379767]
[1124,209,717890,716251]
[1125,82,380646,380893]
[1126,129,337306,336408]
[1127,135,26905,26691]
[1128,207,79316,78293]
[1129,218,267238,268167]
[1130,218,264610,266368]
[1131,20,182764,183793]
[1132,38,138199,139451]
[1133,215,160855,160437]
[1134,179,629229,627276]
[1135,175,125787,124952]
[1136,199,275435,274732]
[1137,54,74286,75840]
[1138,92,372693,374509]
[1139,118,87431,88914]
[1140,153,433202,432528]
[1141,12,417679,419338]
[1142,189,195154,193350]
[1143,163,378748,378646]
[1144,101,478971,478679]
[1145,36,249658,250438]
[1146,30,495520,496840]
[1147,97,593463,591812]
[1148,271,33871,33591]
[1149,179,393782,393359]
[1150,101,144854,144313]
[1151,213,4131,3983]
[1152,263,51349,50578]
[1153,94,110016,110845]
[1154,207,252862,252033]
[1155,112,303148,303559]
[1156,41,201790,200713]
[1157,209,140123,140044]
[1158,155,166768,166143]
[1159,238,676935,677035]
[1160,145,168296,167287]
[1161,26,104715,105450]
[1162,11,701275,700146]
[1163,98,397527,398140]
[1164,122,508083,509237]
[1165,37,448584,447149]
[1166,259,239918,238118]
[1167,266,188711,188920]
[1168,118,26131,27120]
[1169,114,705425,707393]
[1170,248,458558,458602]
[1171,230,419408,419423]
[1172,269,367647,366020]
[1173,107,391385,389536]
[1174,67,139387,138918]
[1175,173,487655,487384]
[1176,169,123792,123163]
[1177,125,461052,460911]
[1178,45,563011,561089]
[1179,207,638087,636826]
[1180,244,686797,687361]
[1181,133,704453,703638]
[1182,74,294174,295583]
[1183,239,25270,23934]
[1184,160,340837,342482]
[1185,168,680312,680903]
[1186,220,323190,324937]
[1187,245,521901,521179]
[1188,218,494099,495121]
[1189,53,214903,214179]
[1190,109,683778,682956]
[1191,49,455643,455612]
[1192,86,438163,439975]
[1193,252,513018,513321]
[1194,237,80837,79841]
[1195,186,179781,181099]
[1196,225,548887,547149]
[1197,265,28073,27277]
[1198,87,29808,28281]
[1199,42,116732,117812]
[1200,72,379573,380689]
[1201,187,486777,484853]
[1202,216,193594,195041]
[1203,116,57202,57945]
[1204,154,4627,4752]
[1205,90,471621,473538]
[1206,66,240186,241200]
[1207,179,567950,567196]
[1208,11,511865,511807]
[1209,130,432669,433958]
[1210,173,181958,181591]
[1211,57,298733,297758]
[1212,276,727126,727230]
[1213,209,98878,98750]
[1214,77,727882,727219]
[1215,35,307740,305991]
[1216,185,522510,521439]
[1217,157,254770,254360]
[1218,202,89780,90603]
[1219,46,676990,677084]
[1220,149,651914,650428]
[1221,163,114748,112751]
[1222,269,179631,179154]
[1223,35,646843,645193]
[1224,139,550357,549704]
[1225,69,162414,160940]
[1226,125,21792,20824]
[1227,199,225211,224468]
[1228,153,573958,573336]
[1229,163,27786,26938]
[1230,234,466978,468801]
[1231,74,520356,522095]
[1232,248,720671,721443]
[1233,128,494575,496198]
[1234,172,34245,35079]
[1235,89,177768,176871]
[1236,201,608051,606159]
[1237,260,589279,591128]
[1238,99,518624,518614]
[1239,57,278179,276229]
[1240,21,451255,449765]
[1241,190,694956,695326]
[1242,110,182906,184183]
[1243,48,571016,572610]
[1244,180,597891,598741]
[1245,219,181161,179221]
[1246,154,108432,110128]
[1247,15,192152,190230]
[1248,159,212866,212164]
[1249,63,333243,332724]
[1250,261,235452,235084]
[1251,170,433157,433346]
[1252,155,242945,242428]
[1253,7,702100,700903]
[1254,109,491141,490950]
[1255,73,434954,433432]
[1256,86,193530,194201]
[1257,212,229218,230378]
[1258,258,534825,535090]
[1259,233,559146,557500]
[1260,254,380910,380920]
[1261,146,198174,198615]
[1262,232,377418,379155]
[1263,8,318945,320077]
[1264,258,138691,138755]
[1265,253,706424,705853]
[1266,81,12662,12633]
[1267,208,114411,116367]
[1268,230,393458,394230]
[1269,270,546378,546762]
[1270,227,559455,559197]
[1271,156,161406,161668]
[1272,55,220956,220202]
[1273,143,499782,497894]
[1274,235,21476,19619]
[1275,249,136402,134446]
[1276,265,72947,71119]
[1277,165,242185,240280]
[1278,102,294780,295010]
[1279,190,362847,363378]
[1280,189,378747,378323]
[1281,267,72349,71399]
[1282,88,428136,429208]
[1283,29,680707,679414]
[1284,180,312826,312974]
[1285,257,437576,436313]
[1286,225,645027,644212]
[1287,35,215444,214625]
[1288,53,11252,10477]
[1289,276,415604,416685]
[1290,0,658190,659007]
[1291,90,407546,408329]
[1292,229,63177,61303]
[1293,37,400560,400006]
[1294,25,668561,668294]
[1295,82,290606,292544]
[1296,8,189220,190346]
[1297,117,190106,189810]
[1298,279,487200,486954]
[1299,56,722745,722995]
[1300,230,49249,49929]
[1301,26,246945,247801]
[1302,236,340668,341181]
[1303,199,323446,321660]
[1304,54,525689,526433]
[1305,145,433075,432705]
[1306,214,646920,647015]
[1307,199,432352,431779]
[1308,231,516330,516055]
[1309,55,123459,123134]
[1310,265,458682,457226]
[1311,260,433198,434249]
[1312,142,225337,226613]
[1313,52,539761,540289]
[1314,171,488389,487692]
[1315,31,656494,655070]
[1316,26,496990,497133]
[1317,115,27627,25763]
[1318,210,237302,237897]
[1319,188,483390,484309]
[1320,51,315390,314093]
[1321,242,498578,500343]
[1322,8,617790,617844]
[1323,155,236701,235530]
[1324,177,292401,292082]
[1325,19,573266,572944]
[1326,104,290215,291676]
[1327,80,711432,713229]
[1328,159,667826,666856]
[1329,269,527711,526004]
[1330,24,260476,260524]
[1331,251,212408,212398]
[1332,168,697605,698521]
[1333,141,591343,590782]
[1334,222,60330,62119]
[1335,179,231436,229776]
[1336,178,3478,4761]
[1337,245,57984,57748]
[1338,84,157492,158077]
[1339,114,538420,540330]
[1340,93,579531,578969]
[1341,238,217151,217192]
[1342,220,418390,419703]
[1343,44,217818,218008]
[1344,185,323076,322155]
[1345,36,13047,13057]
[1346,279,178302,176336]
[1347,144,19379,20796]
[1348,228,396670,396897]
[1349,114,600313,601226]
[1350,67,378581,378245]
[1351,66,661944,663468]
[1352,235,703781,703103]
[1353,0,243100,243842]
[1354,131,31677,30981]
[1355,247,122998,121648]
[1356,233,168774,167358]
[1357,123,192442,192285]
[1358,114,666396,667543]
[1359,48,652114,652501]
[1360,274,520412,520629]
[1361,187,654929,653382]
[1362,125,165340,164950]
[1363,68,359759,361244]
[1364,132,5145,5605]
[1365,256,68457,68988]
[1366,54,388937,390082]
[1367,213,201986,201891]
[1368,216,354799,354882]
[1369,125,24452,24095]
[1370,111,98975,97293]
[1371,89,202097,201621]
[1372,154,288964,290635]
[1373,65,379243,377371]
[1374,3,547173,545775]
[1375,25,542823,542790]
[1376,67,216634,214796]
[1377,129,80034,79219]
[1378,207,406655,406395]
[1379,246,132788,133891]
[1380,15,485242,483739]
[1381,18,256267,258052]
[1382,115,606517,604735]
[1383,154,328829,329426]
[1384,203,130504,129671]
[1385,167,17026,15894]
[1386,73,278818,278804]
[1387,5,500393,499051]
[1388,115,409200,408569]
[1389,267,153309,152908]
[1390,15,615278,613719]
[1391,133,175548,175369]
[1392,154,200966,202109]
[1393,188,716231,717275]
[1394,44,695574,696565]
[1395,71,180421,178747]
[1396,33,36877,36335]
[1397,37,1205,118]
[1398,166,412731,413525]
[1399,129,503258,502633]
[1400,217,149100,147656]
[1401,177,110317,109841]
[1402,186,428926,430027]
[1403,78,225175,226642]
[1404,243,610352,610004]
[1405,62,362090,362941]
[1406,195,504711,503210]
[1407,1,327320,326782]
[1408,36,228954,228972]
[1409,261,155466,153705]
[1410,68,195262,196904]
[1411,116,513548,515421]
[1412,210,397317,399215]
[1413,244,339231,341007]
[1414,84,430876,431347]
[1415,33,18892,18161]
[1416,12,325228,326136]
[1417,57,239730,239245]
[1418,122,486512,486586]
[1419,276,124656,126547]
[1420,70,704421,705659]
[1421,72,288375,290360]
[1422,195,215076,214654]
[1423,262,717599,717980]
[1424,120,189435,190817]
[1425,15,442669,441255]
[1426,266,650969,651376]
[1427,241,658601,658325]
[1428,191,113992,113139]
[1429,246,549840,551042]
[1430,104,427730,428983]
[1431,1,559775,559126]
[1432,44,333169,334847]
[1433,79,325689,324983]
[1434,84,379432,379901]
[1435,130,334411,334790]
[1436,9,272539,270981]
[1437,234,557500,559470]
[1438,103,398796,397527]
[1439,203,518254,516326]
[1440,155,674904,674821]
[1441,50,355846,357109]
[1442,97,264464,262662]
[1443,99,633475,631493]
[1444,92,668299,669338]
[1445,51,103256,102631]
[1446,226,248419,249484]
[1447,160,527866,528165]
[1448,21,243206,242096]
[1449,189,516393,515254]
[1450,167,325265,325074]
[1451,47,98743,98043]
[1452,3,39365,37888]
[1453,123,702149,701536]
[1454,161,237600,236167]
[1455,103,627776,626917]
[1456,193,36329,35950]
[1457,87,636650,636458]
[1458,67,360898,359314]
[1459,233,360926,359532]
[1460,103,3559,2819]
[1461,146,536379,536613]
[1462,56,383716,385141]
[1463,272,680651,682097]
[1464,212,76532,77235]
[1465,36,495293,495449]
[1466,251,209428,208424]
[1467,187,538362,537337]
[1468,51,726375,724950]
[1469,220,209330,210615]
[1470,34,415446,416554]
[1471,132,242120,243161]
[1472,93,147980,146893]
[1473,111,358358,356916]
[1474,234,132536,132968]
[1475,121,678212,676500]
[1476,91,725306,724446]
[1477,49,378298,377566]
[1478,211,308151,306977]
[1479,262,373112,373463]
[1480,138,720975,722250]
[1481,212,254935,255161]
[1482,47,145330,143502]
[1483,8,412403,412643]
[1484,100,35315,36974]
[1485,195,306549,305510]
[1486,4,299268,299888]
[1487,96,469296,471147]
[1488,171,44452,43926]
[1489,108,75218,75422]
[1490,182,489758,491356]
[1491,64,625954,627220]
[1492,170,666598,667388]
[1493,265,94890,93515]
[1494,273,215345,214632]
[1495,168,189083,190928]
[1496,10,681049,682580]
[1497,134,316269,316338]
[1498,27,345345,344475]
[1499,217,544501,543193]
[1500,74,304116,305470]
[1501,159,512211,511880]
[1502,219,98686,98337]
[1503,69,383097,382304]
[1504,229,156431,156306]
[1505,252,378614,379396]
[1506,145,585430,584573]
[1507,121,680798,679813]
[1508,74,11350,13216]
[1509,162,290740,290771]
[1510,251,15528,13839]
[1511,149,232141,231000]
[1512,274,510724,510981]
[1513,113,611615,610098]
[1514,175,369441,367708]
[1515,201,680754,680486]
[1516,22,510959,511868]
[1517,177,262762,262409]
[1518,95,6408,5936]
[1519,23,375323,373888]
[1520,111,351614,350704]
[1521,137,293531,293461]
[1522,121,425167,424113]
[1523,256,165203,165255]
[1524,119,674879,673434]
[1525,234,598263,598382]
[1526,56,430826,432724]
[1527,229,39706,38378]
[1528,120,353548,354088]
[1529,69,689862,688742]
[1530,277,483741,483105]
[1531,241,382127,380232]
[1532,149,467190,465387]
[1533,219,455232,453894]
[1534,147,497090,496050]
[1535,225,81069,79140]
[1536,155,289379,289259]
[1537,219,304751,302853]
[1538,234,531939,533205]
[1539,22,590264,590602]
[1540,86,243779,245708]
[1541,106,424682,425637]
[1542,247,582691,580860]
[1543,245,511746,511207]
[1544,221,560646,559821]
[1545,31,712465,710901]
[1546,168,722353,723512]
[1547,189,150546,148812]
[1548,222,685995,686265]
[1549,207,377473,375842]
[1550,192,701806,703327]
[1551,160,260536,262068]
[1552,229,676969,676916]
[1553,255,9248,8321]
[1554,2,629115,630965]
[1555,88,711502,712548]
[1556,91,699328,697846]
[1557,137,665504,664326]
[1558,172,583479,585066]
[1559,257,24437,23482]
[1560,75,204482,204315]
[1561,10,302696,304530]
[1562,12,473375,474133]
[1563,165,249780,248275]
[1564,255,659116,658242]
[1565,173,206006,204967]
[1566,120,10652,12629]
[1567,177,510116,508992]
[1568,255,575809,575503]
[1569,105,681027,680712]
[1570,256,587497,588903]
[1571,23,655477,653864]
[1572,75,3321,2823]
[1573,8,714741,716686]
[1574,45,460983,460193]
[1575,272,471495,471557]
[1576,92,474283,475739]
[1577,159,594380,593856]
[1578,189,102052,101368]
[1579,60,664072,665512]
[1580,176,539909,540307]
[1581,218,462036,462252]
[1582,117,71834,70341]
[1583,247,646856,645531]
[1584,9,99673,97872]
[1585,122,37850,39546]
[1586,168,468643,469367]
[1587,108,5498,7133]
[1588,91,410143,409269]
[1589,16,147738,148401]
[1590,65,655065,654475]
[1591,76,313823,314864]
[1592,175,603678,602829]
[1593,33,665980,664279]
[1594,190,308398,308944]
[1595,177,538624,538549]
[1596,275,69729,68989]
[1597,85,446413,445538]
[1598,29,244805,243605]
[1599,47,699754,698356]
[1600,167,616841,615651]
[1601,93,688442,687836]
[1602,37,339605,338241]
[1603,227,262558,262518]
[1604,223,260156,259253]
[1605,151,468465,468311]
[1606,19,118171,118068]
[1607,175,694198,693487]
[1608,248,711831,712862]
[1609,275,389897,388758]
[1610,31,246762,246611]
[1611,68,171927,173356]
[1612,125,643252,641896]
[1613,27,528043,526046]
[1614,37,592432,591326]
[1615,213,332273,330764]
[1616,257,730567,728874]
[1617,222,153033,153215]
[1618,96,411604,413100]
[1619,151,281690,281123]
[1620,260,383091,384288]
[1621,227,247267,246828]
[1622,158,528110,530071]
[1623,172,497492,497538]
[1624,153,312398,312258]
[1625,19,715819,714960]
[1626,250,94216,94690]
[1627,241,322274,321042]
[1628,113,390018,388283]
[1629,193,524219,522545]
[1630,61,611129,610498]
[1631,126,666435,667712]
[1632,100,141139,141771]
[1633,260,307250,309245]
[1634,119,302331,301013]
[1635,28,444822,446709]
[1636,177,1412,1263]
[1637,255,531503,529730]
[1638,116,164297,164895]
[1639,73,70260,69080]
[1640,269,599886,598974]
[1641,141,252114,251364]
[1642,9,199818,198857]
[1643,91,503441,502821]
[1644,279,625367,624620]
[1645,185,387853,387433]
[1646,182,178310,178791]
[1647,216,639093,639885]
[1648,157,358946,358344]
[1649,159,398701,396723]
[1650,82,705367,706726]
[1651,247,657002,656850]
[1652,263,461714,460945]
[1653,52,377524,379196]
[1654,227,533718,533168]
[1655,226,177749,179010]
[1656,191,190513,189629]
[1657,165,229703,228679]
[1658,208,199418,199911]
[1659,279,17727,17108]
[1660,173,591288,590238]
[1661,273,595795,594319]
[1662,110,341807,343703]
[1663,2,344456,346138]
[1664,202,467016,468487]
[1665,238,244146,245712]
[1666,48,355139,357060]
[1667,87,284438,282465]
[1668,177,678438,677099]
[1669,180,671041,671561]
[1670,129,474845,473340]
[1671,160,704245,704849]
[1672,143,653456,651834]
[1673,53,415964,415145]
[1674,13,439036,437460]
[1675,265,243464,242743]
[1676,125,223313,222074]
[1677,137,696244,696186]
[1678,144,205121,206634]
[1679,174,213280,213473]
[1680,271,274328,273940]
[1681,0,667044,668268]
[1682,272,96941,97638]
[1683,163,26883,25374]
[1684,222,204283,205180]
[1685,132,208861,210109]
[1686,111,214925,214155]
[1687,187,679612,677831]
[1688,256,90352,90624]
[1689,137,509107,507844]
[1690,38,707643,708395]
[1691,93,444213,442890]
[1692,33,222985,222245]
[1693,151,234055,232698]
[1694,168,420977,421540]
[1695,204,548705,549272]
[1696,43,482984,481705]
[1697,254,712318,712854]
[1698,269,277389,277131]
[1699,20,131854,132005]
[1700,50,558791,559185]
[1701,279,226854,225992]
[1702,128,723114,724887]
[1703,264,301270,302483]
[1704,249,213293,212854]
[1705,108,320422,320916]
[1706,11,414383,413579]
[1707,16,395589,396438]
[1708,95,285837,285827]
[1709,22,623959,625308]
[1710,9,612157,610568]
[1711,133,55302,53719]
[1712,215,519291,519244]
[1713,258,60034,61132]
[1714,80,4865,5345]
[1715,218,9605,10900]
[1716,27,18256,16388]
[1717,114,680595,681208]
[1718,101,405035,403468]
[1719,235,220297,219166]
[1720,173,180788,179071]
[1721,209,547225,545983]
[1722,119,188308,188085]
[1723,45,424143,423425]
[1724,53,53496,52544]
[1725,169,161566,160779]
[1726,69,539586,538301]
[1727,183,513850,513619]
[1728,47,543687,542012]
[1729,250,206523,208418]
[1730,188,208975,209709]
[1731,173,701147,700726]
[1732,64,437287,438397]
[1733,204,515153,515660]
[1734,35,429477,427843]
[1735,166,714568,716117]
[1736,116,211586,212939]
[1737,68,292578,293368]
[1738,184,403691,404441]
[1739,226,137362,139074]
[1740,268,202169,202309]
[1741,25,516334,515995]
[1742,267,467942,466647]
[1743,24,508095,508282]
[1744,239,460645,459208]
[1745,92,718247,718375]
[1746,33,542005,540171]
[1747,32,597701,599358]
[1748,10,715138,716231]
[1749,199,452252,450499]
[1750,33,335627,334839]
[1751,149,555326,554515]
[1752,267,357106,356110]
[1753,120,563089,564453]
[1754,226,714332,715861]
[1755,99,597260,595312]
[1756,144,508426,508929]
[1757,153,383837,382671]
[1758,231,407516,406985]
[1759,255,145146,144968]
[1760,2,394093,395154]
[1761,135,248842,247577]
[1762,161,395334,394734]
[1763,99,266645,266474]
[1764,87,275595,275471]
[1765,149,720988,720402]
[1766,109,165501,165429]
[1767,44,706855,708332]
[1768,67,394550,393173]
[1769,20,493704,494878]
[1770,9,680365,678824]
[1771,245,574612,572743]
[1772,6,204163,205676]
[1773,193,663493,662657]
[1774,25,386775,386367]
[1775,159,627828,626526]
[1776,48,85582,86898]
[1777,36,367211,367453]
[1778,223,68876,67917]
[1779,208,75155,75565]
[1780,110,75389,77384]
[1781,93,397109,397009]
[1782,67,508916,507695]
[1783,93,707879,706888]
[1784,189,580755,579291]
[1785,256,112216,112966]
[1786,257,619587,618296]
[1787,106,140161,142128]
[1788,141,492172,491904]
[1789,208,112334,112508]
[1790,208,679491,679988]
[1791,241,79297,77968]
[1792,180,464736,466527]
[1793,167,459603,458506]
[1794,243,246023,244170]
[1795,31,438542,436627]
[1796,217,630618,630582]
[1797,156,191447,193372]
[1798,28,545410,547154]
[1799,159,667134,665369]
[1800,66,208933,210033]
[1801,267,344390,342753]
[1802,1,527640,526006]
[1803,118,695405,696370]
[1804,71,359846,359372]
[1805,40,533584,533626]
[1806,152,558090,558358]
[1807,278,550566,552356]
[1808,5,474891,474607]
[1809,102,624942,626521]
[1810,210,108462,109014]
[1811,174,238056,238687]
[1812,207,397702,396023]
[1813,198,706826,708599]
[1814,135,78868,76893]
[1815,135,297893,296750]
[1816,14,570709,571584]
[1817,190,303149,304415]
[1818,154,211676,213138]
[1819,241,38881,37738]
[1820,267,11456,9663]
[1821,83,26119,24159]
[1822,179,270497,269672]
[1823,48,428624,430208]
[1824,177,356315,355258]
[1825,199,223518,222840]
[1826,189,25315,23463]
[1827,115,392081,390636]
[1828,268,185822,186777]
[1829,64,384631,386579]
[1830,189,525810,524600]
[1831,153,63216,62809]
[1832,174,463703,465289]
[1833,113,158040,157196]
[1834,132,552736,554461]
[1835,171,156387,155975]
[1836,219,156270,155032]
[1837,240,462372,464365]
[1838,21,500055,499501]
[1839,248,36814,38688]
[1840,74,429020,430592]
[1841,24,229466,230573]
[1842,141,277699,277193]
[1843,155,723636,722032]
[1844,68,387692,388924]
[1845,75,616403,615922]
[1846,217,190646,189899]
[1847,202,623825,623933]
[1848,99,243310,243211]
[1849,167,303299,303089]
[1850,61,696839,695236]
[1851,149,288041,286149]
[1852,8,57484,57654]
[1853,169,104223,103795]
[1854,149,219373,217544]
[1855,51,97969,96511]
[1856,82,672651,674332]
[1857,89,525902,524877]
[1858,45,612125,611711]
[1859,255,566451,564470]
[1860,229,522502,521915]
[1861,101,128764,127591]
[1862,213,378839,377272]
[1863,84,625417,627201]
[1864,275,540478,539580]
[1865,209,117233,116902]
[1866,102,120826,121848]
[1867,206,107861,109104]
[1868,59,299552,298666]
[1869,94,530555,531804]
[1870,30,311898,313066]
[1871,172,121896,123889]
[1872,95,560475,558720]
[1873,76,672248,673020]
[1874,161,298277,296700]
[1875,222,566641,567229]
[1876,278,636229,638100]
[1877,198,264631,266316]
[1878,203,74396,73709]
[1879,11,596703,596270]
[1880,73,159549,158260]
[1881,154,285516,286448]
[1882,56,291101,291704]
[1883,95,598682,598613]
[1884,219,461500,460739]
[1885,60,101894,102429]
[1886,125,384147,382619]
[1887,199,576699,575905]
[1888,165,671417,669505]
[1889,267,499985,498043]
[1890,201,56645,55518]
[1891,160,244845,245344]
[1892,230,289244,290711]
[1893,249,336064,335369]
[1894,105,283472,283189]
[1895,40,678816,679182]
[1896,248,404420,405798]
[1897,70,54361,56019]
[1898,40,186566,188175]
[1899,235,399541,399277]
[1900,206,193502,194409]
[1901,263,590760,589631]
[1902,148,488649,489258]
[1903,94,139526,140188]
[1904,222,641528,643429]
[1905,114,350654,350841]
[1906,73,266403,264801]
[1907,49,164158,164033]
[1908,55,31274,29402]
[1909,147,275978,275689]
[1910,92,307179,307737]
[1911,53,602523,601010]
[1912,102,682979,684552]
[1913,21,91382,90220]
[1914,241,355446,353863]
[1915,182,704433,704767]
[1916,207,163625,163576]
[1917,23,420108,418997]
[1918,97,481985,480505]
[1919,144,350419,352380]
[1920,69,461098,459693]
[1921,54,409217,409825]
[1922,181,451725,450913]
[1923,116,357790,358662]
[1924,102,655380,657035]
[1925,273,256371,254923]
[1926,247,296426,294836]
[1927,67,320165,319059]
[1928,120,613162,614714]
[1929,232,505267,506565]
[1930,57,550653,550640]
[1931,176,284074,284755]
[1932,156,673681,673940]
[1933,127,177507,176480]
[1934,229,296113,295178]
[1935,190,541020,541466]
[1936,188,41897,42526]
[1937,104,559370,560430]
[1938,30,423608,424279]
[1939,83,227830,226560]
[1940,208,352205,353823]
[1941,97,348334,347798]
[1942,249,236018,235174]
[1943,193,535614,534482]
[1944,257,406769,406650]
[1945,34,294516,296046]
[1946,43,529118,527585]
[1947,87,83401,81819]
[1948,254,37844,38855]
[1949,92,456443,458289]
[1950,172,162171,163510]
[1951,158,663523,665494]
[1952,213,688185,687526]
[1953,196,215958,216522]
[1954,11,473865,472239]
[1955,93,40531,40072]
[1956,222,301796,301950]
[1957,114,342503,343514]
[1958,166,586117,587682]
[1959,226,699330,701036]
[1960,202,689483,690144]
[1961,10,569333,571263]
[1962,273,27182,26442]
[1963,215,304747,303826]
[1964,22,602543,603852]
[1965,256,84371,84398]
[1966,252,517889,519608]
[1967,48,581663,581953]
[1968,127,260610,259523]
[1969,266,271391,271781]
[1970,67,461619,459707]
[1971,56,45031,46088]
[1972,174,242663,243942]
[1973,193,655461,654353]
[1974,189,596479,595937]
[1975,184,17842,19592]
[1976,106,585020,585659]
[1977,245,661437,661362]
[1978,43,116967,115634]
[1979,143,52311,52301]
[1980,206,27476,27750]
[1981,123,706597,705573]
[1982,271,334932,332959]
[1983,254,145226,146511]
[1984,7,579286,577698]
[1985,183,232340,230389]
[1986,55,337144,335400]
[1987,265,266185,264442]
[1988,209,213270,211956]
[1989,101,456386,454725]
[1990,92,244371,246172]
[1991,107,181954,179978]
[1992,30,183905,185848]
[1993,44,379363,379904]
[1994,256,100481,101378]
[1995,243,408929,407677]
[1996,74,390948,391516]
[1997,36,114499,115467]
[1998,67,703015,701121]
[1999,13,51798,51788]
[2000,53,650162,648451]
