["head":"wrap","lpos","status"]
[166,93873,1]
["io count"]
[100]
["io":"id","wrap","startLpos","endLpos"]
[1,232,1,496]
[2,261,1829,2]
[3,270,1,479]
[4,235,1402,1]
[5,119,1035,1]
[6,155,1429,1]
[7,183,205,1]
[8,138,1,1054]
[9,250,1,1483]
[10,19,1660,2]
[11,213,606,1]
[12,276,1,265]
[13,142,1,1484]
[14,73,260,1]
[15,82,1,975]
[16,257,332,2]
[17,96,1,1352]
[18,0,1,1374]
[19,116,1,769]
[20,164,1,287]
[21,252,1,454]
[22,55,930,1]
[23,240,1,633]
[24,19,44,1]
[25,52,1,1106]
[26,165,732,1]
[27,2,2,1969]
[28,238,1,808]
[29,169,503,1]
[30,90,1,699]
[31,174,1,1444]
[32,9,1351,1]
[33,218,2,879]
[34,219,1922,1]
[35,226,2,1105]
[36,37,1914,2]
[37,75,1702,1]
[38,59,1660,1]
[39,140,1,966]
[40,120,1,1184]
[41,254,1,1318]
[42,5,1923,1]
[43,108,1,1800]
[44,132,1,801]
[45,150,1,1126]
[46,144,1,1484]
[47,63,1886,1]
[48,266,1,500]
[49,166,1,604]
[50,15,524,1]
[51,133,240465,239513]
[52,3,716247,714715]
[53,98,562490,563645]
[54,137,153597,152602]
[55,204,426667,427656]
[56,131,320842,320603]
[57,128,447277,448591]
[58,38,233257,235054]
[59,3,82667,81574]
[60,212,228186,228551]
[61,89,725815,724575]
[62,275,121291,120848]
[63,61,339060,337466]
[64,94,463288,464801]
[65,146,27036,28582]
[66,211,186141,184635]
[67,129,635594,634380]
[68,34,101790,102996]
[69,87,13997,13173]
[70,141,503547,502798]
[71,188,635011,635886]
[72,215,260261,259163]
[73,36,289264,289812]
[74,6,629058,629086]
[75,145,681242,679610]
[76,226,328600,330274]
[77,3,712274,710763]
[78,188,508792,510661]
[79,192,549378,549551]
[80,125,421308,421194]
[81,256,98127,98871]
[82,180,588808,590285]
[83,1,78301,76302]
[84,135,244837,244586]
[85,240,411418,412243]
[86,232,453863,454851]
[87,181,334443,333953]
[88,188,592567,592706]
[89,161,182118,180981]
[90,76,308194,309778]
[91,156,587286,588142]
[92,188,399578,400307]
[93,98,180445,180824]
[94,239,8303,7852]
[95,54,180003,180245]
[96,209,182431,182153]
[97,81,449197,448888]
[98,216,190948,192756]
[99,119,384030,382194]
[100,226,277204,278689]
