["head":"wrap","lpos","status"]
[47,210914,1]
["io count"]
[400]
["io":"id","wrap","startLpos","endLpos"]
[1,40,617689,619573]
[2,3,421773,419933]
[3,141,486779,485087]
[4,17,544578,544258]
[5,217,680548,680183]
[6,182,164713,166064]
[7,50,190985,192953]
[8,267,271209,270065]
[9,114,268994,270421]
[10,147,99618,99181]
[11,273,119430,118868]
[12,78,632537,633111]
[13,240,110876,111916]
[14,110,486810,488600]
[15,221,10723,10015]
[16,171,199392,197662]
[17,92,168958,170524]
[18,72,531314,531931]
[19,226,436140,437150]
[20,241,32760,32090]
[21,136,426511,426576]
[22,69,136880,135168]
[23,251,511064,509942]
[24,133,346517,345920]
[25,78,654106,656092]
[26,109,538136,537245]
[27,63,357509,357356]
[28,121,324281,322806]
[29,262,576274,576764]
[30,212,245663,247647]
[31,48,197595,199458]
[32,158,290275,290649]
[33,200,558546,558722]
[34,209,571230,569675]
[35,70,175107,175802]
[36,146,498089,498630]
[37,118,98378,99284]
[38,178,128935,129950]
[39,16,623948,623985]
[40,108,529249,529935]
[41,171,176883,175431]
[42,155,450052,449453]
[43,41,560575,559315]
[44,217,372698,371854]
[45,51,136750,136009]
[46,94,558451,558771]
[47,95,596013,595439]
[48,231,398842,398535]
[49,224,578761,579699]
[50,188,318276,320212]
[51,40,364363,365340]
[52,199,113220,112217]
[53,240,371407,373055]
[54,241,472927,472475]
[55,34,517629,519230]
[56,16,32365,34000]
[57,158,166487,167830]
[58,182,332985,333091]
[59,210,293955,295417]
[60,137,54591,52758]
[61,18,213102,213544]
[62,136,398847,400172]
[63,13,203507,203299]
[64,254,614804,615422]
[65,196,582480,583712]
[66,63,363422,362167]
[67,7,119858,118699]
[68,18,601882,602372]
[69,64,835,1457]
[70,41,161472,159923]
[71,131,359874,358698]
[72,206,384997,385072]
[73,216,542025,542173]
[74,188,388570,389358]
[75,99,422321,421402]
[76,143,330154,329264]
[77,12,378514,379623]
[78,18,476510,478356]
[79,105,274197,272648]
[80,228,367769,367816]
[81,159,450373,448591]
[82,92,159311,160190]
[83,274,339931,341333]
[84,231,557498,555715]
[85,198,359300,360631]
[86,133,645476,644121]
[87,147,297100,295330]
[88,206,179550,180224]
[89,39,333407,331945]
[90,93,687385,685801]
[91,125,378523,377664]
[92,243,550433,548529]
[93,114,311235,312144]
[94,209,337155,335736]
[95,117,462175,461300]
[96,108,365226,365719]
[97,30,364350,365376]
[98,0,284873,285259]
[99,223,448084,447101]
[100,213,266402,264753]
[101,81,172409,170474]
[102,170,196911,197071]
[103,111,650458,648734]
[104,75,339648,339212]
[105,19,423239,421939]
[106,163,28316,27321]
[107,31,204604,202926]
[108,116,463902,464311]
[109,89,437208,436015]
[110,144,191085,192312]
[111,233,238308,237500]
[112,268,519609,520585]
[113,132,527051,527509]
[114,83,292274,292063]
[115,137,530271,529160]
[116,222,57955,59744]
[117,125,333217,331651]
[118,26,310297,311530]
[119,76,274360,275175]
[120,111,209459,208079]
[121,61,571911,571094]
[122,138,248340,250015]
[123,160,139601,141238]
[124,39,262297,262219]
[125,244,592904,593998]
[126,17,205511,204999]
[127,79,602855,602284]
[128,136,433031,433152]
[129,155,696900,695650]
[130,69,285244,283690]
[131,187,645295,645173]
[132,263,212855,211669]
[133,210,356677,356743]
[134,118,398939,399137]
[135,59,155147,153173]
[136,186,338149,339516]
[137,10,437121,438314]
[138,142,299184,300836]
[139,120,462967,463095]
[140,181,283050,282663]
[141,11,179534,178303]
[142,221,387913,386976]
[143,93,289341,287626]
[144,213,330573,328883]
[145,143,607536,606036]
[146,199,434268,433442]
[147,237,167480,165649]
[148,243,332772,331354]
[149,244,544560,544971]
[150,76,280734,281381]
[151,266,482576,483727]
[152,23,500718,499490]
[153,17,558793,558119]
[154,81,323592,322804]
[155,22,169878,171184]
[156,270,350522,350642]
[157,216,70956,72608]
[158,112,349223,351100]
[159,266,391244,391485]
[160,263,469961,468707]
[161,272,499378,501161]
[162,121,285075,284635]
[163,141,400160,398310]
[164,243,515045,514132]
[165,139,652098,651684]
[166,205,475271,473702]
[167,74,96548,96655]
[168,228,432064,432482]
[169,195,561708,560011]
[170,148,213228,214074]
[171,266,178691,180341]
[172,244,239174,240160]
[173,145,342519,341958]
[174,251,461823,460131]
[175,174,277541,278379]
[176,246,302706,304445]
[177,111,369365,367842]
[178,239,237209,236952]
[179,51,267717,267567]
[180,158,644425,644947]
[181,88,609711,611471]
[182,166,603112,604842]
[183,202,318571,319767]
[184,45,517624,517076]
[185,132,467379,468415]
[186,166,133169,134486]
[187,115,579002,578450]
[188,16,113559,114472]
[189,180,392802,394712]
[190,210,394506,396312]
[191,182,506318,507014]
[192,239,581140,580514]
[193,205,435190,434591]
[194,246,224565,225463]
[195,23,299599,298060]
[196,201,175503,174138]
[197,262,334074,334541]
[198,165,439138,437140]
[199,56,329504,329640]
[200,141,152347,151830]
[201,260,512775,513619]
[202,104,359319,361105]
[203,248,325627,327130]
[204,271,173141,171384]
[205,240,169481,171311]
[206,210,340464,340806]
[207,86,713893,715741]
[208,124,311679,313384]
[209,178,186034,186985]
[210,197,124303,123953]
[211,36,425835,426063]
[212,173,446159,445448]
[213,39,256243,256163]
[214,218,328240,330016]
[215,223,421139,419528]
[216,49,75659,74191]
[217,150,188307,189400]
[218,228,615955,616470]
[219,133,475025,474292]
[220,119,149750,148394]
[221,261,275812,275139]
[222,229,663300,661870]
[223,170,521393,523375]
[224,137,337288,336016]
[225,83,320902,320222]
[226,129,536089,534216]
[227,224,537598,538588]
[228,92,320255,321403]
[229,196,576865,577089]
[230,242,534926,536052]
[231,231,694844,694827]
[232,56,540460,541880]
[233,14,377678,378942]
[234,85,588337,586817]
[235,141,159395,157865]
[236,251,437157,436063]
[237,119,301453,301239]
[238,186,191645,193023]
[239,22,287318,288117]
[240,177,423381,421864]
[241,234,426487,426568]
[242,175,384839,383460]
[243,227,461304,460724]
[244,55,24964,24451]
[245,240,217298,218454]
[246,277,128629,128438]
[247,31,380023,378041]
[248,20,200143,200392]
[249,267,308599,307893]
[250,177,385503,384788]
[251,234,360939,362896]
[252,260,306098,307830]
[253,29,170124,169627]
[254,129,630237,629946]
[255,30,422203,423207]
[256,136,77753,78931]
[257,29,268621,268104]
[258,255,472255,470261]
[259,270,187120,187798]
[260,99,376049,375308]
[261,68,355823,356943]
[262,163,268578,267883]
[263,117,290439,290278]
[264,56,313991,314727]
[265,34,707378,707945]
[266,231,353499,351808]
[267,62,365954,367784]
[268,107,316366,315232]
[269,111,323778,322356]
[270,53,112233,111251]
[271,32,459848,460499]
[272,208,183220,184723]
[273,193,229590,229229]
[274,174,143878,145110]
[275,226,405721,406089]
[276,18,612425,613942]
[277,81,357120,355345]
[278,213,422130,421780]
[279,196,328235,328354]
[280,35,337362,336528]
[281,136,169321,170387]
[282,172,399204,399280]
[283,81,239048,238482]
[284,51,395760,393845]
[285,99,297315,296595]
[286,255,401735,400165]
[287,120,134391,135484]
[288,153,34867,33630]
[289,173,122586,120669]
[290,165,615062,614939]
[291,248,334122,336100]
[292,150,348059,349448]
[293,39,462148,461330]
[294,268,63383,63874]
[295,69,112030,111904]
[296,113,507047,505661]
[297,21,565228,565045]
[298,93,131303,130995]
[299,24,477957,478477]
[300,193,635476,633519]
[301,140,472278,473568]
[302,151,440900,439377]
[303,198,399372,401184]
[304,241,269318,269308]
[305,262,230850,231957]
[306,20,243868,244048]
[307,215,413226,411705]
[308,59,188470,187587]
[309,254,365761,366292]
[310,108,452684,454676]
[311,6,573211,574928]
[312,109,103976,102027]
[313,188,249640,250061]
[314,192,2218,2501]
[315,140,521465,521681]
[316,171,392285,391144]
[317,192,484336,484541]
[318,274,661914,663224]
[319,58,291271,291649]
[320,10,384484,384958]
[321,49,655712,653927]
[322,1,415092,414736]
[323,30,43147,43363]
[324,215,378065,377461]
[325,219,247231,246384]
[326,224,468219,468913]
[327,29,400799,400457]
[328,20,437443,438825]
[329,87,326663,325661]
[330,214,575041,576255]
[331,213,428904,427565]
[332,250,451643,452288]
[333,260,525325,526414]
[334,136,131323,132826]
[335,137,120894,120245]
[336,71,409158,408961]
[337,223,447174,445490]
[338,7,41249,41079]
[339,191,308673,307593]
[340,8,416212,416779]
[341,117,438420,437905]
[342,92,251274,252423]
[343,7,556485,555969]
[344,86,479439,480375]
[345,110,370487,372271]
[346,248,424104,425188]
[347,93,95457,95380]
[348,169,443720,441731]
[349,207,675652,675258]
[350,93,423967,423160]
[351,168,414096,414912]
[352,224,398428,398960]
[353,60,51625,52788]
[354,240,580416,581448]
[355,256,22197,23333]
[356,1,364920,364558]
[357,253,144216,142490]
[358,82,46987,48817]
[359,40,424640,424737]
[360,133,505821,504741]
[361,51,133699,132655]
[362,180,417492,419280]
[363,122,284662,286387]
[364,238,183235,183720]
[365,111,710436,709144]
[366,254,141446,142172]
[367,156,466239,466921]
[368,96,328584,329560]
[369,37,146288,145039]
[370,23,288004,286242]
[371,165,279898,278003]
[372,193,553090,551326]
[373,240,401431,402694]
[374,68,299723,300486]
[375,56,382529,383229]
[376,144,363456,364503]
[377,23,314352,312505]
[378,12,520868,521997]
[379,180,116858,118247]
[380,82,476317,476911]
[381,138,80032,81968]
[382,106,357867,358072]
[383,152,710911,712037]
[384,177,122122,120671]
[385,80,196639,198228]
[386,37,184521,184259]
[387,239,191550,191385]
[388,154,320437,322104]
[389,172,125008,125452]
[390,51,363082,362820]
[391,156,485985,486732]
[392,269,322803,320963]
[393,193,198372,197969]
[394,177,267984,267159]
[395,34,373747,374072]
[396,277,417001,416954]
[397,25,210815,209264]
[398,64,284888,285896]
[399,173,392056,390681]
[400,261,438476,437676]
