["head":"wrap","lpos","status"]
[118,471441,1]
["io count"]
[1000]
["io":"id","wrap","startLpos","endLpos"]
[1,134,648679,649047]
[2,22,547991,549641]
[3,118,555954,557601]
[4,42,342247,344219]
[5,155,153889,153646]
[6,186,30235,31152]
[7,265,235606,234611]
[8,94,27054,28150]
[9,142,505817,506951]
[10,245,488994,488681]
[11,70,313811,314669]
[12,181,561307,559714]
[13,46,390747,391245]
[14,98,29057,30689]
[15,221,99373,98263]
[16,11,142671,140999]
[17,177,245538,244697]
[18,213,40103,38135]
[19,228,441127,441218]
[20,126,373289,373647]
[21,199,450429,450125]
[22,45,316427,315185]
[23,172,617969,619678]
[24,243,332055,331006]
[25,246,11229,12419]
[26,120,636462,637250]
[27,76,478367,480092]
[28,237,600909,599965]
[29,70,693839,694315]
[30,23,38044,37114]
[31,123,173302,171366]
[32,144,46177,47373]
[33,18,307386,307967]
[34,127,631662,629727]
[35,81,60672,59503]
[36,142,344896,346072]
[37,113,92724,91520]
[38,270,563429,563593]
[39,147,613665,613392]
[40,48,31558,31897]
[41,102,354612,355441]
[42,99,175660,174529]
[43,112,694348,696280]
[44,268,688093,689773]
[45,273,448670,447554]
[46,263,711062,709667]
[47,197,253106,251402]
[48,8,654528,656485]
[49,114,316817,318180]
[50,260,171907,173702]
[51,231,686173,685858]
[52,184,498791,500458]
[53,72,47320,48357]
[54,141,634911,634535]
[55,189,512370,511302]
[56,170,440988,441568]
[57,139,535414,533897]
[58,3,185548,184755]
[59,131,439277,437753]
[60,74,593853,594198]
[61,194,39448,41171]
[62,151,96953,95141]
[63,220,614138,615680]
[64,161,451427,450771]
[65,195,387406,387306]
[66,234,181002,181713]
[67,148,215110,216943]
[68,266,636183,637487]
[69,87,308619,307392]
[70,210,46969,47075]
[71,145,655892,653897]
[72,22,148263,148672]
[73,84,602315,603904]
[74,174,642806,644734]
[75,181,354927,354838]
[76,20,436277,436982]
[77,111,386050,384375]
[78,16,455491,455636]
[79,143,624335,623321]
[80,51,206716,205678]
[81,208,644253,646193]
[82,116,413843,415525]
[83,88,83909,84966]
[84,180,165482,166812]
[85,181,434526,434468]
[86,202,174555,174680]
[87,250,95801,97711]
[88,106,117986,119913]
[89,132,615907,616825]
[90,237,440774,438988]
[91,241,702708,702435]
[92,61,252991,251998]
[93,175,436157,434207]
[94,115,438472,436657]
[95,165,450495,448845]
[96,153,43189,43139]
[97,83,547503,546977]
[98,222,691239,692722]
[99,144,389778,391133]
[100,73,142125,140372]
[101,180,548879,550820]
[102,185,6685,5335]
[103,121,239459,239297]
[104,121,670460,668930]
[105,50,428916,430546]
[106,182,623429,624032]
[107,255,441390,440802]
[108,14,599655,600960]
[109,205,641887,641139]
[110,91,235951,233997]
[111,254,89633,90328]
[112,23,526867,525826]
[113,15,322646,321010]
[114,147,94141,92389]
[115,262,429978,430349]
[116,271,26340,26293]
[117,65,147808,145931]
[118,238,574667,575300]
[119,183,10792,8818]
[120,180,221137,222284]
[121,239,16001,15582]
[122,260,727161,727408]
[123,122,424296,424437]
[124,14,213869,214238]
[125,153,677613,677199]
[126,56,369687,371478]
[127,238,331468,331888]
[128,201,429495,428555]
[129,260,192555,194181]
[130,135,222680,222553]
[131,258,270934,271980]
[132,248,178201,180120]
[133,25,427961,426132]
[134,270,507268,508828]
[135,37,53898,52449]
[136,119,709374,707914]
[137,240,548984,549500]
[138,127,588077,587688]
[139,36,547942,548707]
[140,86,58364,59980]
[141,131,351498,351154]
[142,194,324893,326354]
[143,178,490229,490886]
[144,82,327127,327459]
[145,97,515005,513440]
[146,36,496916,498296]
[147,144,508217,508948]
[148,170,450956,452751]
[149,57,110077,110064]
[150,277,555679,554621]
[151,39,570320,569378]
[152,201,659870,659086]
[153,181,172073,170416]
[154,223,130233,128798]
[155,171,286263,285109]
[156,203,233762,233690]
[157,150,594478,596056]
[158,181,449183,447257]
[159,90,554037,555401]
[160,133,312969,311765]
[161,7,72544,72491]
[162,119,84621,83859]
[163,268,272211,273334]
[164,235,143196,141314]
[165,261,598643,598320]
[166,86,437131,438056]
[167,189,503858,502164]
[168,170,358016,358855]
[169,57,65944,64278]
[170,46,171370,172182]
[171,83,337312,336505]
[172,150,144772,145134]
[173,95,18845,18572]
[174,135,533544,531727]
[175,243,529507,528460]
[176,224,240853,241043]
[177,153,616100,614903]
[178,50,312332,314110]
[179,196,630351,632336]
[180,219,480560,478997]
[181,123,424760,423572]
[182,231,147609,146329]
[183,109,386735,386036]
[184,259,652882,652036]
[185,14,222339,223054]
[186,137,635119,634914]
[187,244,662470,663740]
[188,239,240749,240455]
[189,222,497957,498088]
[190,141,656161,655527]
[191,229,57032,55182]
[192,136,640486,641022]
[193,237,140517,139120]
[194,210,619477,620803]
[195,119,487097,486326]
[196,35,251093,251021]
[197,132,110352,110955]
[198,22,463182,463999]
[199,248,618033,619296]
[200,14,599124,599393]
[201,234,457983,459612]
[202,102,697139,697209]
[203,258,430051,431035]
[204,227,144473,144219]
[205,246,312979,314866]
[206,42,245486,245517]
[207,240,723122,723567]
[208,223,278627,277190]
[209,171,723834,723673]
[210,237,378635,378205]
[211,226,125591,126943]
[212,31,55714,54364]
[213,115,271660,269950]
[214,247,90022,89971]
[215,267,463108,462560]
[216,132,301745,302523]
[217,75,722629,722372]
[218,234,677932,679750]
[219,265,109864,108792]
[220,53,288607,287867]
[221,29,337293,336489]
[222,26,408928,410202]
[223,122,568881,570510]
[224,30,355161,355714]
[225,159,306773,306173]
[226,91,191396,190996]
[227,29,664598,663973]
[228,178,16235,17438]
[229,189,599810,598593]
[230,165,139280,137392]
[231,112,499913,501738]
[232,270,258945,259792]
[233,56,710196,710507]
[234,141,90309,89500]
[235,77,137838,136737]
[236,231,648597,648399]
[237,68,425300,426492]
[238,13,227337,225439]
[239,39,2544,557]
[240,23,167270,165917]
[241,93,106679,105998]
[242,117,149993,148302]
[243,197,654469,653414]
[244,36,636481,636872]
[245,218,510507,512250]
[246,73,344593,342990]
[247,34,602978,604147]
[248,274,361454,361806]
[249,139,266754,264981]
[250,62,200913,201506]
[251,79,675223,674131]
[252,274,282113,282691]
[253,219,361175,359307]
[254,1,186205,185484]
[255,2,645136,646267]
[256,144,279397,280217]
[257,111,218403,216930]
[258,55,523232,523123]
[259,126,139143,139519]
[260,32,86161,86852]
[261,49,612164,610167]
[262,187,542672,542471]
[263,193,432376,430486]
[264,67,177374,177066]
[265,95,455706,454344]
[266,226,465357,466700]
[267,225,239655,238796]
[268,154,49199,49753]
[269,81,643502,641908]
[270,274,335306,336504]
[271,196,185083,185358]
[272,243,432008,431118]
[273,272,312589,313904]
[274,55,279215,278549]
[275,30,92373,93358]
[276,136,178069,179339]
[277,157,58027,57839]
[278,0,220782,222119]
[279,158,540699,541743]
[280,37,449476,448343]
[281,81,490613,490184]
[282,274,6111,8085]
[283,248,494533,495886]
[284,264,366816,368319]
[285,16,168331,169436]
[286,167,127672,127498]
[287,19,135827,134851]
[288,99,616675,615461]
[289,202,716303,717205]
[290,21,666130,666111]
[291,120,253230,254794]
[292,106,568779,570234]
[293,116,398362,398623]
[294,173,595406,595182]
[295,179,353451,352634]
[296,101,432028,430071]
[297,248,573911,575346]
[298,73,74793,73070]
[299,17,393026,391475]
[300,39,267434,266800]
[301,77,442518,440536]
[302,160,698962,700788]
[303,69,288241,286365]
[304,51,288124,286475]
[305,265,576862,576370]
[306,266,470258,471119]
[307,29,288059,287139]
[308,176,502244,503276]
[309,74,294515,294713]
[310,21,101189,99225]
[311,87,329034,328516]
[312,184,243790,244769]
[313,24,158898,160836]
[314,158,674885,676756]
[315,144,502743,503225]
[316,79,437932,436537]
[317,117,544706,544309]
[318,140,395094,396905]
[319,154,510685,511647]
[320,110,678373,680024]
[321,198,628843,630673]
[322,243,122590,122064]
[323,192,191827,192933]
[324,262,52203,52295]
[325,2,713447,714549]
[326,101,174245,172322]
[327,184,481572,481621]
[328,126,65340,65878]
[329,215,155296,153650]
[330,273,368156,366556]
[331,94,76510,77682]
[332,254,283486,285467]
[333,165,393968,392190]
[334,136,247278,248678]
[335,6,405248,406878]
[336,92,391301,391923]
[337,177,285014,284753]
[338,188,507577,508127]
[339,175,496265,494610]
[340,129,501499,501040]
[341,43,410190,409324]
[342,13,261563,261038]
[343,140,446955,448393]
[344,185,683303,682147]
[345,199,435524,435128]
[346,192,714116,714389]
[347,160,321491,322043]
[348,174,539173,540319]
[349,58,27413,27497]
[350,43,558995,557481]
[351,7,378621,377824]
[352,49,5789,3875]
[353,272,202077,202469]
[354,74,389890,391794]
[355,30,559841,560199]
[356,199,40198,38704]
[357,149,400436,400257]
[358,219,584680,583921]
[359,117,473926,473542]
[360,216,679020,679198]
[361,29,55189,54478]
[362,212,201790,203698]
[363,141,670278,670119]
[364,87,558173,557684]
[365,255,438515,437207]
[366,118,607229,607370]
[367,213,654323,653211]
[368,175,710677,709108]
[369,206,727916,728960]
[370,230,101803,102922]
[371,79,51452,51424]
[372,272,53556,55466]
[373,120,10748,12392]
[374,32,708451,710270]
[375,61,70503,69084]
[376,60,613621,614013]
[377,107,499579,499487]
[378,260,355426,357397]
[379,81,254628,252738]
[380,79,257983,257807]
[381,137,186884,185047]
[382,18,664127,664815]
[383,167,529431,528989]
[384,223,19480,18899]
[385,1,337390,336446]
[386,9,205868,205067]
[387,191,21543,21116]
[388,195,646403,644928]
[389,239,563971,562059]
[390,117,241187,240375]
[391,49,582340,580687]
[392,234,236659,237283]
[393,7,225164,224444]
[394,28,676586,676750]
[395,238,712166,713279]
[396,196,381669,382050]
[397,134,693955,694261]
[398,110,647344,647921]
[399,248,377643,379593]
[400,125,273434,271732]
[401,93,519540,517844]
[402,161,332492,332161]
[403,65,443161,441197]
[404,207,723341,722001]
[405,152,564181,564683]
[406,204,243685,245068]
[407,168,64879,66612]
[408,278,134795,135389]
[409,62,384072,385778]
[410,216,304065,305688]
[411,252,583676,584798]
[412,60,680299,682194]
[413,166,129662,130325]
[414,101,628548,626984]
[415,256,697936,698412]
[416,226,699449,701408]
[417,261,28318,27601]
[418,140,41978,43234]
[419,82,4226,5661]
[420,253,228573,227943]
[421,102,40603,40671]
[422,114,214224,215664]
[423,40,259534,260788]
[424,247,696365,695225]
[425,186,347694,349299]
[426,51,203553,202834]
[427,163,368209,366688]
[428,126,469004,469267]
[429,262,81097,82394]
[430,118,552623,554447]
[431,122,621064,623029]
[432,224,615453,616798]
[433,4,649175,649330]
[434,228,278361,280290]
[435,265,324217,323531]
[436,111,74709,74052]
[437,254,164612,165925]
[438,26,708087,708858]
[439,152,207489,209092]
[440,125,662858,661487]
[441,170,649208,649954]
[442,152,672501,673226]
[443,193,115099,113832]
[444,214,641313,643075]
[445,104,460721,461362]
[446,100,153546,155289]
[447,156,251587,253308]
[448,273,117938,116579]
[449,131,324926,323927]
[450,37,62579,61071]
[451,271,120857,120516]
[452,52,143755,145174]
[453,165,505056,503755]
[454,215,420246,418299]
[455,117,637560,636648]
[456,240,178337,179243]
[457,137,459647,458981]
[458,134,25100,25885]
[459,56,376306,377827]
[460,180,629287,629602]
[461,35,718032,717423]
[462,219,9035,7197]
[463,89,185981,184320]
[464,75,163949,163185]
[465,46,34654,36421]
[466,249,8114,7415]
[467,270,357349,359122]
[468,23,34588,33156]
[469,71,204369,202899]
[470,101,467914,466538]
[471,180,214829,215633]
[472,77,197144,196576]
[473,93,430958,430505]
[474,138,277407,277830]
[475,75,512465,512135]
[476,136,361671,362766]
[477,152,461606,462124]
[478,1,258026,257622]
[479,95,210059,209253]
[480,80,97107,98977]
[481,45,683390,683126]
[482,56,586721,587868]
[483,186,683818,685107]
[484,241,136706,135141]
[485,233,681359,680265]
[486,99,682712,682159]
[487,141,207173,206702]
[488,112,200206,200318]
[489,239,403329,401990]
[490,270,135074,135418]
[491,204,322289,323069]
[492,172,135095,137043]
[493,110,690632,690814]
[494,75,360436,359995]
[495,156,702691,703756]
[496,202,470159,470461]
[497,273,354203,353063]
[498,193,706282,705444]
[499,86,104384,104470]
[500,48,460965,461927]
[501,34,482513,483080]
[502,257,317157,316267]
[503,256,43271,44801]
[504,259,360564,359192]
[505,17,340745,339080]
[506,32,588114,589975]
[507,3,187923,187104]
[508,262,285350,285534]
[509,277,175701,175084]
[510,274,500413,502390]
[511,163,721674,721620]
[512,25,130226,129345]
[513,89,599954,598830]
[514,40,168389,169732]
[515,173,42711,42264]
[516,265,101766,101196]
[517,185,681970,681721]
[518,140,647742,649012]
[519,96,210869,211904]
[520,141,692503,690915]
[521,177,621210,619595]
[522,111,318676,316861]
[523,258,341205,342741]
[524,236,459159,459308]
[525,148,115204,115460]
[526,235,11377,10776]
[527,27,194007,193556]
[528,207,13006,11258]
[529,53,493498,491706]
[530,112,402018,402556]
[531,57,235189,234479]
[532,89,569474,568763]
[533,19,108056,106276]
[534,98,178516,179108]
[535,270,213095,213178]
[536,1,144279,142833]
[537,196,64106,64911]
[538,94,634208,635463]
[539,92,64289,65919]
[540,180,498421,499843]
[541,247,89003,87771]
[542,39,9483,7799]
[543,250,406245,406901]
[544,203,661986,661277]
[545,123,628647,627268]
[546,261,247832,246729]
[547,228,19798,21429]
[548,102,583822,585450]
[549,26,587558,588283]
[550,115,633789,633123]
[551,214,488169,489737]
[552,55,589558,588866]
[553,175,654752,654271]
[554,93,331944,330839]
[555,238,406651,407493]
[556,247,370056,368967]
[557,50,504452,504510]
[558,133,499128,497835]
[559,58,379306,380495]
[560,14,603949,605799]
[561,155,368893,368710]
[562,45,601568,601317]
[563,46,205463,206376]
[564,105,132085,130121]
[565,263,707874,707030]
[566,113,542219,540870]
[567,117,191148,189386]
[568,232,423717,425366]
[569,21,696985,696381]
[570,87,60613,58869]
[571,9,62320,60896]
[572,134,451346,451534]
[573,111,165434,163654]
[574,190,557815,557895]
[575,48,414180,415077]
[576,132,485647,487158]
[577,249,80130,78595]
[578,227,61970,61441]
[579,188,455710,457202]
[580,143,298952,298692]
[581,268,63606,65153]
[582,144,270503,271563]
[583,179,490942,489989]
[584,154,138208,138589]
[585,31,653147,652982]
[586,238,692433,692580]
[587,74,700981,702803]
[588,266,532226,532802]
[589,42,296182,297622]
[590,189,543201,542189]
[591,94,209940,210718]
[592,176,229208,231184]
[593,1,435332,433640]
[594,210,640539,640831]
[595,258,185602,186061]
[596,272,558547,559940]
[597,167,686399,685993]
[598,193,1214,753]
[599,244,347066,347415]
[600,208,478979,479129]
[601,46,614778,615015]
[602,207,134482,133945]
[603,113,626065,624135]
[604,204,265620,265937]
[605,243,651898,650463]
[606,151,21994,20201]
[607,223,62452,62248]
[608,130,715443,715759]
[609,265,445608,444323]
[610,192,304451,304915]
[611,204,123356,125219]
[612,116,473774,474120]
[613,53,28723,26954]
[614,186,227164,227408]
[615,133,236677,235814]
[616,245,444738,442822]
[617,235,474519,474452]
[618,163,618208,616769]
[619,20,676201,677910]
[620,182,481470,482901]
[621,179,422055,421485]
[622,200,290661,290698]
[623,107,705701,704655]
[624,173,112584,112322]
[625,105,652842,652513]
[626,229,228232,226726]
[627,97,401500,399845]
[628,125,497957,497222]
[629,154,172385,172704]
[630,95,122289,122279]
[631,215,371917,370680]
[632,159,577820,577264]
[633,74,504766,505659]
[634,264,86730,88249]
[635,2,656636,657861]
[636,173,350406,349726]
[637,79,691434,690122]
[638,10,403450,404879]
[639,182,61820,62816]
[640,233,148192,147594]
[641,182,622735,622980]
[642,250,514617,515477]
[643,84,652406,653702]
[644,25,239960,239945]
[645,151,386366,384910]
[646,234,474136,474295]
[647,178,433235,433518]
[648,39,170610,168735]
[649,90,311150,313101]
[650,219,181216,180872]
[651,279,617755,616449]
[652,278,719282,719803]
[653,261,48910,48529]
[654,265,520802,520449]
[655,124,240652,241787]
[656,110,455939,457001]
[657,136,188175,188386]
[658,15,475723,474581]
[659,64,270564,270713]
[660,238,214922,215452]
[661,173,666168,664670]
[662,181,688462,687076]
[663,151,448360,447274]
[664,162,156345,156736]
[665,76,684831,685736]
[666,138,547076,547387]
[667,3,548612,547540]
[668,129,154913,154343]
[669,149,606919,605179]
[670,231,175096,175028]
[671,26,460448,461616]
[672,107,518462,518125]
[673,76,541193,542473]
[674,67,284965,284501]
[675,271,554612,553908]
[676,118,658235,659324]
[677,87,429201,428226]
[678,101,66896,65908]
[679,176,94022,94986]
[680,156,76735,78013]
[681,48,125917,127601]
[682,193,92790,92167]
[683,236,567377,567528]
[684,46,28730,29148]
[685,174,176094,177070]
[686,267,642121,640835]
[687,42,709690,711170]
[688,186,441349,442888]
[689,100,711672,712100]
[690,239,33305,31675]
[691,57,691573,691504]
[692,227,227211,226933]
[693,258,582447,583815]
[694,102,590944,592099]
[695,144,626934,627604]
[696,12,334281,334907]
[697,3,680253,678435]
[698,249,188096,188002]
[699,122,681206,682402]
[700,265,453245,451335]
[701,149,718898,718384]
[702,154,23797,24161]
[703,146,528642,528889]
[704,103,412433,412286]
[705,149,360154,358974]
[706,239,189920,188968]
[707,246,238257,239493]
[708,269,182363,181856]
[709,169,160137,159845]
[710,209,583500,582948]
[711,219,366381,366243]
[712,70,60645,62621]
[713,238,566417,567592]
[714,264,389027,389316]
[715,151,539403,539009]
[716,260,375719,376222]
[717,145,293134,291558]
[718,67,719195,718968]
[719,108,20588,20630]
[720,87,680336,679980]
[721,136,678588,680445]
[722,243,285440,284977]
[723,81,156978,156343]
[724,207,452980,451403]
[725,278,129740,131710]
[726,143,586839,585534]
[727,267,185319,185116]
[728,55,213784,211996]
[729,116,667698,669449]
[730,104,658221,659620]
[731,269,390339,390289]
[732,252,629005,629270]
[733,168,256994,257109]
[734,120,727452,727750]
[735,176,316157,316569]
[736,134,214916,216563]
[737,114,30307,31557]
[738,62,721491,723139]
[739,202,338900,339407]
[740,166,535508,537402]
[741,170,467145,467698]
[742,107,527776,527131]
[743,65,39129,37259]
[744,108,670708,672436]
[745,271,676596,675662]
[746,135,403018,402401]
[747,115,703273,702689]
[748,157,205325,204815]
[749,236,438961,439805]
[750,60,289019,289997]
[751,138,457825,459044]
[752,83,220212,219159]
[753,204,597308,599102]
[754,225,52727,50873]
[755,134,30528,31158]
[756,95,37773,36009]
[757,144,109680,111191]
[758,20,288208,289394]
[759,99,698379,696474]
[760,199,82031,80769]
[761,52,472062,472999]
[762,144,384633,386588]
[763,30,257511,259038]
[764,46,144486,145539]
[765,70,160811,161064]
[766,133,32237,31945]
[767,132,519892,520944]
[768,47,478501,476646]
[769,3,325445,323505]
[770,93,525662,524103]
[771,185,81920,80171]
[772,43,685166,684321]
[773,190,617915,618119]
[774,29,482405,480433]
[775,255,277092,276166]
[776,210,303675,304814]
[777,260,351487,352076]
[778,273,683327,681817]
[779,91,349837,348404]
[780,55,405081,404241]
[781,272,638165,639385]
[782,133,692847,692009]
[783,160,465962,466596]
[784,197,547093,545667]
[785,202,256332,257800]
[786,11,669637,669238]
[787,63,611277,609988]
[788,8,402445,403451]
[789,29,633151,632495]
[790,231,620455,619552]
[791,5,591271,589327]
[792,160,95274,95885]
[793,267,391526,390743]
[794,222,656666,657663]
[795,21,563149,561932]
[796,270,306697,307772]
[797,199,712918,712869]
[798,182,182812,183884]
[799,92,243200,244567]
[800,266,695607,697568]
[801,45,590723,589549]
[802,177,656556,656343]
[803,233,8613,8448]
[804,100,276846,278344]
[805,105,172833,171694]
[806,254,215735,217391]
[807,83,538082,537995]
[808,224,527854,528855]
[809,211,336659,336649]
[810,176,266283,268155]
[811,78,426237,428078]
[812,245,390652,389070]
[813,68,401369,402079]
[814,138,448679,449507]
[815,33,289434,288425]
[816,53,563108,562578]
[817,102,183125,184352]
[818,149,478696,478046]
[819,106,700124,701661]
[820,59,4474,2591]
[821,244,527326,528880]
[822,252,79456,80937]
[823,228,396418,397264]
[824,180,457018,457355]
[825,113,177937,177107]
[826,68,666187,666250]
[827,191,455074,453662]
[828,197,170135,168904]
[829,19,562910,561422]
[830,134,76914,77693]
[831,158,404756,405948]
[832,218,69222,70236]
[833,265,424878,423534]
[834,66,184421,186131]
[835,268,473458,473970]
[836,105,522317,521834]
[837,71,383846,382128]
[838,66,479329,479928]
[839,126,592887,594723]
[840,120,451745,452568]
[841,15,330529,328851]
[842,157,298704,297393]
[843,186,637686,639571]
[844,32,512433,512939]
[845,6,134816,135488]
[846,148,412415,412830]
[847,105,662601,662516]
[848,79,111174,109852]
[849,109,616682,616378]
[850,110,597923,598243]
[851,148,364017,365245]
[852,31,29183,27398]
[853,43,109046,107528]
[854,41,674163,672598]
[855,102,32188,33155]
[856,113,273131,271549]
[857,30,451276,452605]
[858,88,143574,143773]
[859,88,715202,716624]
[860,1,114166,113705]
[861,112,393423,395166]
[862,118,450527,450963]
[863,232,168390,170195]
[864,28,339936,341389]
[865,21,358890,357942]
[866,58,559038,559679]
[867,234,462387,463559]
[868,154,340841,342740]
[869,237,486674,486197]
[870,239,331761,330509]
[871,32,383241,384315]
[872,104,480092,480247]
[873,75,132653,132090]
[874,137,575443,574484]
[875,86,439485,440498]
[876,250,714657,716244]
[877,147,163490,162116]
[878,274,339905,341355]
[879,225,653828,652918]
[880,237,438472,438441]
[881,222,529220,529342]
[882,255,302053,301563]
[883,162,498858,500674]
[884,193,691310,689669]
[885,187,145990,145934]
[886,257,589349,588565]
[887,107,708363,706788]
[888,54,10620,12005]
[889,21,158221,156886]
[890,211,86564,85567]
[891,157,561293,559447]
[892,270,59206,60284]
[893,179,729623,727838]
[894,122,284025,284035]
[895,160,659888,660420]
[896,174,137472,138205]
[897,138,321393,322038]
[898,279,615919,615863]
[899,261,434932,433948]
[900,142,336910,338032]
[901,200,373719,375027]
[902,75,418417,418359]
[903,154,320990,322620]
[904,178,141103,141327]
[905,151,84097,83080]
[906,160,110244,111239]
[907,230,38265,40076]
[908,254,407272,408015]
[909,162,617984,618430]
[910,134,261796,262869]
[911,210,54901,55675]
[912,61,311270,310350]
[913,92,438860,440424]
[914,89,311059,310116]
[915,177,591572,591011]
[916,4,686630,688602]
[917,279,634239,634160]
[918,154,513212,513700]
[919,48,342845,344202]
[920,46,497683,499097]
[921,63,11618,9781]
[922,43,717777,716221]
[923,245,126287,125443]
[924,145,662281,660659]
[925,90,588379,589939]
[926,69,585025,583297]
[927,145,196408,196053]
[928,182,159762,160319]
[929,249,314377,312593]
[930,214,619187,620878]
[931,103,330003,328324]
[932,98,681916,683361]
[933,119,258850,257101]
[934,4,451533,452842]
[935,61,716593,714924]
[936,143,470198,469080]
[937,220,33167,33824]
[938,51,339762,337930]
[939,152,244032,244246]
[940,223,389060,387957]
[941,91,208836,207578]
[942,49,90467,89127]
[943,152,487179,487554]
[944,200,496707,497881]
[945,70,632140,632423]
[946,197,97794,96505]
[947,82,582190,583336]
[948,87,603424,602710]
[949,182,471331,473108]
[950,116,149387,150242]
[951,230,190574,191054]
[952,95,306697,305082]
[953,7,395379,394968]
[954,162,348049,349374]
[955,184,340775,342012]
[956,179,612562,612239]
[957,1,635353,634300]
[958,167,597354,595409]
[959,121,640792,639912]
[960,12,416262,417100]
[961,194,702777,704765]
[962,147,443079,442167]
[963,98,440274,440909]
[964,178,232766,234504]
[965,231,497167,496594]
[966,250,37882,38538]
[967,180,98083,99291]
[968,262,94945,96175]
[969,229,478126,477638]
[970,43,129590,127816]
[971,31,249379,248694]
[972,148,32302,34048]
[973,215,171506,170391]
[974,215,703975,702914]
[975,45,372432,371160]
[976,235,111882,110132]
[977,175,381620,381270]
[978,239,688231,687813]
[979,239,631545,631080]
[980,269,286293,285814]
[981,43,208212,206938]
[982,13,556242,555297]
[983,145,175405,175311]
[984,194,185334,185371]
[985,7,61568,61298]
[986,115,631640,629956]
[987,17,326877,326516]
[988,231,411215,409539]
[989,145,539039,537058]
[990,261,582229,580636]
[991,34,326231,326745]
[992,189,136197,134228]
[993,70,604142,604647]
[994,126,22597,24098]
[995,207,690219,690160]
[996,106,420613,422044]
[997,184,638154,638311]
[998,165,444909,443641]
[999,81,184119,183458]
[1000,172,215877,216522]
