["head":"wrap","lpos","status"]
[230,678074,1]
["io count"]
[2000]
["io":"id","wrap","startLpos","endLpos"]
[1,131,412086,410308]
[2,124,466758,468365]
[3,143,401617,400821]
[4,271,271463,271388]
[5,179,725151,724060]
[6,29,411890,410168]
[7,255,365563,365302]
[8,132,576646,576842]
[9,137,613698,612306]
[10,11,110677,108711]
[11,219,400554,400108]
[12,2,447420,448779]
[13,46,434206,436015]
[14,82,33333,35247]
[15,24,94301,95484]
[16,25,672626,670711]
[17,120,628226,630077]
[18,49,267666,266562]
[19,27,492229,490603]
[20,31,560632,560071]
[21,246,210636,211140]
[22,160,669412,671043]
[23,39,539872,538371]
[24,209,343142,342686]
[25,182,599522,601320]
[26,45,666583,665700]
[27,118,403687,404007]
[28,123,616817,616265]
[29,79,653119,651296]
[30,242,637852,639626]
[31,234,166559,167049]
[32,123,159234,157281]
[33,109,176305,174924]
[34,166,634762,636400]
[35,110,192540,192569]
[36,129,635347,634522]
[37,248,519662,521375]
[38,199,651614,651324]
[39,179,433746,432725]
[40,147,492211,491106]
[41,152,41452,41708]
[42,49,77093,75273]
[43,128,82192,83008]
[44,115,714860,714442]
[45,185,483877,482143]
[46,151,69009,68999]
[47,96,11764,12097]
[48,264,216404,218341]
[49,42,224072,225528]
[50,276,188216,188528]
[51,90,345065,345916]
[52,29,91502,89542]
[53,152,153582,155525]
[54,101,421929,421577]
[55,86,455605,456021]
[56,27,80677,80584]
[57,113,523489,522254]
[58,253,394821,393733]
[59,3,580020,579375]
[60,178,636286,637696]
[61,168,420329,421544]
[62,205,145987,144500]
[63,194,506437,507801]
[64,128,1126,2074]
[65,126,300912,302038]
[66,56,123048,124441]
[67,256,714615,716388]
[68,80,355994,357185]
[69,152,578932,578967]
[70,167,728376,727229]
[71,137,345353,344705]
[72,82,180301,180945]
[73,75,35780,34461]
[74,82,133406,134871]
[75,117,352717,351303]
[76,172,317693,319098]
[77,139,418366,416549]
[78,122,233502,235249]
[79,186,217524,218866]
[80,43,602630,601005]
[81,267,299914,299855]
[82,82,342712,343257]
[83,68,355864,357801]
[84,116,654891,655245]
[85,248,489376,490626]
[86,0,349780,350486]
[87,47,96611,96164]
[88,152,187179,188016]
[89,259,658542,656748]
[90,124,561381,562825]
[91,177,383256,383008]
[92,12,57843,58852]
[93,55,691423,690491]
[94,143,265665,264053]
[95,101,170831,170521]
[96,11,440089,439679]
[97,142,65,1422]
[98,39,622404,622321]
[99,21,108248,106295]
[100,236,77054,78446]
[101,39,566534,564952]
[102,220,475764,476365]
[103,106,226379,226767]
[104,70,337655,338556]
[105,104,574537,574955]
[106,201,118154,116352]
[107,187,369154,368848]
[108,182,14168,14755]
[109,230,481860,483762]
[110,35,125942,125932]
[111,146,578467,578679]
[112,246,717277,719238]
[113,214,206179,207077]
[114,128,685317,685467]
[115,98,327474,327790]
[116,77,656395,656247]
[117,25,121661,120805]
[118,107,690673,689558]
[119,252,375107,376093]
[120,267,686870,685868]
[121,4,686207,686767]
[122,74,591924,593158]
[123,197,8706,8342]
[124,243,411744,409900]
[125,83,603995,602797]
[126,171,584581,583907]
[127,264,689418,690024]
[128,9,116199,115644]
[129,250,197850,198959]
[130,81,310786,310227]
[131,73,128853,128554]
[132,276,699428,700120]
[133,238,170149,171661]
[134,137,147412,146724]
[135,13,547297,545352]
[136,103,147115,145184]
[137,155,395504,394662]
[138,53,437060,436808]
[139,25,439179,438309]
[140,165,107625,106881]
[141,251,595337,594732]
[142,206,14603,15686]
[143,227,218248,217190]
[144,268,398987,400490]
[145,129,258654,257069]
[146,2,181444,183170]
[147,92,242436,244088]
[148,273,76111,75670]
[149,139,541292,540451]
[150,49,377142,376152]
[151,45,513197,511402]
[152,120,409854,411607]
[153,253,397481,397257]
[154,58,573052,573211]
[155,47,416530,414581]
[156,59,292008,290234]
[157,55,485325,484492]
[158,157,449747,449192]
[159,243,169351,169022]
[160,237,272430,270487]
[161,28,693935,695401]
[162,50,361518,362146]
[163,219,111471,110484]
[164,181,210845,209866]
[165,89,663128,661460]
[166,13,357784,356852]
[167,58,262112,263374]
[168,149,607653,607142]
[169,195,20412,18876]
[170,247,255905,255421]
[171,267,721823,720216]
[172,135,506864,506371]
[173,63,699711,698144]
[174,116,632280,632945]
[175,67,652369,650372]
[176,202,80646,81798]
[177,68,238847,239590]
[178,176,319597,319607]
[179,109,360745,358800]
[180,63,551725,550140]
[181,79,651027,650036]
[182,10,663771,665512]
[183,274,606878,608568]
[184,9,130066,128499]
[185,142,177431,177683]
[186,116,672047,673687]
[187,116,31766,33107]
[188,175,70684,69598]
[189,277,94359,93812]
[190,169,498160,498138]
[191,45,554185,552804]
[192,181,30502,30488]
[193,52,278695,279345]
[194,145,221697,220977]
[195,148,433879,435224]
[196,170,493864,494535]
[197,84,585565,585575]
[198,52,337823,338782]
[199,129,26838,25304]
[200,10,649357,650898]
[201,138,437116,438559]
[202,235,710590,709449]
[203,191,728820,728786]
[204,71,155188,153825]
[205,254,164442,164601]
[206,235,170474,170091]
[207,150,419584,420451]
[208,228,588271,589173]
[209,134,645733,646117]
[210,178,496008,496821]
[211,99,597940,597101]
[212,246,54449,56176]
[213,177,501259,500353]
[214,45,293082,292552]
[215,246,254062,255708]
[216,106,62976,64134]
[217,123,72003,71833]
[218,241,69422,68083]
[219,33,569105,568509]
[220,66,518342,519411]
[221,29,199370,198009]
[222,250,545827,547804]
[223,78,387946,389381]
[224,272,574462,574474]
[225,101,201113,200064]
[226,49,139067,138287]
[227,209,563383,562348]
[228,210,227383,228437]
[229,261,381408,381317]
[230,8,512610,513179]
[231,34,326216,326811]
[232,108,323134,324669]
[233,16,370016,371726]
[234,81,470389,469408]
[235,54,318293,319543]
[236,131,164891,164670]
[237,156,70879,72244]
[238,151,108211,108094]
[239,106,681842,683318]
[240,23,659494,659393]
[241,223,453735,452805]
[242,139,446376,446061]
[243,225,698852,698671]
[244,86,130476,130664]
[245,36,218686,219531]
[246,138,363459,363638]
[247,34,665301,666648]
[248,109,452961,451594]
[249,226,90586,92105]
[250,200,669656,671599]
[251,126,611720,612509]
[252,162,336971,337851]
[253,135,88035,87762]
[254,226,385492,385716]
[255,39,336807,335563]
[256,174,557713,559035]
[257,202,728937,729942]
[258,197,493838,493559]
[259,182,398976,399704]
[260,92,149735,151183]
[261,265,102842,101994]
[262,61,110651,109328]
[263,220,261663,262646]
[264,279,79860,78949]
[265,47,50743,50086]
[266,163,197506,196921]
[267,11,77624,76140]
[268,170,103780,104154]
[269,164,294010,294713]
[270,150,385522,386482]
[271,30,494609,495436]
[272,75,498647,496662]
[273,0,561387,562663]
[274,40,142412,143420]
[275,107,73380,73206]
[276,63,111321,110848]
[277,260,677465,678653]
[278,227,498827,496954]
[279,142,62195,62388]
[280,24,106592,107651]
[281,115,54240,54072]
[282,275,424962,423980]
[283,125,618503,616564]
[284,102,127475,127916]
[285,152,341149,342355]
[286,257,204381,202845]
[287,5,151806,151690]
[288,10,117499,118062]
[289,248,158810,160625]
[290,64,10997,11841]
[291,166,302903,303267]
[292,21,284639,283623]
[293,65,324911,324391]
[294,278,57839,59186]
[295,207,567386,567107]
[296,76,355776,357305]
[297,48,550668,552601]
[298,90,355018,356781]
[299,131,665986,664083]
[300,226,723272,724260]
[301,113,345035,344311]
[302,5,206805,206075]
[303,186,612309,613282]
[304,115,479256,478904]
[305,196,104577,104668]
[306,155,302974,301827]
[307,97,474352,473175]
[308,39,18247,16616]
[309,186,633943,635315]
[310,215,477861,476491]
[311,49,397115,396425]
[312,215,693348,691807]
[313,25,54450,53746]
[314,182,300890,301519]
[315,91,186310,185976]
[316,149,149274,149011]
[317,68,574348,574865]
[318,64,267458,268260]
[319,203,128687,127509]
[320,63,234381,233696]
[321,6,269045,271044]
[322,118,52521,54063]
[323,157,81317,79616]
[324,88,723201,724072]
[325,137,443905,442663]
[326,168,705687,706019]
[327,80,375413,375813]
[328,53,698244,696717]
[329,20,251689,251784]
[330,278,500503,500806]
[331,253,171406,170891]
[332,5,678103,676932]
[333,216,188087,189472]
[334,226,142558,144398]
[335,102,540556,542431]
[336,105,224809,222981]
[337,257,277533,276193]
[338,262,708602,709655]
[339,76,651981,653440]
[340,198,260429,261141]
[341,231,205695,204920]
[342,29,231200,231051]
[343,35,346211,345958]
[344,271,716196,714364]
[345,272,450098,451229]
[346,211,372579,371639]
[347,47,663626,663179]
[348,90,384624,386272]
[349,122,253712,255454]
[350,66,10573,12198]
[351,177,631760,631427]
[352,210,137780,139521]
[353,150,357394,358914]
[354,227,197806,197420]
[355,125,372824,372212]
[356,108,219134,219896]
[357,133,550156,549086]
[358,2,566437,567449]
[359,197,273299,272658]
[360,91,15785,14267]
[361,147,359923,358256]
[362,236,247952,249460]
[363,218,36178,37219]
[364,165,17499,16094]
[365,64,590704,591621]
[366,42,377047,378280]
[367,234,376121,376809]
[368,244,608748,609070]
[369,229,252240,251195]
[370,184,175032,176785]
[371,258,600905,602354]
[372,169,581135,579941]
[373,10,579365,579723]
[374,143,218518,216885]
[375,9,644812,644135]
[376,272,292008,293306]
[377,41,143474,143394]
[378,92,544213,544891]
[379,150,412588,413629]
[380,161,306893,306835]
[381,230,324711,326074]
[382,46,407109,408243]
[383,99,522392,520814]
[384,200,561284,563034]
[385,259,269653,267906]
[386,223,387498,386806]
[387,189,319226,318054]
[388,101,702763,701652]
[389,12,401418,403103]
[390,29,183488,182798]
[391,61,514105,512974]
[392,210,485,1678]
[393,209,557225,555493]
[394,3,435115,434227]
[395,79,535419,534878]
[396,82,421734,422735]
[397,146,561374,561847]
[398,119,82182,80600]
[399,120,709691,711014]
[400,93,44075,42557]
[401,242,675260,676595]
[402,214,696963,698087]
[403,161,538552,537839]
[404,114,53313,55006]
[405,29,371474,370716]
[406,145,685326,683584]
[407,35,467993,466649]
[408,113,592540,591702]
[409,128,85584,86004]
[410,83,288742,288357]
[411,206,316619,317867]
[412,128,664966,666750]
[413,0,588192,589711]
[414,176,262183,263009]
[415,168,9764,11650]
[416,225,707387,705769]
[417,1,19720,17850]
[418,84,53814,54872]
[419,32,251709,252791]
[420,119,360828,359273]
[421,46,604136,604237]
[422,33,56409,55844]
[423,124,527626,528374]
[424,1,572214,570381]
[425,8,352792,354245]
[426,23,353013,351371]
[427,184,456407,457593]
[428,234,420064,421990]
[429,72,479523,481099]
[430,248,306199,307060]
[431,199,59373,57928]
[432,170,574259,575522]
[433,223,329056,327071]
[434,131,556616,556106]
[435,219,277451,276143]
[436,223,200619,199876]
[437,220,302516,302768]
[438,109,449854,449202]
[439,104,507277,509211]
[440,247,674096,673071]
[441,60,166892,168281]
[442,146,720210,721392]
[443,215,76317,75508]
[444,272,709758,711019]
[445,240,444098,444459]
[446,134,261662,262709]
[447,187,336880,335649]
[448,231,557715,557132]
[449,237,344459,344354]
[450,237,448338,448025]
[451,181,496454,496315]
[452,98,460651,460857]
[453,148,128632,129510]
[454,100,61016,62255]
[455,143,552461,552070]
[456,40,667302,667985]
[457,236,25752,26985]
[458,201,126751,125174]
[459,173,460564,459954]
[460,59,660680,659871]
[461,23,80361,79923]
[462,178,65196,65603]
[463,100,21454,21878]
[464,157,460736,459960]
[465,215,449942,449025]
[466,278,137216,138949]
[467,154,504043,505914]
[468,226,206553,208074]
[469,17,383038,382301]
[470,99,284081,282276]
[471,11,581440,580894]
[472,136,53947,54074]
[473,166,128693,130033]
[474,76,208095,209802]
[475,48,494804,496192]
[476,191,51276,51223]
[477,25,551469,550715]
[478,228,377458,378429]
[479,12,565171,565807]
[480,198,686746,687958]
[481,154,221455,222740]
[482,236,407787,408914]
[483,157,9279,7509]
[484,174,407407,407922]
[485,128,139375,140094]
[486,195,613781,613619]
[487,73,343651,342452]
[488,212,94839,96791]
[489,213,241291,241200]
[490,241,707112,706951]
[491,221,68409,67295]
[492,162,253326,254208]
[493,201,704012,703444]
[494,209,175397,173859]
[495,20,139149,140807]
[496,231,7348,5511]
[497,96,704264,705887]
[498,262,106555,108084]
[499,21,63161,61451]
[500,33,462421,462060]
[501,193,201665,199978]
[502,168,61003,61612]
[503,189,254822,253982]
[504,107,471130,469751]
[505,117,401046,400730]
[506,259,656645,656065]
[507,52,501372,502804]
[508,56,540446,541869]
[509,61,255442,253891]
[510,97,331764,331344]
[511,185,39286,38651]
[512,61,32819,31631]
[513,13,22078,20178]
[514,29,514363,513958]
[515,234,274120,275824]
[516,209,188787,188168]
[517,20,345972,346891]
[518,31,1708,805]
[519,149,24665,24094]
[520,235,259373,258362]
[521,102,640473,641537]
[522,85,272082,272045]
[523,258,83023,84916]
[524,72,632246,634230]
[525,83,283965,282037]
[526,88,592150,593701]
[527,170,444621,446442]
[528,135,214803,212900]
[529,147,519187,517755]
[530,124,137966,139497]
[531,94,471759,472023]
[532,48,485824,486943]
[533,62,565990,566482]
[534,89,537171,535715]
[535,12,372211,372709]
[536,107,456852,456043]
[537,227,64404,64368]
[538,254,185460,185742]
[539,265,221378,220794]
[540,200,45143,47083]
[541,77,707135,706080]
[542,90,311124,312343]
[543,44,358492,359620]
[544,159,444399,443444]
[545,15,361445,359469]
[546,166,648114,648946]
[547,259,570977,569403]
[548,112,350008,350904]
[549,271,666557,666470]
[550,151,89498,89001]
[551,88,381841,382100]
[552,250,557372,558875]
[553,81,685977,685442]
[554,205,225610,225458]
[555,276,395367,397206]
[556,204,101565,102380]
[557,242,229925,229980]
[558,206,383101,384761]
[559,200,306181,306899]
[560,26,629392,630879]
[561,119,180692,179148]
[562,141,220180,218845]
[563,187,535310,534351]
[564,115,307612,307576]
[565,110,167170,167961]
[566,68,135669,137126]
[567,257,115813,114616]
[568,8,304644,305824]
[569,119,572582,572490]
[570,28,129898,131679]
[571,9,474958,473838]
[572,188,427746,428893]
[573,41,8879,7527]
[574,106,544571,545171]
[575,20,471227,471329]
[576,167,530276,528947]
[577,80,400209,401994]
[578,267,537797,537769]
[579,15,547072,546847]
[580,268,304663,304887]
[581,26,106265,106790]
[582,145,559656,559172]
[583,46,614570,614650]
[584,262,624826,626238]
[585,13,25247,24259]
[586,3,176063,174144]
[587,248,393659,393886]
[588,40,84928,86323]
[589,244,252243,254175]
[590,40,592910,593856]
[591,173,2477,1243]
[592,106,33045,34873]
[593,196,398132,398765]
[594,137,687359,687166]
[595,92,321617,323481]
[596,221,598144,596720]
[597,46,338704,338714]
[598,222,447118,448532]
[599,118,217147,218103]
[600,137,12613,12518]
[601,43,689847,688300]
[602,135,723780,723352]
[603,177,549519,547925]
[604,224,679316,680216]
[605,190,614776,615805]
[606,120,371880,373576]
[607,136,331821,332050]
[608,118,333170,334336]
[609,6,677095,678819]
[610,196,429170,429976]
[611,32,113826,115216]
[612,22,256267,256868]
[613,197,152178,150536]
[614,110,366860,368330]
[615,71,633746,633732]
[616,172,393416,394398]
[617,187,306023,304281]
[618,175,578901,578660]
[619,29,652088,651359]
[620,233,181443,179769]
[621,69,502679,501140]
[622,145,656479,654516]
[623,193,662930,661428]
[624,12,323751,323923]
[625,145,295168,295011]
[626,110,670833,672551]
[627,25,353731,351782]
[628,236,379005,379517]
[629,59,637815,636683]
[630,207,275157,274252]
[631,31,382735,382128]
[632,108,581294,582326]
[633,224,199087,200773]
[634,217,58093,57540]
[635,40,93838,95770]
[636,3,3884,2817]
[637,251,294598,294349]
[638,177,645215,644702]
[639,133,532526,532293]
[640,54,104169,104494]
[641,59,172940,171269]
[642,29,252874,250899]
[643,49,100872,99946]
[644,59,428719,427054]
[645,130,110532,112330]
[646,18,687427,688367]
[647,202,146836,147835]
[648,228,102451,103991]
[649,154,291479,293013]
[650,58,394493,396221]
[651,269,691130,689916]
[652,1,485944,484519]
[653,212,525359,527050]
[654,71,307280,306564]
[655,154,353582,355532]
[656,94,392264,392464]
[657,206,206592,207378]
[658,102,104869,106768]
[659,139,77912,77200]
[660,53,407344,407073]
[661,254,102331,103487]
[662,126,614477,616148]
[663,32,424131,425434]
[664,52,74618,75460]
[665,8,540518,540742]
[666,207,657245,655658]
[667,30,254982,255243]
[668,189,56710,55885]
[669,226,328034,328486]
[670,57,42160,41666]
[671,88,378475,379625]
[672,126,396036,396159]
[673,92,324285,324755]
[674,266,217267,217696]
[675,9,262644,262504]
[676,227,668173,667905]
[677,202,654366,656087]
[678,25,683184,682045]
[679,156,21338,23146]
[680,98,208967,210574]
[681,207,580287,579420]
[682,219,117472,116098]
[683,266,422245,423278]
[684,206,523370,524280]
[685,275,291510,291068]
[686,3,192545,191562]
[687,107,447381,446270]
[688,120,559105,560333]
[689,69,52678,51444]
[690,52,64346,66169]
[691,142,223759,225258]
[692,187,403250,402508]
[693,148,456513,458360]
[694,228,640939,641741]
[695,276,362535,364472]
[696,137,34283,34212]
[697,72,172752,173141]
[698,184,84483,84681]
[699,36,345357,346254]
[700,71,659111,658270]
[701,130,444859,445552]
[702,75,182968,182569]
[703,93,694768,693452]
[704,87,548921,547406]
[705,166,72995,74175]
[706,222,4786,6242]
[707,32,268448,268583]
[708,188,44846,45748]
[709,98,340838,341785]
[710,159,687030,686735]
[711,248,510695,511204]
[712,201,342766,342600]
[713,277,200287,198618]
[714,189,315917,314023]
[715,60,392738,393815]
[716,21,84977,84866]
[717,85,12436,11207]
[718,21,406190,406002]
[719,10,240288,241627]
[720,16,360501,360964]
[721,72,621408,621771]
[722,118,207556,208395]
[723,116,460666,461872]
[724,96,395749,395959]
[725,276,618604,620597]
[726,125,323010,321867]
[727,221,612284,611650]
[728,104,75062,75797]
[729,45,671847,670154]
[730,251,277569,275686]
[731,238,113705,115281]
[732,22,543565,543951]
[733,208,508807,509089]
[734,237,283277,282032]
[735,238,121809,122062]
[736,185,114062,112247]
[737,212,403591,404644]
[738,47,427531,427143]
[739,15,297598,296881]
[740,243,331912,331902]
[741,176,326988,327671]
[742,251,469251,467673]
[743,204,525626,525793]
[744,54,155334,156038]
[745,42,535655,537128]
[746,73,618062,616466]
[747,145,264201,263386]
[748,232,379872,380574]
[749,156,270775,272559]
[750,73,39512,39005]
[751,144,191114,192632]
[752,146,49003,49151]
[753,181,625417,624071]
[754,41,353410,352686]
[755,276,118875,119585]
[756,238,136174,137865]
[757,33,148051,147832]
[758,104,538707,540051]
[759,225,221022,220596]
[760,10,567550,569462]
[761,26,172405,173632]
[762,178,25194,25549]
[763,163,219873,219222]
[764,49,714648,712786]
[765,178,699551,701151]
[766,221,238615,237359]
[767,225,235594,233917]
[768,243,728889,727884]
[769,41,367177,365532]
[770,19,32813,32067]
[771,39,644828,643822]
[772,268,683009,683689]
[773,121,629293,628969]
[774,248,574252,575778]
[775,91,218307,216922]
[776,31,317836,317687]
[777,241,84082,82960]
[778,261,600710,600510]
[779,126,697134,697986]
[780,136,632339,633598]
[781,114,656197,656904]
[782,168,689899,690269]
[783,31,539271,537512]
[784,154,419794,420199]
[785,97,367619,366173]
[786,83,639956,639135]
[787,88,551784,551881]
[788,127,355464,355447]
[789,82,29442,29608]
[790,79,298932,298057]
[791,169,533574,533293]
[792,181,675160,673415]
[793,246,288803,290033]
[794,42,371234,372518]
[795,122,432064,434023]
[796,38,518105,518935]
[797,237,513688,513147]
[798,252,626165,628001]
[799,203,655447,655261]
[800,21,157977,157243]
[801,274,295654,296848]
[802,215,380525,379659]
[803,87,250580,249169]
[804,108,222323,223395]
[805,126,484960,485211]
[806,143,268195,266635]
[807,168,638658,639205]
[808,43,524798,523994]
[809,163,581841,581077]
[810,130,669788,671594]
[811,195,232242,230379]
[812,13,730163,728677]
[813,7,157489,155572]
[814,97,661679,661058]
[815,202,334298,335582]
[816,172,341543,342281]
[817,246,443247,443965]
[818,254,146672,147973]
[819,180,201970,203226]
[820,81,286041,284448]
[821,245,57968,56033]
[822,55,707907,706553]
[823,82,41997,43173]
[824,16,609851,611070]
[825,23,315124,313811]
[826,106,199978,199988]
[827,27,250221,248461]
[828,219,662114,660812]
[829,279,587706,587512]
[830,88,56766,58712]
[831,277,239823,239435]
[832,140,598935,600676]
[833,197,574100,572935]
[834,156,18511,18662]
[835,30,23353,24166]
[836,141,428387,426619]
[837,194,563386,565098]
[838,9,611240,609880]
[839,181,44093,43169]
[840,10,717629,718457]
[841,61,10293,9505]
[842,68,635493,635808]
[843,56,455238,457025]
[844,9,67798,66389]
[845,146,421734,423685]
[846,247,3655,3129]
[847,226,169558,170037]
[848,170,206896,208149]
[849,12,86919,87053]
[850,119,395818,395394]
[851,131,116889,115349]
[852,181,591214,589726]
[853,234,60799,62399]
[854,199,596947,596188]
[855,97,420457,419655]
[856,191,564063,562104]
[857,119,136156,135636]
[858,156,229064,229520]
[859,135,313245,313092]
[860,274,392567,393385]
[861,237,357250,356054]
[862,159,72545,70651]
[863,63,214980,214645]
[864,261,240298,238950]
[865,229,90549,89489]
[866,69,534572,534468]
[867,188,673887,675299]
[868,203,342631,342211]
[869,219,613448,612068]
[870,274,357575,358167]
[871,6,524244,524535]
[872,215,325624,325456]
[873,275,505636,504377]
[874,78,141535,141613]
[875,244,705617,707546]
[876,262,477372,478583]
[877,257,698442,697486]
[878,45,187133,186725]
[879,57,169321,168505]
[880,77,68376,67285]
[881,159,179407,178222]
[882,118,101946,102302]
[883,140,717340,717919]
[884,119,293093,291956]
[885,72,341136,342251]
[886,8,259034,260767]
[887,71,519725,518629]
[888,136,465674,467661]
[889,140,518938,519479]
[890,138,570939,572541]
[891,249,406778,405972]
[892,185,366037,365947]
[893,23,280006,278510]
[894,92,47383,48876]
[895,167,693638,691848]
[896,21,235069,234161]
[897,146,255633,257230]
[898,136,718476,719678]
[899,66,498770,500451]
[900,262,654632,655610]
[901,100,324563,324709]
[902,0,171408,173380]
[903,103,336295,334797]
[904,37,438432,437026]
[905,113,641946,641544]
[906,190,612966,614394]
[907,22,479455,480072]
[908,83,367458,365747]
[909,59,34427,34239]
[910,135,401263,399478]
[911,240,253878,254680]
[912,201,111225,109500]
[913,123,437812,437671]
[914,215,74497,72764]
[915,276,92812,93675]
[916,105,173703,172095]
[917,97,409741,407922]
[918,101,130407,128448]
[919,29,682077,680129]
[920,73,607045,606685]
[921,236,692813,694374]
[922,215,459538,458736]
[923,73,708274,706864]
[924,37,531437,530838]
[925,221,397894,397302]
[926,49,182128,181810]
[927,183,499800,499251]
[928,154,484238,486032]
[929,130,560690,562689]
[930,4,703470,705349]
[931,56,437788,438081]
[932,259,598454,598131]
[933,106,474157,475534]
[934,82,462804,464503]
[935,62,178536,179262]
[936,120,687929,689086]
[937,24,232049,232717]
[938,210,87477,87914]
[939,237,75774,74076]
[940,93,501925,501472]
[941,147,599692,598101]
[942,218,257212,258635]
[943,264,719773,720719]
[944,32,46665,48341]
[945,198,88280,88566]
[946,27,25165,24259]
[947,55,68684,67189]
[948,57,203905,203307]
[949,21,112598,111744]
[950,20,347098,347306]
[951,9,349083,348572]
[952,84,197664,199624]
[953,146,7706,8716]
[954,244,361392,363313]
[955,254,714318,714878]
[956,20,38390,39993]
[957,171,680996,680404]
[958,139,677483,676374]
[959,27,129323,127574]
[960,167,426412,425469]
[961,107,362473,361485]
[962,234,540973,541015]
[963,249,140568,139301]
[964,106,710734,711451]
[965,162,195032,195125]
[966,36,206693,207038]
[967,226,119563,119790]
[968,212,61683,62444]
[969,137,503829,502695]
[970,255,57260,55335]
[971,154,668580,670146]
[972,93,309792,308715]
[973,117,74501,72801]
[974,155,238076,237212]
[975,139,533431,532678]
[976,6,165201,167188]
[977,154,401993,403764]
[978,121,658444,658195]
[979,168,259084,260021]
[980,96,435493,436470]
[981,245,71261,70452]
[982,74,223924,225372]
[983,162,74036,74974]
[984,270,288474,290293]
[985,121,16142,14420]
[986,15,418798,416948]
[987,171,65991,64217]
[988,55,30584,29918]
[989,103,161048,159737]
[990,152,39437,40961]
[991,215,339531,337922]
[992,208,579123,579774]
[993,45,173976,172058]
[994,237,80277,79049]
[995,137,669734,668366]
[996,262,525134,525146]
[997,181,522874,520949]
[998,201,135382,133787]
[999,79,61906,61133]
[1000,92,623988,625399]
[1001,174,217058,218930]
[1002,105,205161,204821]
[1003,199,235992,235504]
[1004,7,73506,71933]
[1005,35,476454,474898]
[1006,70,322956,324198]
[1007,18,291545,293457]
[1008,39,55751,54424]
[1009,270,394791,396634]
[1010,117,356526,355677]
[1011,149,195356,195051]
[1012,219,443402,442750]
[1013,0,34022,34671]
[1014,217,97680,96085]
[1015,124,357572,358043]
[1016,209,142555,141832]
[1017,225,52042,50597]
[1018,13,376695,376449]
[1019,107,674723,672982]
[1020,47,332337,331229]
[1021,120,447429,447551]
[1022,145,570996,569645]
[1023,62,280178,281937]
[1024,33,85487,85447]
[1025,147,698799,697868]
[1026,146,612737,613864]
[1027,199,127699,127647]
[1028,159,686587,685378]
[1029,85,580097,579022]
[1030,78,539191,540369]
[1031,210,537372,537992]
[1032,216,664012,665311]
[1033,58,2062,3932]
[1034,15,9120,8011]
[1035,134,236169,237041]
[1036,136,240510,241936]
[1037,106,372607,372958]
[1038,201,692159,691375]
[1039,0,567937,568691]
[1040,234,596134,596680]
[1041,103,147086,145101]
[1042,124,424935,426346]
[1043,70,142645,143843]
[1044,90,353287,354274]
[1045,73,132523,131517]
[1046,43,657701,657680]
[1047,77,556111,554401]
[1048,256,611604,612407]
[1049,166,197863,198482]
[1050,97,398747,396943]
[1051,95,563606,561695]
[1052,252,167239,167980]
[1053,87,274933,273426]
[1054,49,4567,2897]
[1055,217,7829,6695]
[1056,260,119980,120418]
[1057,145,255242,254093]
[1058,158,643667,644853]
[1059,90,297717,299364]
[1060,169,490016,489440]
[1061,154,82131,82847]
[1062,166,346330,346598]
[1063,251,113071,111195]
[1064,155,461338,460752]
[1065,99,28137,26408]
[1066,21,605951,604851]
[1067,192,486818,486831]
[1068,151,568395,567963]
[1069,79,347324,345439]
[1070,228,689822,690941]
[1071,70,531761,532739]
[1072,201,375461,375239]
[1073,7,673113,672583]
[1074,21,500674,500146]
[1075,98,73073,74282]
[1076,46,67454,69342]
[1077,253,547002,546453]
[1078,219,681273,680001]
[1079,278,354497,355540]
[1080,274,319384,320553]
[1081,45,310084,309008]
[1082,226,727893,729199]
[1083,162,91722,91984]
[1084,65,436567,435984]
[1085,152,436621,437949]
[1086,69,373998,372602]
[1087,68,273808,275181]
[1088,25,91030,90553]
[1089,126,375515,376450]
[1090,173,110516,109143]
[1091,175,555928,554522]
[1092,241,317565,315914]
[1093,154,501297,503290]
[1094,68,695427,697061]
[1095,19,282961,282371]
[1096,225,668259,666537]
[1097,248,428369,429103]
[1098,211,695872,695269]
[1099,186,386918,387072]
[1100,232,224955,225926]
[1101,74,107973,109695]
[1102,46,367850,369334]
[1103,79,469640,468446]
[1104,6,479583,480187]
[1105,28,231169,231181]
[1106,193,490053,489650]
[1107,48,19152,19996]
[1108,100,617632,618545]
[1109,214,191802,191829]
[1110,135,317919,317680]
[1111,15,494690,494256]
[1112,209,258001,256546]
[1113,76,289306,290851]
[1114,80,274437,275134]
[1115,129,552926,552536]
[1116,224,689914,690787]
[1117,252,142287,142732]
[1118,101,521312,519548]
[1119,21,267939,266237]
[1120,54,77640,79372]
[1121,65,241701,240212]
[1122,206,458809,459917]
[1123,198,199901,201637]
[1124,126,293404,294886]
[1125,46,109186,110280]
[1126,204,70541,70867]
[1127,221,398286,396730]
[1128,239,400500,398671]
[1129,267,681314,680385]
[1130,83,561296,561234]
[1131,204,433421,434221]
[1132,31,646030,645027]
[1133,100,330841,332387]
[1134,42,349761,350107]
[1135,259,444017,442058]
[1136,36,118904,120814]
[1137,121,578648,577546]
[1138,32,717052,718207]
[1139,86,138559,139382]
[1140,218,638542,639671]
[1141,173,358409,357015]
[1142,12,357067,358325]
[1143,213,1303,718]
[1144,29,690493,689554]
[1145,58,477281,477588]
[1146,263,162459,161132]
[1147,88,71732,73544]
[1148,31,379777,378673]
[1149,171,290840,289749]
[1150,35,183422,181556]
[1151,21,136067,134878]
[1152,53,116241,115661]
[1153,159,267173,265846]
[1154,113,269007,268082]
[1155,134,488892,489306]
[1156,199,615559,615138]
[1157,80,635210,636461]
[1158,13,124992,123022]
[1159,198,405721,405971]
[1160,235,73407,72875]
[1161,185,204687,204655]
[1162,10,599267,600670]
[1163,227,430123,428236]
[1164,34,5537,7467]
[1165,42,206471,208220]
[1166,251,472908,472710]
[1167,137,512541,510701]
[1168,152,81632,82483]
[1169,179,307912,306559]
[1170,107,276751,275735]
[1171,54,572689,573022]
[1172,237,392439,391340]
[1173,197,418885,418259]
[1174,206,629334,630604]
[1175,213,402546,402156]
[1176,188,103342,104275]
[1177,6,150100,150697]
[1178,246,429497,430051]
[1179,1,348322,347933]
[1180,56,263161,263202]
[1181,170,162871,163291]
[1182,82,120852,122430]
[1183,231,430928,429955]
[1184,70,135462,137209]
[1185,201,714378,713875]
[1186,175,162123,160735]
[1187,201,555741,555572]
[1188,20,321660,321766]
[1189,10,194723,196081]
[1190,86,648750,649521]
[1191,24,80102,80740]
[1192,60,588544,590287]
[1193,119,607854,607328]
[1194,237,109056,108179]
[1195,45,189319,189294]
[1196,256,708371,708999]
[1197,276,572699,574126]
[1198,68,34747,36613]
[1199,182,192905,194736]
[1200,51,654587,653455]
[1201,212,251748,252982]
[1202,200,712418,712582]
[1203,270,439356,439587]
[1204,32,662814,664674]
[1205,6,540318,542104]
[1206,11,27015,26394]
[1207,250,329814,330607]
[1208,210,272548,273284]
[1209,149,522181,520654]
[1210,260,422948,424482]
[1211,162,335716,336493]
[1212,105,437744,435796]
[1213,116,568211,569324]
[1214,114,203106,204856]
[1215,213,21181,21134]
[1216,100,485377,486993]
[1217,193,457364,456226]
[1218,159,476556,475988]
[1219,150,182319,182394]
[1220,105,520763,519914]
[1221,80,524615,526307]
[1222,75,63224,62159]
[1223,35,715007,714063]
[1224,203,153643,153425]
[1225,230,99406,101349]
[1226,13,307955,306986]
[1227,279,706916,705718]
[1228,92,121474,122844]
[1229,182,9867,11054]
[1230,88,311527,312557]
[1231,29,76900,76397]
[1232,73,296889,296468]
[1233,53,607585,606039]
[1234,83,612750,611664]
[1235,131,226680,226047]
[1236,67,36373,34688]
[1237,203,268332,268272]
[1238,103,703615,701837]
[1239,77,2135,1714]
[1240,196,347880,349467]
[1241,140,329986,331299]
[1242,124,641275,642473]
[1243,52,67962,69849]
[1244,242,433213,433639]
[1245,71,241631,240331]
[1246,157,323936,322001]
[1247,252,251886,252280]
[1248,59,163452,163013]
[1249,178,43919,44774]
[1250,192,708830,709299]
[1251,166,165164,166804]
[1252,23,36244,35697]
[1253,144,583344,585231]
[1254,176,105830,106766]
[1255,278,94577,95695]
[1256,84,591596,593426]
[1257,232,464484,464741]
[1258,156,264607,264923]
[1259,95,82623,81071]
[1260,248,660926,662723]
[1261,237,478769,477071]
[1262,95,555475,555068]
[1263,248,155651,155869]
[1264,220,675361,676958]
[1265,256,600716,602562]
[1266,70,284826,286030]
[1267,110,139318,140600]
[1268,151,130983,129077]
[1269,150,496433,497415]
[1270,110,552991,554694]
[1271,58,489218,491063]
[1272,136,275916,276211]
[1273,38,30213,31466]
[1274,76,14715,14800]
[1275,56,627642,628715]
[1276,253,623519,622966]
[1277,85,144875,144855]
[1278,106,50964,52432]
[1279,166,191947,193291]
[1280,266,177821,179048]
[1281,55,90764,90475]
[1282,247,543577,542593]
[1283,97,89508,87733]
[1284,150,407472,407648]
[1285,133,315742,315470]
[1286,216,530953,532198]
[1287,186,132106,132464]
[1288,37,70981,70451]
[1289,162,356800,358361]
[1290,276,416250,418161]
[1291,150,640121,640448]
[1292,172,300905,302517]
[1293,82,208982,209652]
[1294,42,4743,5640]
[1295,244,343217,344426]
[1296,165,83342,82826]
[1297,147,190305,190204]
[1298,29,574017,573526]
[1299,183,504938,504164]
[1300,275,423758,422322]
[1301,8,558358,558904]
[1302,146,157066,158038]
[1303,29,455393,453662]
[1304,224,278071,279870]
[1305,90,182372,183429]
[1306,119,618586,617781]
[1307,112,416938,417642]
[1308,278,700059,701488]
[1309,125,368786,368161]
[1310,106,133265,133314]
[1311,115,362620,361964]
[1312,17,185356,184442]
[1313,232,151007,152392]
[1314,215,75899,75468]
[1315,72,25176,26619]
[1316,75,359144,357486]
[1317,0,581857,581885]
[1318,66,485194,486995]
[1319,200,150203,150743]
[1320,245,469243,467653]
[1321,78,189600,189664]
[1322,273,189190,188323]
[1323,142,720235,721789]
[1324,269,404620,403885]
[1325,217,11956,11840]
[1326,30,296058,296821]
[1327,208,161601,163204]
[1328,6,582997,583567]
[1329,87,437654,436048]
[1330,213,171589,170859]
[1331,144,703423,703433]
[1332,279,582240,581736]
[1333,195,221195,219493]
[1334,99,613057,611320]
[1335,102,409505,410160]
[1336,40,213965,214724]
[1337,147,272179,271285]
[1338,156,280263,281622]
[1339,268,214256,214444]
[1340,1,372189,370670]
[1341,26,564374,565782]
[1342,138,465667,466511]
[1343,153,93265,92479]
[1344,256,461592,462386]
[1345,156,231363,232991]
[1346,17,10051,9822]
[1347,44,637264,637716]
[1348,45,387126,385470]
[1349,249,218513,218483]
[1350,207,303083,302091]
[1351,37,442444,440846]
[1352,194,336054,336149]
[1353,79,610485,610274]
[1354,142,357198,358350]
[1355,108,718616,719798]
[1356,60,643990,644317]
[1357,45,1968,1701]
[1358,172,294090,295227]
[1359,131,227393,226496]
[1360,91,660040,659815]
[1361,56,210,2077]
[1362,20,418938,419841]
[1363,39,117364,116635]
[1364,80,521094,522663]
[1365,112,584697,585690]
[1366,73,91339,89603]
[1367,62,444014,444694]
[1368,155,294291,292404]
[1369,161,119432,118336]
[1370,206,184900,185768]
[1371,47,87103,85344]
[1372,87,14576,14072]
[1373,180,99727,99792]
[1374,41,210251,209706]
[1375,40,391469,393119]
[1376,4,469094,469139]
[1377,75,354778,354004]
[1378,150,657381,657835]
[1379,264,627094,628795]
[1380,25,350674,349870]
[1381,142,20342,21788]
[1382,151,432328,430676]
[1383,42,436125,437376]
[1384,169,243118,243108]
[1385,121,77459,76303]
[1386,62,592140,592573]
[1387,196,699915,700604]
[1388,28,383090,384514]
[1389,137,234685,232762]
[1390,142,333939,335877]
[1391,273,717213,717203]
[1392,206,557869,559659]
[1393,216,273817,275011]
[1394,214,577104,578187]
[1395,105,147185,145473]
[1396,136,695278,695465]
[1397,209,416796,415977]
[1398,8,707838,708230]
[1399,147,177262,176836]
[1400,139,190399,190132]
[1401,0,375587,377200]
[1402,169,663730,663545]
[1403,52,240598,241370]
[1404,248,343254,343284]
[1405,127,343296,342566]
[1406,233,316362,315940]
[1407,46,691896,691971]
[1408,91,723540,722036]
[1409,95,364940,364063]
[1410,23,514098,512322]
[1411,234,712670,712979]
[1412,201,192122,191447]
[1413,26,339766,341546]
[1414,142,301156,302716]
[1415,135,634789,633752]
[1416,241,711473,710536]
[1417,118,230114,230460]
[1418,8,613104,614830]
[1419,180,149085,149798]
[1420,207,489876,489607]
[1421,131,713552,711888]
[1422,148,403531,404245]
[1423,152,604324,604735]
[1424,36,581898,583108]
[1425,30,30183,30332]
[1426,244,694579,694702]
[1427,107,625433,624036]
[1428,138,376268,377237]
[1429,24,491175,492043]
[1430,247,155701,155525]
[1431,214,552473,553709]
[1432,240,92310,93143]
[1433,148,84207,84568]
[1434,186,162249,162609]
[1435,189,324424,323561]
[1436,174,455530,456622]
[1437,61,102760,101625]
[1438,169,409497,408559]
[1439,130,437053,437649]
[1440,187,424662,424298]
[1441,140,176768,177834]
[1442,90,228696,229953]
[1443,183,487653,486262]
[1444,2,16557,17404]
[1445,129,44536,43366]
[1446,212,329522,329950]
[1447,57,350303,348519]
[1448,141,545688,545182]
[1449,57,467815,467318]
[1450,15,118511,118022]
[1451,27,658370,657847]
[1452,265,495359,493796]
[1453,45,473478,472578]
[1454,123,488343,486610]
[1455,255,696771,695058]
[1456,120,538275,539651]
[1457,185,265537,264054]
[1458,92,426454,427488]
[1459,241,242213,241617]
[1460,34,426645,428304]
[1461,43,710246,709624]
[1462,124,185080,186509]
[1463,172,73540,73560]
[1464,55,689940,688605]
[1465,104,60733,61377]
[1466,217,631899,630435]
[1467,69,178993,178523]
[1468,73,490169,488587]
[1469,210,126449,126862]
[1470,109,603002,601816]
[1471,122,379576,380224]
[1472,125,149772,148102]
[1473,252,585790,586367]
[1474,22,679478,680973]
[1475,62,271594,272786]
[1476,125,376367,375009]
[1477,141,23609,21978]
[1478,229,143254,141842]
[1479,262,317026,318890]
[1480,204,142999,143479]
[1481,142,683650,685551]
[1482,158,579989,580728]
[1483,178,575378,575774]
[1484,4,82661,83815]
[1485,232,244261,244734]
[1486,169,22199,21738]
[1487,141,345231,344701]
[1488,216,390165,390473]
[1489,200,714177,715672]
[1490,256,271410,272888]
[1491,22,507958,509925]
[1492,29,719860,719391]
[1493,206,361428,362335]
[1494,163,609328,608989]
[1495,277,278221,276417]
[1496,264,471382,473186]
[1497,11,643327,642701]
[1498,182,254376,255861]
[1499,227,363111,362894]
[1500,31,538271,536459]
[1501,150,650472,650605]
[1502,133,597274,597035]
[1503,235,351851,351109]
[1504,192,166326,168307]
[1505,189,296812,295028]
[1506,25,440109,440009]
[1507,113,652392,650428]
[1508,272,538811,540007]
[1509,20,553152,553468]
[1510,250,175288,175733]
[1511,189,226979,225529]
[1512,95,41992,40936]
[1513,78,146488,147681]
[1514,124,535406,536010]
[1515,204,381155,383036]
[1516,65,428495,426841]
[1517,147,571473,569987]
[1518,55,47236,46695]
[1519,45,261441,259940]
[1520,146,328235,329199]
[1521,102,7701,8209]
[1522,53,478560,476590]
[1523,123,337922,336051]
[1524,252,123808,124655]
[1525,197,330299,330172]
[1526,273,28220,26446]
[1527,181,112410,111407]
[1528,43,92211,91458]
[1529,39,90226,88967]
[1530,48,531329,532549]
[1531,33,455713,454795]
[1532,134,344603,346347]
[1533,134,711577,713389]
[1534,238,176467,178127]
[1535,191,256565,256488]
[1536,10,136453,138049]
[1537,137,532906,532794]
[1538,69,227228,227186]
[1539,155,531841,530697]
[1540,97,47229,46449]
[1541,240,693917,694756]
[1542,167,687157,686563]
[1543,210,19297,19485]
[1544,45,249599,249567]
[1545,211,119723,118525]
[1546,56,273989,274027]
[1547,34,91952,92636]
[1548,102,154433,155043]
[1549,128,620261,621800]
[1550,192,509034,510682]
[1551,94,282034,283504]
[1552,143,234100,232591]
[1553,148,336836,338707]
[1554,24,189741,190411]
[1555,175,547330,545694]
[1556,212,426485,428130]
[1557,122,335069,336742]
[1558,141,20014,19272]
[1559,52,153761,155017]
[1560,209,70259,69013]
[1561,118,353995,355655]
[1562,141,95738,94385]
[1563,261,357779,356721]
[1564,66,71861,73533]
[1565,169,351471,350041]
[1566,196,221657,222663]
[1567,179,346581,346445]
[1568,215,323961,322137]
[1569,81,226825,226675]
[1570,263,458730,457814]
[1571,26,387893,388908]
[1572,198,272396,273141]
[1573,234,270752,271857]
[1574,11,319324,317925]
[1575,72,292982,294925]
[1576,262,146352,147878]
[1577,131,622282,620845]
[1578,120,292347,292975]
[1579,214,442122,442611]
[1580,220,69949,70925]
[1581,249,283363,282735]
[1582,82,712707,714666]
[1583,16,192636,193122]
[1584,134,715024,715524]
[1585,76,407309,407938]
[1586,224,184611,185085]
[1587,223,657805,657308]
[1588,241,84365,83710]
[1589,199,439172,437956]
[1590,167,520520,520414]
[1591,271,220089,218188]
[1592,207,435598,434370]
[1593,214,349722,351181]
[1594,41,355685,354374]
[1595,186,56829,57729]
[1596,13,301497,300256]
[1597,145,509340,509023]
[1598,52,378449,379485]
[1599,123,423371,421953]
[1600,115,289720,289253]
[1601,232,277397,277702]
[1602,216,449695,450128]
[1603,237,632195,630983]
[1604,142,661072,662482]
[1605,126,653342,655175]
[1606,105,450497,448989]
[1607,248,625487,626423]
[1608,60,231633,232903]
[1609,119,203455,202967]
[1610,230,296436,297861]
[1611,275,698815,698568]
[1612,69,2564,1448]
[1613,266,29383,31120]
[1614,52,553280,554365]
[1615,217,562586,560618]
[1616,109,413217,412499]
[1617,171,494671,493112]
[1618,129,648421,647603]
[1619,191,729805,728432]
[1620,183,4481,3353]
[1621,279,485158,484234]
[1622,228,591229,592503]
[1623,186,664788,665144]
[1624,257,120194,119459]
[1625,274,76182,77119]
[1626,181,303805,302196]
[1627,197,626800,626472]
[1628,69,651194,649940]
[1629,33,525487,524490]
[1630,203,326375,324629]
[1631,115,517747,516025]
[1632,278,298650,299952]
[1633,120,714380,714560]
[1634,39,345168,343882]
[1635,273,161171,160459]
[1636,74,159654,160019]
[1637,254,402714,403508]
[1638,15,420726,420716]
[1639,167,563783,561796]
[1640,225,159489,158207]
[1641,182,85718,87144]
[1642,173,300841,300607]
[1643,279,203046,202647]
[1644,112,72359,73874]
[1645,276,205869,207540]
[1646,130,271138,271857]
[1647,132,625665,625899]
[1648,145,611511,609928]
[1649,59,119567,118030]
[1650,134,295985,297592]
[1651,90,712533,713244]
[1652,145,466248,465787]
[1653,15,456062,454828]
[1654,52,541107,542526]
[1655,242,712253,713801]
[1656,6,236378,236549]
[1657,270,524652,525680]
[1658,243,26883,25006]
[1659,227,574539,572761]
[1660,47,96214,95836]
[1661,126,378078,380053]
[1662,14,376315,377815]
[1663,78,447220,448900]
[1664,232,487430,487937]
[1665,199,420780,419642]
[1666,162,557028,557773]
[1667,82,322476,323348]
[1668,16,63225,65158]
[1669,161,718551,717805]
[1670,193,468813,467953]
[1671,157,155290,154075]
[1672,109,685575,685051]
[1673,207,31512,30066]
[1674,243,341896,339930]
[1675,238,411843,411883]
[1676,46,414255,415373]
[1677,42,699636,700322]
[1678,78,349114,349388]
[1679,31,156283,155582]
[1680,67,36716,36141]
[1681,62,4856,5089]
[1682,49,590251,588487]
[1683,10,625090,626127]
[1684,134,376773,378240]
[1685,125,312803,311620]
[1686,93,273894,272957]
[1687,13,670382,668391]
[1688,189,608985,608421]
[1689,236,541348,542514]
[1690,119,116602,114833]
[1691,161,126159,124865]
[1692,75,492353,491211]
[1693,108,4839,6460]
[1694,23,187620,186646]
[1695,8,308063,309712]
[1696,212,469591,470350]
[1697,278,350725,352444]
[1698,63,550437,549915]
[1699,159,59275,58583]
[1700,195,293122,292305]
[1701,4,727823,729557]
[1702,51,407775,407515]
[1703,203,669480,667786]
[1704,135,459712,458532]
[1705,5,392276,390542]
[1706,56,78584,79234]
[1707,135,342258,340994]
[1708,50,479864,480224]
[1709,178,689054,690405]
[1710,264,645770,647610]
[1711,241,276623,276030]
[1712,236,618234,619701]
[1713,122,571904,573133]
[1714,91,588049,587636]
[1715,58,642821,643824]
[1716,121,699483,698965]
[1717,156,776,1532]
[1718,7,368422,366855]
[1719,79,555740,554055]
[1720,267,345495,344618]
[1721,146,631319,632532]
[1722,91,515275,514448]
[1723,86,233383,233881]
[1724,212,196834,197021]
[1725,111,111925,111097]
[1726,162,189483,191092]
[1727,179,255413,255154]
[1728,10,121781,123131]
[1729,181,62343,61689]
[1730,52,193055,194483]
[1731,72,483447,484883]
[1732,38,610331,611245]
[1733,203,292225,291103]
[1734,110,723453,724070]
[1735,37,97048,95556]
[1736,158,461881,462737]
[1737,191,725931,724664]
[1738,51,387268,386159]
[1739,128,384756,386324]
[1740,154,77700,78671]
[1741,32,271059,272360]
[1742,188,567270,567784]
[1743,246,280066,280856]
[1744,147,325958,325076]
[1745,68,315888,317681]
[1746,202,564069,565469]
[1747,207,4264,4229]
[1748,203,504488,502776]
[1749,123,427033,425948]
[1750,195,26523,25259]
[1751,235,37837,36912]
[1752,174,562196,562460]
[1753,163,122065,121951]
[1754,54,669957,671422]
[1755,230,157008,158101]
[1756,104,441312,443035]
[1757,233,608291,606567]
[1758,255,41809,41014]
[1759,228,27575,27952]
[1760,272,105138,106290]
[1761,7,30784,30552]
[1762,108,18956,20599]
[1763,270,703674,703949]
[1764,119,222670,221469]
[1765,240,374902,376390]
[1766,190,251124,252607]
[1767,67,239488,238668]
[1768,13,693941,692992]
[1769,143,447579,446527]
[1770,87,164071,163928]
[1771,277,111951,111349]
[1772,247,273424,271506]
[1773,237,614297,613363]
[1774,251,509597,508113]
[1775,6,593152,594349]
[1776,161,645203,644476]
[1777,157,87200,85964]
[1778,29,557617,556033]
[1779,130,261582,262374]
[1780,228,148056,148730]
[1781,189,564686,563838]
[1782,245,32655,30938]
[1783,248,238903,239841]
[1784,252,689991,690953]
[1785,277,353007,351825]
[1786,46,264233,264616]
[1787,177,571445,570760]
[1788,232,687462,688368]
[1789,23,302850,301671]
[1790,212,299395,300810]
[1791,126,145280,145691]
[1792,6,104936,106699]
[1793,257,476512,475102]
[1794,152,380485,381523]
[1795,89,430534,429570]
[1796,137,297122,295872]
[1797,116,490771,491292]
[1798,156,70350,70486]
[1799,70,694623,694822]
[1800,60,661126,663051]
[1801,19,99260,98980]
[1802,80,165070,165871]
[1803,245,301763,301568]
[1804,172,515511,516725]
[1805,160,295531,296168]
[1806,53,558096,556704]
[1807,123,624293,624000]
[1808,130,713755,715629]
[1809,84,26287,27263]
[1810,143,512146,511061]
[1811,43,531057,530509]
[1812,196,330816,330992]
[1813,192,335954,336757]
[1814,211,357984,356498]
[1815,46,555453,556591]
[1816,65,120835,118850]
[1817,228,205196,205418]
[1818,24,687085,687261]
[1819,107,515650,514406]
[1820,92,526786,528539]
[1821,269,123225,121282]
[1822,148,79148,79158]
[1823,74,631950,633466]
[1824,91,248778,247425]
[1825,46,482174,483219]
[1826,226,726428,727260]
[1827,53,339637,339033]
[1828,223,461159,459241]
[1829,236,561033,562001]
[1830,144,485126,486281]
[1831,61,285298,285102]
[1832,215,393616,392368]
[1833,163,319836,317879]
[1834,127,26855,26464]
[1835,122,362017,362831]
[1836,198,559711,560305]
[1837,68,523290,523426]
[1838,26,450325,451433]
[1839,40,622674,623142]
[1840,165,200780,199316]
[1841,156,23427,23620]
[1842,114,592326,593694]
[1843,183,259007,257366]
[1844,53,226874,225526]
[1845,145,19335,18480]
[1846,9,337994,337215]
[1847,256,450549,452235]
[1848,68,92057,93486]
[1849,168,293832,295139]
[1850,143,650959,650029]
[1851,80,317741,318923]
[1852,238,579420,580670]
[1853,248,461157,462446]
[1854,22,27767,28465]
[1855,43,194211,193607]
[1856,236,87123,87809]
[1857,195,384063,382181]
[1858,213,252295,250735]
[1859,188,668757,669713]
[1860,79,713230,712380]
[1861,188,155519,157023]
[1862,19,439798,439347]
[1863,164,285377,286401]
[1864,221,362564,362316]
[1865,124,22832,24097]
[1866,79,173888,172269]
[1867,1,220868,220484]
[1868,196,279575,279948]
[1869,246,184010,184449]
[1870,42,267901,269749]
[1871,279,184447,183528]
[1872,207,494316,492508]
[1873,1,566132,564291]
[1874,182,262568,262835]
[1875,17,473752,472737]
[1876,107,566803,565830]
[1877,91,19379,17426]
[1878,31,243271,242827]
[1879,158,213792,214072]
[1880,269,219960,218725]
[1881,18,467619,469597]
[1882,226,478306,479837]
[1883,52,594938,595462]
[1884,97,35310,34282]
[1885,244,136007,136494]
[1886,248,369823,371385]
[1887,74,597149,598059]
[1888,275,382723,382676]
[1889,48,403991,404510]
[1890,182,632636,632748]
[1891,96,421335,422449]
[1892,41,347538,347515]
[1893,53,212971,212408]
[1894,169,520576,520437]
[1895,149,276838,275009]
[1896,130,519129,520887]
[1897,134,272347,273354]
[1898,85,636376,635822]
[1899,212,451713,452262]
[1900,249,453011,451803]
[1901,172,391932,393405]
[1902,205,355373,354664]
[1903,169,385343,384294]
[1904,137,305528,303787]
[1905,106,133823,135547]
[1906,96,415234,415256]
[1907,98,673150,674844]
[1908,55,503523,503003]
[1909,272,287632,288287]
[1910,228,638358,639288]
[1911,40,355966,356464]
[1912,53,351744,351558]
[1913,35,8938,7132]
[1914,275,293183,291305]
[1915,274,3510,4535]
[1916,54,210434,211803]
[1917,171,460371,459583]
[1918,63,266251,265179]
[1919,90,568258,570146]
[1920,46,292980,293881]
[1921,232,471547,471733]
[1922,42,313709,313972]
[1923,253,261651,259835]
[1924,47,487769,487444]
[1925,143,607184,606297]
[1926,224,501295,502940]
[1927,279,235210,234775]
[1928,93,488980,487086]
[1929,22,581899,582099]
[1930,251,155466,154129]
[1931,29,712401,711299]
[1932,200,206744,206769]
[1933,31,323483,323437]
[1934,132,411031,411535]
[1935,93,241167,239401]
[1936,195,499789,498018]
[1937,219,169945,169419]
[1938,208,613001,614814]
[1939,245,684175,683532]
[1940,140,402305,403486]
[1941,138,109301,110396]
[1942,124,211298,212792]
[1943,263,598044,596325]
[1944,88,421694,422595]
[1945,101,485765,484393]
[1946,177,72034,70938]
[1947,215,383056,382434]
[1948,13,673402,672889]
[1949,239,8760,8240]
[1950,78,605640,606502]
[1951,192,225148,226562]
[1952,65,256391,255684]
[1953,200,73527,75005]
[1954,107,49514,47932]
[1955,107,210753,209369]
[1956,41,446053,445688]
[1957,103,261887,260659]
[1958,13,477925,477753]
[1959,84,104898,105157]
[1960,239,30202,28422]
[1961,53,220688,219179]
[1962,0,701793,703507]
[1963,189,463826,462021]
[1964,43,165773,163866]
[1965,163,620068,619850]
[1966,51,132851,130927]
[1967,270,528981,530659]
[1968,166,269835,270931]
[1969,39,534655,534566]
[1970,93,464587,463913]
[1971,33,433178,432548]
[1972,235,242668,241484]
[1973,18,90347,90515]
[1974,33,75740,75039]
[1975,265,265928,265491]
[1976,237,30502,28610]
[1977,15,304633,302835]
[1978,139,592246,590834]
[1979,245,453880,453475]
[1980,264,2086,2404]
[1981,211,102449,102175]
[1982,0,238523,238694]
[1983,241,485550,484173]
[1984,235,40767,39015]
[1985,3,492984,491230]
[1986,9,376393,375279]
[1987,128,97339,97808]
[1988,209,475108,473774]
[1989,122,486932,488570]
[1990,117,660384,659655]
[1991,262,220343,221457]
[1992,139,636876,635729]
[1993,245,380752,379957]
[1994,144,76478,77749]
[1995,193,546586,545532]
[1996,152,429289,430302]
[1997,35,192352,190805]
[1998,248,72197,73282]
[1999,155,327711,327250]
[2000,130,83859,85495]
