["head":"wrap","lpos","status"]
[251,133401,1]
["io count"]
[1000]
["io":"id","wrap","startLpos","endLpos"]
[1,0,110143,111524]
[2,0,265523,266603]
[3,0,441510,443055]
[4,0,673858,674754]
[5,0,726994,728227]
[6,1,581992,580442]
[7,1,353952,352855]
[8,1,231037,229684]
[9,1,110682,109995]
[10,1,5122,4197]
[11,1,1535,0]
[12,2,140372,141390]
[13,2,380280,381311]
[14,2,499795,501429]
[15,2,724807,725421]
[16,2,726994,728718]
[17,3,604629,604592]
[18,3,394093,392153]
[19,3,263513,263337]
[20,3,62530,60773]
[21,3,1484,0]
[22,4,219087,221052]
[23,4,326808,327645]
[24,4,487868,488518]
[25,4,623189,624114]
[26,4,725138,725967]
[27,4,726994,727232]
[28,5,606459,605899]
[29,5,446826,445587]
[30,5,275181,273820]
[31,5,46048,45067]
[32,5,972,0]
[33,6,201271,201712]
[34,6,364323,365201]
[35,6,507531,509399]
[36,6,623049,623075]
[37,6,726994,727422]
[38,7,506839,505522]
[39,7,326106,324727]
[40,7,84916,83448]
[41,7,242,0]
[42,8,233327,234241]
[43,8,444200,445038]
[44,8,559927,561552]
[45,8,726994,727894]
[46,9,518660,517208]
[47,9,327426,326077]
[48,9,160248,158958]
[49,9,35499,34106]
[50,9,1526,0]
[51,10,245437,246484]
[52,10,395596,396825]
[53,10,588345,590188]
[54,10,726994,728878]
[55,11,483886,482007]
[56,11,346920,346152]
[57,11,210592,209878]
[58,11,73942,73825]
[59,11,1329,0]
[60,12,217938,218243]
[61,12,371626,373104]
[62,12,501538,502200]
[63,12,713469,714747]
[64,12,726994,727265]
[65,13,497972,496432]
[66,13,327254,325756]
[67,13,214826,214529]
[68,13,10236,8267]
[69,13,816,0]
[70,14,198219,198248]
[71,14,328432,330221]
[72,14,466051,467461]
[73,14,583732,585027]
[74,14,726994,727621]
[75,15,619789,618753]
[76,15,452445,451897]
[77,15,293232,293152]
[78,15,152414,151677]
[79,15,6367,4529]
[80,15,1825,0]
[81,16,238643,239258]
[82,16,399647,400532]
[83,16,568569,569623]
[84,16,726994,727453]
[85,17,604391,603269]
[86,17,375095,373810]
[87,17,191254,190027]
[88,17,21301,21113]
[89,17,1755,0]
[90,18,197710,198618]
[91,18,368318,368811]
[92,18,602808,604393]
[93,18,726994,728564]
[94,19,506487,506364]
[95,19,303431,301574]
[96,19,72983,71872]
[97,19,1974,0]
[98,20,101743,102249]
[99,20,257009,258441]
[100,20,408527,409317]
[101,20,616028,616563]
[102,20,726994,728215]
[103,21,504749,504197]
[104,21,397451,397268]
[105,21,241872,241672]
[106,21,22838,21250]
[107,21,731,0]
[108,22,134703,135335]
[109,22,257272,257950]
[110,22,400918,401839]
[111,22,607399,607856]
[112,22,726994,728287]
[113,23,526753,524947]
[114,23,411713,409850]
[115,23,190809,189057]
[116,23,928,0]
[117,24,138871,140372]
[118,24,332040,333372]
[119,24,520018,521134]
[120,24,692335,693591]
[121,24,726994,727234]
[122,25,556571,554609]
[123,25,357837,356996]
[124,25,253035,251224]
[125,25,52318,52233]
[126,25,1050,0]
[127,26,184842,186116]
[128,26,407251,407310]
[129,26,584937,586494]
[130,26,726994,727700]
[131,27,595734,594533]
[132,27,404375,403931]
[133,27,257616,257337]
[134,27,38688,36934]
[135,27,627,0]
[136,28,121698,122177]
[137,28,324578,326272]
[138,28,553883,555241]
[139,28,726994,728106]
[140,29,587517,587145]
[141,29,441230,440951]
[142,29,327952,326031]
[143,29,195383,193717]
[144,29,36403,35965]
[145,29,1785,0]
[146,30,242970,244740]
[147,30,344417,346135]
[148,30,571477,573115]
[149,30,726994,728096]
[150,31,619906,618719]
[151,31,387612,386718]
[152,31,208034,206691]
[153,31,18072,16923]
[154,31,87,0]
[155,32,244426,245932]
[156,32,443856,445442]
[157,32,679894,681032]
[158,32,726994,727774]
[159,33,545124,543126]
[160,33,440877,440182]
[161,33,276445,274959]
[162,33,70743,69544]
[163,33,1491,0]
[164,34,147151,147268]
[165,34,253320,254625]
[166,34,437917,438036]
[167,34,672379,672975]
[168,34,726994,727994]
[169,35,582876,581047]
[170,35,384369,384309]
[171,35,234003,232279]
[172,35,14807,14346]
[173,35,1982,0]
[174,36,180384,181774]
[175,36,351617,352516]
[176,36,492964,493083]
[177,36,687729,688890]
[178,36,726994,727611]
[179,37,582857,581100]
[180,37,431589,431326]
[181,37,187992,187836]
[182,37,1003,0]
[183,38,228203,230161]
[184,38,352251,353556]
[185,38,546611,547701]
[186,38,697187,698651]
[187,38,726994,728238]
[188,39,532342,532114]
[189,39,288507,288263]
[190,39,116436,115194]
[191,39,1275,0]
[192,40,185277,185359]
[193,40,356241,356682]
[194,40,540947,541714]
[195,40,683619,683818]
[196,40,726994,727093]
[197,41,511333,510095]
[198,41,331490,330342]
[199,41,116044,114945]
[200,41,1067,0]
[201,42,162330,163538]
[202,42,315992,317167]
[203,42,532473,534001]
[204,42,726994,728184]
[205,43,610522,609956]
[206,43,426315,425536]
[207,43,311083,309774]
[208,43,92194,92115]
[209,43,1749,0]
[210,44,247690,249108]
[211,44,381277,381971]
[212,44,599461,601366]
[213,44,726994,727415]
[214,45,594377,593724]
[215,45,426115,424904]
[216,45,215819,214307]
[217,45,72967,72498]
[218,45,455,0]
[219,46,182235,182327]
[220,46,360719,361433]
[221,46,590052,590101]
[222,46,726994,728714]
[223,47,522077,520929]
[224,47,421222,420380]
[225,47,247933,247094]
[226,47,77384,76036]
[227,47,941,0]
[228,48,206587,206664]
[229,48,420308,421156]
[230,48,641251,641643]
[231,48,726994,728490]
[232,49,491023,490967]
[233,49,352580,351012]
[234,49,184667,183642]
[235,49,53507,52260]
[236,49,486,0]
[237,50,130866,131022]
[238,50,265967,266875]
[239,50,443448,444013]
[240,50,652837,654742]
[241,50,726994,727673]
[242,51,490859,489600]
[243,51,277776,275965]
[244,51,35499,34399]
[245,51,264,0]
[246,52,179168,180542]
[247,52,282575,283539]
[248,52,477286,478020]
[249,52,722976,723157]
[250,52,726994,728403]
[251,53,613312,611512]
[252,53,451721,451491]
[253,53,308747,307618]
[254,53,81211,80263]
[255,53,1072,0]
[256,54,173897,174217]
[257,54,393494,394142]
[258,54,565054,565420]
[259,54,724933,725682]
[260,54,726994,728842]
[261,55,611210,610452]
[262,55,367534,367289]
[263,55,135582,133677]
[264,55,326,0]
[265,56,246562,248184]
[266,56,475193,476697]
[267,56,627431,628595]
[268,56,726994,728773]
[269,57,503467,502703]
[270,57,375543,373814]
[271,57,172651,172615]
[272,57,1443,0]
[273,58,162967,164308]
[274,58,326357,328204]
[275,58,552999,553543]
[276,58,704686,706291]
[277,58,726994,728567]
[278,59,540467,538607]
[279,59,379151,378460]
[280,59,204313,204207]
[281,59,1269,0]
[282,60,129523,130366]
[283,60,266644,267332]
[284,60,469281,470031]
[285,60,693343,693487]
[286,60,726994,727107]
[287,61,612637,611567]
[288,61,405094,403950]
[289,61,242439,241960]
[290,61,1819,0]
[291,62,227436,228429]
[292,62,386350,387939]
[293,62,561172,561237]
[294,62,726994,727892]
[295,63,504588,504320]
[296,63,358663,358624]
[297,63,217980,217578]
[298,63,70962,69530]
[299,63,1818,0]
[300,64,227312,228478]
[301,64,433775,434937]
[302,64,647280,647487]
[303,64,726994,727956]
[304,65,551530,550675]
[305,65,427301,426895]
[306,65,295107,293249]
[307,65,180763,179951]
[308,65,43868,41888]
[309,65,1718,0]
[310,66,177848,179352]
[311,66,382517,382955]
[312,66,531404,532744]
[313,66,670346,671045]
[314,66,726994,728121]
[315,67,599834,599744]
[316,67,385624,384781]
[317,67,271199,269959]
[318,67,66119,64958]
[319,67,1988,0]
[320,68,245003,245074]
[321,68,482446,483778]
[322,68,656032,657013]
[323,68,726994,728654]
[324,69,630318,628569]
[325,69,434185,433954]
[326,69,218811,216883]
[327,69,54503,52714]
[328,69,633,0]
[329,70,129433,131146]
[330,70,373837,375796]
[331,70,524092,524243]
[332,70,667832,669059]
[333,70,726994,727160]
[334,71,592563,591098]
[335,71,487160,487078]
[336,71,300766,300193]
[337,71,56708,55385]
[338,71,894,0]
[339,72,208716,209621]
[340,72,428603,429645]
[341,72,544782,545532]
[342,72,726994,728337]
[343,73,532310,531576]
[344,73,286555,285105]
[345,73,110310,109840]
[346,73,824,0]
[347,74,149962,150255]
[348,74,299505,299567]
[349,74,476655,478640]
[350,74,619348,619981]
[351,74,726994,727479]
[352,75,516990,515320]
[353,75,295192,293226]
[354,75,101040,100894]
[355,75,1419,0]
[356,76,144793,144990]
[357,76,335169,335595]
[358,76,492083,493291]
[359,76,596662,597844]
[360,76,710065,710204]
[361,76,726994,728162]
[362,77,607827,606141]
[363,77,504107,502741]
[364,77,351604,349918]
[365,77,234221,233070]
[366,77,39925,38125]
[367,77,259,0]
[368,78,198406,198881]
[369,78,438472,439167]
[370,78,610867,612031]
[371,78,726994,728863]
[372,79,514213,512416]
[373,79,397062,396202]
[374,79,253659,253056]
[375,79,17682,16435]
[376,79,1682,0]
[377,80,200494,201921]
[378,80,370550,372443]
[379,80,515645,517390]
[380,80,705657,707422]
[381,80,726994,727872]
[382,81,490081,489851]
[383,81,341229,339794]
[384,81,165702,164857]
[385,81,49321,48593]
[386,81,1206,0]
[387,82,237067,238109]
[388,82,411528,413035]
[389,82,556003,556418]
[390,82,726994,727219]
[391,83,526166,524168]
[392,83,401614,399679]
[393,83,251026,249115]
[394,83,114361,112996]
[395,83,1973,0]
[396,84,141615,143029]
[397,84,344185,345702]
[398,84,503374,503607]
[399,84,626112,628001]
[400,84,726994,727206]
[401,85,532844,531095]
[402,85,426104,424346]
[403,85,236549,236539]
[404,85,14973,14012]
[405,85,713,0]
[406,86,201374,202983]
[407,86,418288,418932]
[408,86,562208,562349]
[409,86,690302,692156]
[410,86,726994,727735]
[411,87,533142,532884]
[412,87,347417,346684]
[413,87,171665,170342]
[414,87,45,0]
[415,88,107082,109012]
[416,88,265041,265093]
[417,88,504245,505496]
[418,88,637054,638378]
[419,88,726994,728905]
[420,89,599611,599593]
[421,89,451773,450224]
[422,89,243356,241447]
[423,89,58845,58540]
[424,89,1812,0]
[425,90,118728,120354]
[426,90,349956,350235]
[427,90,470291,471870]
[428,90,599931,601075]
[429,90,726994,727858]
[430,91,535608,534140]
[431,91,435003,433647]
[432,91,307451,306486]
[433,91,162121,160542]
[434,91,55950,54232]
[435,91,1927,0]
[436,92,238402,238694]
[437,92,454119,455799]
[438,92,681682,682253]
[439,92,726994,727779]
[440,93,541198,539312]
[441,93,366391,364727]
[442,93,206840,205445]
[443,93,971,0]
[444,94,213227,214214]
[445,94,399826,401266]
[446,94,580065,580966]
[447,94,726994,728385]
[448,95,598530,597486]
[449,95,390334,390108]
[450,95,170301,168999]
[451,95,1062,0]
[452,96,122413,122540]
[453,96,293773,294985]
[454,96,440809,442177]
[455,96,672536,672828]
[456,96,726994,727832]
[457,97,511718,510071]
[458,97,372601,370730]
[459,97,201679,201345]
[460,97,511,0]
[461,98,127015,128354]
[462,98,326957,328648]
[463,98,559876,561352]
[464,98,726994,728264]
[465,99,568075,566314]
[466,99,463458,461703]
[467,99,244251,242336]
[468,99,41369,39576]
[469,99,678,0]
[470,100,100639,101339]
[471,100,339640,341320]
[472,100,571444,571786]
[473,100,726994,727442]
[474,101,510555,509904]
[475,101,276362,274680]
[476,101,122184,120296]
[477,101,1905,0]
[478,102,128169,129242]
[479,102,289977,291261]
[480,102,523267,523398]
[481,102,662360,663088]
[482,102,726994,727341]
[483,103,617131,616521]
[484,103,442421,440481]
[485,103,207078,207011]
[486,103,81893,80991]
[487,103,1130,0]
[488,104,239635,241349]
[489,104,467716,468841]
[490,104,621675,623140]
[491,104,726994,727571]
[492,105,535324,534507]
[493,105,423760,422252]
[494,105,271335,270930]
[495,105,21875,21788]
[496,105,1621,0]
[497,106,196409,196922]
[498,106,322092,322102]
[499,106,487763,489178]
[500,106,726994,728185]
[501,107,569067,568012]
[502,107,337057,335610]
[503,107,220353,218467]
[504,107,118877,117374]
[505,107,11087,10637]
[506,107,1568,0]
[507,108,220160,221551]
[508,108,411439,411794]
[509,108,613812,614453]
[510,108,726994,728022]
[511,109,531587,530749]
[512,109,348531,347162]
[513,109,105085,103710]
[514,109,1449,0]
[515,110,222978,224639]
[516,110,428598,430040]
[517,110,629591,630294]
[518,110,726994,728138]
[519,111,622463,620955]
[520,111,510666,508837]
[521,111,287488,286527]
[522,111,129391,128954]
[523,111,646,0]
[524,112,201630,202451]
[525,112,341718,342912]
[526,112,580788,581873]
[527,112,726994,727436]
[528,113,535310,533603]
[529,113,381216,380128]
[530,113,250965,250756]
[531,113,70918,69667]
[532,113,143,0]
[533,114,241846,243502]
[534,114,428388,429525]
[535,114,597710,599356]
[536,114,722226,722685]
[537,114,726994,727699]
[538,115,555798,554409]
[539,115,341787,340621]
[540,115,112458,110760]
[541,115,417,0]
[542,116,225617,225627]
[543,116,342723,344143]
[544,116,469649,469793]
[545,116,681812,683618]
[546,116,726994,728075]
[547,117,624092,622154]
[548,117,449285,448424]
[549,117,338735,338158]
[550,117,120872,119074]
[551,117,690,0]
[552,118,212336,213874]
[553,118,384922,385509]
[554,118,610146,611834]
[555,118,726994,727353]
[556,119,547941,547807]
[557,119,348793,348019]
[558,119,203903,203101]
[559,119,99103,98910]
[560,119,1862,0]
[561,120,173989,175352]
[562,120,407890,409334]
[563,120,508071,508428]
[564,120,624928,626300]
[565,120,726994,727927]
[566,121,511074,510719]
[567,121,293612,291781]
[568,121,177534,175896]
[569,121,17383,17287]
[570,121,997,0]
[571,122,162129,163818]
[572,122,407535,408401]
[573,122,518374,519728]
[574,122,660261,661370]
[575,122,726994,728004]
[576,123,519150,517638]
[577,123,406611,406069]
[578,123,234489,233188]
[579,123,40332,39958]
[580,123,1120,0]
[581,124,229209,230308]
[582,124,367717,369133]
[583,124,496510,497168]
[584,124,678879,678918]
[585,124,726994,728099]
[586,125,610527,609157]
[587,125,407750,407577]
[588,125,202094,201863]
[589,125,31718,31194]
[590,125,366,0]
[591,126,181730,182175]
[592,126,401817,403704]
[593,126,586985,588796]
[594,126,726994,727796]
[595,127,586199,584940]
[596,127,344087,343343]
[597,127,98062,96553]
[598,127,1442,0]
[599,128,214046,214781]
[600,128,411164,412769]
[601,128,601566,602358]
[602,128,726994,727770]
[603,129,625884,625413]
[604,129,390161,390015]
[605,129,245370,243485]
[606,129,101066,99232]
[607,129,1659,0]
[608,130,108312,108739]
[609,130,322148,323283]
[610,130,454876,455261]
[611,130,622664,624211]
[612,130,726994,727580]
[613,131,534228,532427]
[614,131,420881,420323]
[615,131,230872,230247]
[616,131,1258,0]
[617,132,174258,176186]
[618,132,278405,279203]
[619,132,506254,507743]
[620,132,626871,627323]
[621,132,726994,728159]
[622,133,582730,580796]
[623,133,353742,353403]
[624,133,210736,209408]
[625,133,103067,102331]
[626,133,1951,0]
[627,134,110173,110597]
[628,134,312939,313184]
[629,134,440494,441887]
[630,134,569393,570904]
[631,134,684227,684430]
[632,134,726994,727531]
[633,135,598287,598000]
[634,135,407922,407248]
[635,135,195119,194435]
[636,135,56049,55877]
[637,135,508,0]
[638,136,138345,139040]
[639,136,245577,246529]
[640,136,425706,427701]
[641,136,588094,589526]
[642,136,700391,701242]
[643,136,726994,727576]
[644,137,587882,586649]
[645,137,448655,447246]
[646,137,218111,216904]
[647,137,61224,60732]
[648,137,1689,0]
[649,138,121190,121548]
[650,138,357199,359180]
[651,138,578449,578590]
[652,138,726994,728517]
[653,139,580870,578954]
[654,139,457083,456250]
[655,139,309299,308096]
[656,139,189830,188826]
[657,139,6571,5435]
[658,139,1627,0]
[659,140,165911,167513]
[660,140,398870,399751]
[661,140,619284,620423]
[662,140,726994,728799]
[663,141,514563,513144]
[664,141,327916,326138]
[665,141,176071,175240]
[666,141,103,0]
[667,142,102038,102341]
[668,142,293046,294738]
[669,142,466738,467888]
[670,142,656083,657338]
[671,142,726994,728681]
[672,143,575129,574547]
[673,143,361345,360887]
[674,143,167401,167132]
[675,143,8922,8755]
[676,143,1868,0]
[677,144,135875,137704]
[678,144,269818,270477]
[679,144,402253,403810]
[680,144,515114,515301]
[681,144,620160,621153]
[682,144,726994,727045]
[683,145,521888,521826]
[684,145,321857,320596]
[685,145,104402,103166]
[686,145,1265,0]
[687,146,221243,221508]
[688,146,356434,356806]
[689,146,514340,515584]
[690,146,726994,727213]
[691,147,494683,493430]
[692,147,331369,330634]
[693,147,219622,219246]
[694,147,52700,52028]
[695,147,514,0]
[696,148,147802,149010]
[697,148,248749,249876]
[698,148,474252,475421]
[699,148,587836,589088]
[700,148,726994,727623]
[701,149,580597,580173]
[702,149,450044,449105]
[703,149,263591,262380]
[704,149,75252,74370]
[705,149,1561,0]
[706,150,136201,137932]
[707,150,301690,302792]
[708,150,529696,531086]
[709,150,678131,678521]
[710,150,726994,728006]
[711,151,527245,525316]
[712,151,288554,286819]
[713,151,90410,89347]
[714,151,343,0]
[715,152,232169,233165]
[716,152,461587,461886]
[717,152,666031,667991]
[718,152,726994,728256]
[719,153,557810,557139]
[720,153,344629,343425]
[721,153,168233,166400]
[722,153,54909,54633]
[723,153,292,0]
[724,154,236268,236478]
[725,154,395700,396649]
[726,154,499841,500647]
[727,154,606059,607829]
[728,154,726994,727070]
[729,155,568028,566053]
[730,155,444533,443511]
[731,155,222145,221439]
[732,155,60242,59491]
[733,155,1961,0]
[734,156,223987,224256]
[735,156,470944,472929]
[736,156,691031,692905]
[737,156,726994,727004]
[738,157,600935,599495]
[739,157,435863,434247]
[740,157,197047,196304]
[741,157,68946,68494]
[742,157,1545,0]
[743,158,200483,200961]
[744,158,316795,318662]
[745,158,529023,529263]
[746,158,674324,675799]
[747,158,726994,727512]
[748,159,568831,568631]
[749,159,321280,320191]
[750,159,159275,158086]
[751,159,1405,0]
[752,160,223164,224086]
[753,160,391122,392939]
[754,160,521004,522701]
[755,160,704217,705349]
[756,160,726994,727760]
[757,161,626554,625699]
[758,161,495679,494777]
[759,161,356633,355438]
[760,161,110153,108971]
[761,161,1924,0]
[762,162,240783,242684]
[763,162,485160,485445]
[764,162,638209,638447]
[765,162,726994,727516]
[766,163,490117,489847]
[767,163,347497,347385]
[768,163,241326,240803]
[769,163,104254,104192]
[770,163,81,0]
[771,164,113676,115294]
[772,164,230686,231200]
[773,164,447550,449176]
[774,164,604598,604694]
[775,164,726994,727375]
[776,165,543794,543575]
[777,165,379248,377677]
[778,165,139001,138102]
[779,165,419,0]
[780,166,169962,170974]
[781,166,408364,408804]
[782,166,545099,546923]
[783,166,647065,649000]
[784,166,726994,727252]
[785,167,535289,533416]
[786,167,426880,425461]
[787,167,282806,281430]
[788,167,83994,82914]
[789,167,674,0]
[790,168,206957,207528]
[791,168,442569,442831]
[792,168,592099,593049]
[793,168,726994,727466]
[794,169,596886,595987]
[795,169,452745,451557]
[796,169,276867,275520]
[797,169,162234,160712]
[798,169,9731,8078]
[799,169,1870,0]
[800,170,192708,194292]
[801,170,389912,391646]
[802,170,532486,533974]
[803,170,726994,727093]
[804,171,592783,591071]
[805,171,413209,411273]
[806,171,165853,165021]
[807,171,1931,0]
[808,172,107621,109481]
[809,172,223761,223845]
[810,172,470891,471242]
[811,172,702505,703377]
[812,172,726994,727870]
[813,173,546980,546453]
[814,173,437287,436128]
[815,173,274649,273163]
[816,173,99945,99192]
[817,173,579,0]
[818,174,139279,140142]
[819,174,273073,274906]
[820,174,379851,381104]
[821,174,565554,566988]
[822,174,726994,727442]
[823,175,576169,575966]
[824,175,424163,423904]
[825,175,199124,197777]
[826,175,67224,65480]
[827,175,1606,0]
[828,176,116689,117910]
[829,176,258281,259678]
[830,176,490209,492037]
[831,176,618309,619115]
[832,176,718507,719990]
[833,176,726994,728662]
[834,177,508498,507241]
[835,177,334813,333266]
[836,177,203428,201824]
[837,177,77996,77555]
[838,177,1831,0]
[839,178,129577,131393]
[840,178,262812,263689]
[841,178,484789,484971]
[842,178,656847,657536]
[843,178,726994,728748]
[844,179,536074,535013]
[845,179,321291,319443]
[846,179,83960,82720]
[847,179,166,0]
[848,180,207571,208350]
[849,180,399309,399412]
[850,180,605426,605436]
[851,180,726994,727026]
[852,181,512171,510281]
[853,181,316429,315629]
[854,181,198508,198272]
[855,181,149,0]
[856,182,146004,146503]
[857,182,263468,265448]
[858,182,452193,453948]
[859,182,622095,623816]
[860,182,726994,728723]
[861,183,575770,573835]
[862,183,401748,400869]
[863,183,220019,218455]
[864,183,102044,100441]
[865,183,488,0]
[866,184,171070,172181]
[867,184,390790,391997]
[868,184,517567,518496]
[869,184,717580,718522]
[870,184,726994,728370]
[871,185,529074,527267]
[872,185,344643,343167]
[873,185,102298,102233]
[874,185,1913,0]
[875,186,100351,101241]
[876,186,264432,264697]
[877,186,418799,419952]
[878,186,628220,629276]
[879,186,726994,728039]
[880,187,577875,576266]
[881,187,331719,330311]
[882,187,160232,159155]
[883,187,1499,0]
[884,188,158036,158244]
[885,188,362245,363910]
[886,188,538539,538549]
[887,188,650065,651125]
[888,188,726994,728991]
[889,189,624377,624270]
[890,189,474760,473627]
[891,189,346833,345107]
[892,189,140828,140786]
[893,189,12,0]
[894,190,105844,107486]
[895,190,231409,233054]
[896,190,340957,341809]
[897,190,510037,510791]
[898,190,726994,728198]
[899,191,621345,619564]
[900,191,432654,430958]
[901,191,186143,185563]
[902,191,23078,21138]
[903,191,1525,0]
[904,192,101486,102483]
[905,192,217673,219526]
[906,192,373169,373584]
[907,192,573312,574575]
[908,192,726994,728353]
[909,193,507944,506473]
[910,193,370069,369409]
[911,193,234228,232908]
[912,193,880,0]
[913,194,199895,199984]
[914,194,316206,317377]
[915,194,478403,479843]
[916,194,660965,662720]
[917,194,726994,728165]
[918,195,562431,561579]
[919,195,363346,361594]
[920,195,251086,249808]
[921,195,78202,76217]
[922,195,1831,0]
[923,196,188659,189979]
[924,196,300295,300644]
[925,196,476413,477886]
[926,196,599005,600322]
[927,196,726994,728195]
[928,197,627031,626452]
[929,197,436044,435523]
[930,197,188103,186768]
[931,197,66656,66028]
[932,197,1454,0]
[933,198,210935,212562]
[934,198,332101,332254]
[935,198,438138,438941]
[936,198,649673,651154]
[937,198,726994,727914]
[938,199,512693,512627]
[939,199,410205,409013]
[940,199,232465,232074]
[941,199,5217,4139]
[942,199,512,0]
[943,200,238610,240233]
[944,200,420976,422144]
[945,200,647222,648905]
[946,200,726994,728410]
[947,201,524148,523225]
[948,201,351848,350642]
[949,201,213717,213449]
[950,201,97741,96714]
[951,201,484,0]
[952,202,152243,152849]
[953,202,350574,351784]
[954,202,533652,533808]
[955,202,685303,686258]
[956,202,726994,728030]
[957,203,557630,556157]
[958,203,372934,372425]
[959,203,252480,250865]
[960,203,56287,55941]
[961,203,1844,0]
[962,204,138018,138613]
[963,204,288899,289051]
[964,204,436552,438375]
[965,204,665178,665926]
[966,204,726994,727950]
[967,205,549303,547999]
[968,205,355945,354277]
[969,205,248223,246849]
[970,205,36300,35452]
[971,205,412,0]
[972,206,103176,103629]
[973,206,252075,253787]
[974,206,393260,393647]
[975,206,605773,607394]
[976,206,726994,728389]
[977,207,534064,532261]
[978,207,352161,351617]
[979,207,142676,141723]
[980,207,424,0]
[981,208,188943,190866]
[982,208,368049,369486]
[983,208,560895,562277]
[984,208,726994,728128]
[985,209,577605,576012]
[986,209,472710,472373]
[987,209,235841,235319]
[988,209,124247,122829]
[989,209,1198,0]
[990,210,121118,121255]
[991,210,263469,263586]
[992,210,477835,479229]
[993,210,687301,688386]
[994,210,726994,727263]
[995,211,494235,493017]
[996,211,393074,392889]
[997,211,168065,166488]
[998,211,874,0]
[999,212,179201,179407]
[1000,212,368838,369790]
