["head":"wrap","lpos","status"]
[230,668249,1]
["io count"]
[2000]
["io":"id","wrap","startLpos","endLpos"]
[1,144,1,1925]
[2,253,1702,1]
[3,64,1,1536]
[4,181,1100,2]
[5,189,1052,1]
[6,129,368,1]
[7,161,1540,1]
[8,272,1,414]
[9,41,1848,2]
[10,106,1,1212]
[11,268,1,1180]
[12,174,1,1998]
[13,0,1,863]
[14,215,1520,1]
[15,102,1,83]
[16,277,1914,1]
[17,203,131,1]
[18,30,1,1423]
[19,2,1,1852]
[20,5,1978,2]
[21,244,2,1468]
[22,233,491,1]
[23,230,1,1878]
[24,122,1,953]
[25,82,1,55]
[26,20,1,1712]
[27,128,1,621]
[28,121,577,1]
[29,33,1141,1]
[30,220,1,455]
[31,219,501,1]
[32,29,1194,1]
[33,237,342,1]
[34,176,1,1599]
[35,12,1,597]
[36,85,709,1]
[37,212,1,1490]
[38,97,1363,1]
[39,117,907,1]
[40,14,1,701]
[41,209,542,1]
[42,99,904,1]
[43,170,2,1487]
[44,198,1,1404]
[45,89,775,1]
[46,86,1,1569]
[47,119,1671,2]
[48,205,1258,1]
[49,28,1,1343]
[50,46,1,1234]
[51,83,810,1]
[52,172,1,364]
[53,222,1,1463]
[54,254,1,418]
[55,207,1526,1]
[56,40,2,1087]
[57,92,1,994]
[58,124,1,666]
[59,3,1541,2]
[60,154,1,1846]
[61,234,1,233]
[62,237,1797,1]
[63,145,808,1]
[64,276,1,1293]
[65,84,2,1287]
[66,258,1,199]
[67,246,2,340]
[68,257,1063,1]
[69,191,1454,1]
[70,87,1824,1]
[71,130,1,1744]
[72,98,1,1087]
[73,249,11,1]
[74,74,1,1071]
[75,6,1,248]
[76,252,1,371]
[77,245,885,1]
[78,129,714,2]
[79,145,1141,2]
[80,235,411,2]
[81,199,1798,1]
[82,55,486,1]
[83,247,1690,1]
[84,35,1637,1]
[85,69,1922,1]
[86,143,479,1]
[87,148,2,1216]
[88,76,1,1413]
[89,31,731,1]
[90,245,1219,1]
[91,197,278,1]
[92,213,1549,1]
[93,260,1,1447]
[94,167,22,1]
[95,150,1,387]
[96,70,1,1284]
[97,75,1460,1]
[98,119,746,1]
[99,52,1,354]
[100,63,1707,1]
[101,156,1,1116]
[102,203,1239,2]
[103,73,608,1]
[104,275,1999,1]
[105,65,568,1]
[106,153,1446,2]
[107,165,127,1]
[108,105,1413,1]
[109,159,179,1]
[110,241,958,1]
[111,188,1,209]
[112,24,1,1393]
[113,32,2,723]
[114,187,1877,1]
[115,162,1,1157]
[116,15,1176,1]
[117,163,961,2]
[118,200,2,376]
[119,229,1805,1]
[120,113,860,1]
[121,146,1,173]
[122,55,1826,1]
[123,67,1246,1]
[124,155,1456,1]
[125,7,1637,1]
[126,34,1,1992]
[127,108,2,162]
[128,141,1343,1]
[129,85,1459,1]
[130,214,1,1750]
[131,60,1,418]
[132,113,1748,1]
[133,171,681,1]
[134,279,1862,1]
[135,242,1,341]
[136,59,938,2]
[137,44,1,1298]
[138,278,1,1497]
[139,9,1374,2]
[140,113,1898,1]
[141,53,684,1]
[142,136,1,1446]
[143,269,1702,1]
[144,165,1619,1]
[145,227,1880,1]
[146,248,1,789]
[147,256,1,1426]
[148,17,1516,1]
[149,149,1939,1]
[150,173,1212,2]
[151,116,1,1688]
[152,90,1,1675]
[153,13,1788,1]
[154,181,707,1]
[155,206,1,1311]
[156,207,1996,1]
[157,249,1814,1]
[158,41,858,1]
[159,4,1,1580]
[160,233,1468,1]
[161,171,1477,1]
[162,118,1,151]
[163,262,2,1542]
[164,75,1694,1]
[165,129,1762,1]
[166,182,1,482]
[167,135,937,1]
[168,137,1277,1]
[169,163,875,1]
[170,259,866,1]
[171,217,1210,2]
[172,101,701,1]
[173,8,1,1572]
[174,193,430,1]
[175,255,13,2]
[176,68,1,1919]
[177,223,342,1]
[178,266,1,258]
[179,50,1,1552]
[180,261,1109,1]
[181,196,1,1131]
[182,112,1,960]
[183,85,1618,1]
[184,180,1,744]
[185,123,490,1]
[186,142,1,1879]
[187,241,1756,1]
[188,178,1,310]
[189,147,978,1]
[190,133,1935,1]
[191,41,1518,1]
[192,224,1,1679]
[193,226,1,1506]
[194,132,2,300]
[195,195,1690,1]
[196,240,1,1425]
[197,250,1,299]
[198,91,192,1]
[199,48,1,617]
[200,125,1322,1]
[201,57,1123,2]
[202,265,1750,1]
[203,173,1724,1]
[204,213,1603,1]
[205,139,1824,1]
[206,159,1687,1]
[207,267,890,1]
[208,22,1,319]
[209,273,1330,2]
[210,274,1,505]
[211,210,1,1079]
[212,141,1516,1]
[213,147,1324,1]
[214,16,1,1088]
[215,245,1470,1]
[216,171,1677,2]
[217,36,1,214]
[218,169,493,1]
[219,190,1,338]
[220,270,1,452]
[221,5,954,1]
[222,25,1532,1]
[223,249,1873,1]
[224,231,1571,2]
[225,165,1889,1]
[226,53,1873,1]
[227,62,1,1577]
[228,141,1791,1]
[229,111,913,2]
[230,54,1,1576]
[231,73,1538,1]
[232,91,510,1]
[233,264,1,418]
[234,59,1973,1]
[235,129,1895,1]
[236,257,1411,1]
[237,61,1987,1]
[238,11,1582,1]
[239,179,254,1]
[240,175,11,1]
[241,137,1424,1]
[242,10,1,67]
[243,273,1817,1]
[244,5,1125,1]
[245,155,1869,2]
[246,127,1862,1]
[247,218,1,1313]
[248,219,1204,1]
[249,107,1075,1]
[250,121,1446,1]
[251,255,750,2]
[252,259,1943,2]
[253,77,658,1]
[254,71,1940,1]
[255,131,1176,1]
[256,241,1781,1]
[257,241,1850,1]
[258,51,1965,1]
[259,168,1,1089]
[260,39,866,1]
[261,79,1280,1]
[262,101,1543,1]
[263,49,1654,1]
[264,143,747,2]
[265,140,1,1191]
[266,229,1829,1]
[267,167,127,1]
[268,208,1,910]
[269,232,2,1153]
[270,38,1,1081]
[271,143,553,1]
[272,151,473,1]
[273,160,1,1792]
[274,27,1296,1]
[275,93,1812,1]
[276,213,1898,1]
[277,19,448,1]
[278,43,1877,1]
[279,33,1691,1]
[280,159,1897,1]
[281,179,1930,1]
[282,236,1,954]
[283,192,1,488]
[284,117,1035,1]
[285,42,1,1835]
[286,45,659,1]
[287,88,2,1571]
[288,103,322,1]
[289,72,1,90]
[290,25,1734,1]
[291,15,1467,1]
[292,135,1631,1]
[293,57,1859,1]
[294,18,1,958]
[295,263,1317,1]
[296,157,622,1]
[297,23,1935,3]
[298,184,1,208]
[299,138,1,1729]
[300,243,1818,1]
[301,194,2,713]
[302,95,1978,1]
[303,115,1803,1]
[304,187,1994,1]
[305,103,1342,1]
[306,27,1943,1]
[307,99,1960,1]
[308,239,1226,1]
[309,109,1522,1]
[310,185,95,2]
[311,177,494,1]
[312,225,1339,1]
[313,169,1126,1]
[314,143,1139,1]
[315,89,1891,1]
[316,267,1004,1]
[317,164,1,696]
[318,100,2,541]
[319,235,846,1]
[320,83,1354,1]
[321,47,1125,2]
[322,235,1949,1]
[323,9,765,1]
[324,119,909,1]
[325,228,1,826]
[326,177,1846,1]
[327,94,1,1171]
[328,223,1429,1]
[329,211,1598,1]
[330,58,1,339]
[331,1,184,1]
[332,216,1,1039]
[333,19,1625,1]
[334,114,2,485]
[335,186,1,1073]
[336,123,897,1]
[337,21,1723,1]
[338,31,957,2]
[339,80,1,1334]
[340,105,1450,1]
[341,185,141,1]
[342,251,1180,2]
[343,204,1,117]
[344,7,1696,1]
[345,78,1,1170]
[346,251,67,1]
[347,96,1,141]
[348,77,1851,1]
[349,125,1440,1]
[350,134,1,1492]
[351,197,1293,1]
[352,153,672,1]
[353,167,1069,1]
[354,37,789,1]
[355,5,1653,1]
[356,115,1898,1]
[357,63,1714,1]
[358,219,1244,1]
[359,39,1206,1]
[360,209,1350,1]
[361,175,1484,2]
[362,257,1467,3]
[363,185,1144,1]
[364,39,1779,1]
[365,31,1850,1]
[366,191,1562,1]
[367,203,179,1]
[368,271,1642,1]
[369,56,1,1674]
[370,17,1686,1]
[371,85,1968,1]
[372,119,1034,1]
[373,238,1,1870]
[374,152,1,1714]
[375,49,1678,2]
[376,251,1762,1]
[377,81,866,1]
[378,151,1985,1]
[379,121,1478,1]
[380,25,1878,1]
[381,185,1890,1]
[382,29,1219,1]
[383,189,1893,1]
[384,245,1901,1]
[385,67,1929,1]
[386,147,1392,1]
[387,203,1306,1]
[388,3,1593,1]
[389,110,1,1424]
[390,255,357,1]
[391,259,1527,1]
[392,131,1856,1]
[393,169,1455,1]
[394,257,1850,1]
[395,77,1979,1]
[396,120,1,1652]
[397,23,41,1]
[398,137,1653,1]
[399,1,206,1]
[400,21,1969,1]
[401,231,1739,1]
[402,201,1490,1]
[403,79,1570,1]
[404,45,1890,1]
[405,66,2,1918]
[406,26,1,127]
[407,37,1653,1]
[408,47,1427,1]
[409,1,371,1]
[410,202,1,1227]
[411,231,1932,1]
[412,3,1927,1]
[413,119,1110,1]
[414,263,1384,1]
[415,197,1899,2]
[416,237,1915,1]
[417,191,1796,1]
[418,221,280,1]
[419,1,1572,1]
[420,177,1946,1]
[421,215,1967,1]
[422,73,1933,1]
[423,251,1848,2]
[424,175,785,1]
[425,261,1658,1]
[426,41,1865,2]
[427,173,1890,1]
[428,111,1900,2]
[429,166,1,299]
[430,255,1698,1]
[431,209,1616,1]
[432,221,621,1]
[433,9,1565,1]
[434,257,1960,1]
[435,119,1856,1]
[436,23,1575,1]
[437,111,303,1]
[438,111,1125,1]
[439,221,1828,3]
[440,103,1700,1]
[441,175,1457,1]
[442,263,1655,1]
[443,163,1281,1]
[444,219,1360,1]
[445,145,844,1]
[446,15,1946,1]
[447,261,1821,1]
[448,75,1901,1]
[449,7,1811,1]
[450,267,1264,1]
[451,233,1531,1]
[452,225,1830,1]
[453,65,1112,1]
[454,11,1707,1]
[455,81,1575,2]
[456,65,1627,1]
[457,239,1553,2]
[458,39,1995,1]
[459,143,1246,1]
[460,217,1073,1]
[461,91,1251,1]
[462,217,1223,1]
[463,47,1703,1]
[464,217,1274,1]
[465,189,2000,1]
[466,91,1278,1]
[467,145,883,1]
[468,104,1,1472]
[469,65,1670,2]
[470,195,1929,1]
[471,155,1954,1]
[472,197,1460,1]
[473,123,914,2]
[474,143,1352,2]
[475,163,1484,1]
[476,203,1813,1]
[477,125,1901,1]
[478,169,1974,1]
[479,259,1844,1]
[480,217,1666,2]
[481,23,1913,1]
[482,181,827,1]
[483,197,1949,1]
[484,221,1732,2]
[485,158,1,1473]
[486,111,1542,1]
[487,31,1911,1]
[488,183,448,1]
[489,223,1807,1]
[490,199,1841,1]
[491,123,1763,1]
[492,105,1536,1]
[493,117,1598,1]
[494,185,1898,1]
[495,171,1669,1]
[496,83,1765,1]
[497,126,1,1879]
[498,91,1393,1]
[499,167,1696,1]
[500,81,1978,1]
[501,57,1985,1]
[502,181,1366,2]
[503,229,1858,1]
[504,121,1944,1]
[505,209,1633,2]
[506,1,1887,1]
[507,201,1655,1]
[508,271,1897,1]
[509,109,1578,1]
[510,147,1528,1]
[511,143,1917,1]
[512,233,1958,1]
[513,221,1203,1]
[514,193,1170,1]
[515,29,1942,1]
[516,175,1773,2]
[517,161,1911,1]
[518,251,1921,1]
[519,75,1970,1]
[520,219,1907,1]
[521,229,1879,1]
[522,83,1975,2]
[523,239,1475,1]
[524,35,1893,1]
[525,157,916,1]
[526,225,1877,1]
[527,183,738,1]
[528,37,1696,1]
[529,11,1948,1]
[530,119,1911,1]
[531,109,1987,1]
[532,91,1915,2]
[533,111,1905,1]
[534,97,1474,2]
[535,209,1642,1]
[536,163,1923,1]
[537,237,1993,1]
[538,157,1819,1]
[539,137,1803,1]
[540,221,1810,2]
[541,195,1933,1]
[542,209,1775,1]
[543,25,1932,1]
[544,107,1782,1]
[545,265,1916,1]
[546,103,1947,1]
[547,265,1918,1]
[548,45,1925,1]
[549,167,1748,1]
[550,183,780,1]
[551,239,1939,1]
[552,255,1983,1]
[553,19,1784,1]
[554,267,1638,2]
[555,87,1978,1]
[556,225,1937,1]
[557,105,1611,2]
[558,105,1842,1]
[559,63,1870,1]
[560,5,1688,1]
[561,135,1844,1]
[562,147,1529,1]
[563,163,1953,1]
[564,5,1874,1]
[565,193,1896,2]
[566,33,1919,1]
[567,249,1936,2]
[568,27,1949,1]
[569,175,1516,1]
[570,9,1890,1]
[571,91,1948,2]
[572,181,1965,1]
[573,253,1995,1]
[574,229,1916,1]
[575,129,1982,1]
[576,217,1317,1]
[577,209,1874,1]
[578,117,1754,1]
[579,157,1911,1]
[580,145,1700,1]
[581,5,1971,1]
[582,217,1970,1]
[583,203,1980,1]
[584,211,1653,1]
[585,135,1908,1]
[586,205,1813,1]
[587,259,1931,1]
[588,269,1944,1]
[589,141,1979,1]
[590,83,1829,1]
[591,247,1962,1]
[592,99,1983,1]
[593,123,1959,1]
[594,221,1224,1]
[595,263,1662,1]
[596,201,1980,1]
[597,139,1827,1]
[598,223,1890,1]
[599,89,1937,1]
[600,49,1785,1]
[601,159,1937,2]
[602,91,1916,1]
[603,65,1774,1]
[604,79,1591,2]
[605,79,1629,1]
[606,277,1979,1]
[607,267,1614,1]
[608,37,1956,1]
[609,19,1863,1]
[610,183,963,1]
[611,211,1757,1]
[612,55,1957,1]
[613,41,1731,1]
[614,93,1821,1]
[615,193,1611,1]
[616,147,1942,1]
[617,279,1974,1]
[618,91,1933,1]
[619,175,1678,1]
[620,183,1626,2]
[621,261,1837,1]
[622,267,1892,1]
[623,107,1952,1]
[624,49,1904,1]
[625,117,1790,1]
[626,153,1875,2]
[627,183,1712,1]
[628,175,1704,1]
[629,183,1994,1]
[630,263,1960,2]
[631,157,1993,1]
[632,139,1898,1]
[633,223,1902,1]
[634,231,1996,1]
[635,17,1800,1]
[636,273,1896,1]
[637,111,1955,1]
[638,159,2000,1]
[639,245,1941,1]
[640,153,1691,1]
[641,171,1961,1]
[642,223,1964,1]
[643,153,1725,1]
[644,145,1941,1]
[645,143,1928,1]
[646,145,1988,1]
[647,137,1890,2]
[648,63,1941,1]
[649,53,1877,1]
[650,117,1892,1]
[651,173,1910,1]
[652,43,1878,1]
[653,175,1749,1]
[654,119,1960,2]
[655,97,1436,1]
[656,221,1885,1]
[657,67,1936,1]
[658,153,1945,1]
[659,175,1868,1]
[660,227,1952,1]
[661,211,1981,1]
[662,167,1939,1]
[663,63,1962,1]
[664,101,1829,2]
[665,67,1952,1]
[666,193,1638,1]
[667,97,1608,1]
[668,89,1960,1]
[669,37,1972,1]
[670,263,1756,1]
[671,79,1817,1]
[672,101,1962,1]
[673,49,1981,1]
[674,19,1937,1]
[675,199,1859,1]
[676,41,1864,1]
[677,127,1887,1]
[678,225,1973,1]
[679,193,1778,1]
[680,127,1980,1]
[681,9,1936,1]
[682,19,1959,2]
[683,161,1915,1]
[684,131,1944,1]
[685,243,1884,1]
[686,247,1995,1]
[687,161,1952,1]
[688,53,1933,1]
[689,21,1971,1]
[690,15,1975,1]
[691,69,1943,1]
[692,17,1801,1]
[693,17,1958,1]
[694,243,1995,1]
[695,23,1934,1]
[696,91,1998,1]
[697,33,1923,1]
[698,47,1986,2]
[699,45,1960,1]
[700,179,1997,1]
[701,209,1902,1]
[702,213,1988,1]
[703,135,1944,1]
[704,53,1975,2]
[705,7,1951,1]
[706,111,1959,1]
[707,239,1991,1]
[708,269,1952,1]
[709,233,1992,1]
[710,79,1985,1]
[711,137,1836,1]
[712,185,1928,1]
[713,125,1906,1]
[714,271,1990,1]
[715,209,1922,1]
[716,143,1959,1]
[717,29,1955,1]
[718,139,1929,1]
[719,121,1974,1]
[720,197,1998,1]
[721,185,1940,2]
[722,205,1917,1]
[723,273,1964,1]
[724,193,1906,1]
[725,181,1983,1]
[726,173,1942,1]
[727,125,1970,1]
[728,93,1986,1]
[729,95,1987,1]
[730,249,1991,1]
[731,45,1968,1]
[732,149,1961,1]
[733,117,1920,1]
[734,31,1938,1]
[735,279,1986,1]
[736,211,2000,1]
[737,105,1974,1]
[738,83,1863,1]
[739,65,1805,1]
[740,225,1979,2]
[741,167,1977,2]
[742,47,1883,1]
[743,229,1984,1]
[744,3,1935,1]
[745,59,1990,1]
[746,173,1964,1]
[747,261,1879,1]
[748,221,1973,1]
[749,97,1767,1]
[750,65,1811,1]
[751,83,1968,1]
[752,117,1930,1]
[753,17,1960,1]
[754,173,1966,1]
[755,107,1959,1]
[756,47,1911,1]
[757,205,1986,1]
[758,13,1957,1]
[759,245,1952,1]
[760,123,1995,2]
[761,7,1979,1]
[762,119,1944,1]
[763,191,2000,1]
[764,59,1996,1]
[765,171,1996,1]
[766,75,1972,1]
[767,193,1952,3]
[768,25,1982,1]
[769,23,1961,1]
[770,219,1937,1]
[771,89,1969,1]
[772,273,1978,1]
[773,219,1987,1]
[774,65,1861,1]
[775,241,1860,1]
[776,163,1973,1]
[777,243,1999,1]
[778,235,1955,2]
[779,61,1989,1]
[780,53,1946,1]
[781,241,1984,1]
[782,1,1916,1]
[783,143,1989,1]
[784,35,1972,1]
[785,167,1992,1]
[786,3,1966,2]
[787,103,1966,1]
[788,89,1970,1]
[789,209,1976,1]
[790,199,1998,1]
[791,117,1984,1]
[792,69,1973,1]
[793,133,1968,2]
[794,177,1988,1]
[795,265,1998,1]
[796,49,1982,1]
[797,113,1923,2]
[798,193,1951,1]
[799,147,1998,1]
[800,77,1997,2]
[801,119,1960,1]
[802,31,1952,1]
[803,183,1998,1]
[804,73,1999,1]
[805,35,1992,1]
[806,259,1957,1]
[807,175,1875,1]
[808,29,1999,1]
[809,65,1939,1]
[810,261,1922,1]
[811,97,1824,1]
[812,263,1968,1]
[813,17,1980,1]
[814,113,1983,1]
[815,185,1983,1]
[816,33,1936,1]
[817,135,1987,1]
[818,1,1959,1]
[819,13,1967,1]
[820,43,1951,2]
[821,97,1858,1]
[822,3,1999,1]
[823,193,1979,1]
[824,9,1953,1]
[825,139,1930,1]
[826,175,1894,1]
[827,99,1986,1]
[828,107,1970,1]
[829,261,1975,1]
[830,101,1993,1]
[831,215,1973,1]
[832,223,1968,2]
[833,121,1998,1]
[834,71,1975,1]
[835,41,2001,3]
[836,97,1902,1]
[837,97,1994,1]
[838,37,2000,1]
[839,137,1856,1]
[840,137,1976,2]
[841,117,1999,1]
[842,153,1992,1]
[843,31,1954,1]
[844,137,1874,1]
[845,201,1985,1]
[846,115,1930,1]
[847,221,2000,1]
[848,149,1990,1]
[849,227,1975,1]
[850,137,1887,1]
[851,185,1995,2]
[852,115,1951,1]
[853,155,1966,2]
[854,137,1900,1]
[855,13,1994,1]
[856,267,1906,1]
[857,47,1928,1]
[858,225,1984,1]
[859,251,1976,1]
[860,43,1933,1]
[861,85,1998,1]
[862,33,1970,2]
[863,65,1943,2]
[864,89,1998,1]
[865,43,1982,1]
[866,227,1995,1]
[867,271,1996,1]
[868,41,1942,2]
[869,271,2001,2]
[870,145,1990,1]
[871,1,1962,1]
[872,31,1959,2]
[873,165,1927,1]
[874,131,1984,1]
[875,139,1997,1]
[876,195,1954,1]
[877,55,1964,1]
[878,27,1958,1]
[879,175,1904,1]
[880,67,1976,1]
[881,57,1992,1]
[882,175,1987,1]
[883,65,1980,1]
[884,15,1981,1]
[885,259,1958,1]
[886,223,1969,1]
[887,227,1997,2]
[888,111,1986,1]
[889,41,1957,1]
[890,123,1981,1]
[891,67,1994,1]
[892,161,1965,1]
[893,137,1962,1]
[894,121,2000,1]
[895,263,1999,1]
[896,65,1984,1]
[897,277,1992,1]
[898,257,1981,1]
[899,213,1996,1]
[900,119,1962,1]
[901,31,1963,1]
[902,31,1980,1]
[903,115,1985,1]
[904,57,1994,2]
[905,31,1986,1]
[906,9,1980,1]
[907,105,1985,1]
[908,83,1998,1]
[909,257,1984,1]
[910,49,1987,1]
[911,133,2001,2]
[912,161,1992,1]
[913,249,1994,1]
[914,185,1992,1]
[915,107,1979,1]
[916,41,1962,1]
[917,245,1969,1]
[918,119,1987,1]
[919,245,1993,1]
[920,19,1977,1]
[921,269,1996,2]
[922,161,2000,1]
[923,173,1990,1]
[924,137,1984,1]
[925,155,1962,1]
[926,217,1991,1]
[927,267,1952,1]
[928,41,1983,2]
[929,209,1980,1]
[930,71,1978,1]
[931,77,1986,1]
[932,95,1989,2]
[933,69,1992,1]
[934,175,1998,1]
[935,165,1972,1]
[936,75,1998,2]
[937,127,1985,1]
[938,55,1965,1]
[939,269,1967,1]
[940,141,1990,1]
[941,11,1987,1]
[942,201,1994,2]
[943,33,1972,2]
[944,65,1991,1]
[945,33,1952,1]
[946,113,1999,1]
[947,61,1991,1]
[948,9,2000,3]
[949,47,1966,1]
[950,137,1993,1]
[951,133,1984,1]
[952,181,1989,1]
[953,17,1999,2]
[954,205,1987,1]
[955,21,1978,1]
[956,225,1999,1]
[957,103,1987,1]
[958,123,1994,1]
[959,13,1995,1]
[960,53,1991,1]
[961,27,1968,1]
[962,21,1981,1]
[963,71,1994,1]
[964,195,1976,1]
[965,125,1989,1]
[966,229,1991,2]
[967,41,1964,1]
[968,1,1983,2]
[969,63,1982,1]
[970,183,2000,1]
[971,209,1986,1]
[972,59,1997,1]
[973,267,1977,1]
[974,235,1971,1]
[975,215,1994,1]
[976,9,1982,1]
[977,149,2000,1]
[978,61,1992,1]
[979,23,1962,1]
[980,245,1994,1]
[981,45,1992,2]
[982,79,1990,2]
[983,25,2000,1]
[984,269,1971,1]
[985,19,1982,1]
[986,165,1993,1]
[987,95,1994,1]
[988,53,1995,1]
[989,79,1998,1]
[990,203,1999,1]
[991,167,1999,1]
[992,141,1997,1]
[993,267,1995,2]
[994,63,1991,1]
[995,15,1989,2]
[996,141,1999,1]
[997,163,1995,1]
[998,261,1976,1]
[999,269,1994,1]
[1000,277,1999,2]
[1001,401688175,29034994,29033734]
[1002,1041908372,2014987182,2014988526]
[1003,1559789425,1503672502,1503671838]
[1004,829162496,486164179,486166114]
[1005,2011707368,140674466,140675488]
[1006,70493749,891309218,891307675]
[1007,43746420,1874749744,1874751030]
[1008,491461607,97252532,97250903]
[1009,448926346,1446388565,1446390202]
[1010,1032104110,1035819074,1035820642]
[1011,1502679276,431690864,431690909]
[1012,1393550304,2023629265,2023630882]
[1013,1687809940,603696354,603698198]
[1014,1006171479,1612371098,1612370985]
[1015,1397323468,156760911,156761813]
[1016,2073634423,442519523,442518003]
[1017,439801008,1459932102,1459932377]
[1018,1358919851,1712642700,1712641875]
[1019,1910348276,1296600339,1296601183]
[1020,1398452407,137140807,137140118]
[1021,750710430,1828869616,1828870058]
[1022,969665365,392284443,392283810]
[1023,103167228,1837190792,1837191949]
[1024,1174834902,1318167251,1318169046]
[1025,469503498,177051648,177053305]
[1026,475133146,1994730880,1994731414]
[1027,982587023,1296385416,1296384376]
[1028,415427537,1582526605,1582525288]
[1029,1304596563,86055325,86053900]
[1030,1021052925,260093700,260092980]
[1031,441794188,913831741,913833055]
[1032,2055354718,1154814583,1154815620]
[1033,902255907,1490980401,1490980337]
[1034,1425623515,1106519138,1106517159]
[1035,698723374,108330468,108331441]
[1036,67656420,536865735,536867174]
[1037,1435347138,2026456530,2026458404]
[1038,1963263819,1465975977,1465975366]
[1039,1803823149,146058075,146056655]
[1040,2001294827,62691961,62690450]
[1041,316867683,1269530704,1269530525]
[1042,265648681,1680852858,1680851041]
[1043,679222465,1985448849,1985447368]
[1044,1126185492,1454416670,1454416693]
[1045,608150495,157050622,157050340]
[1046,287332414,991991051,991991786]
[1047,1240101638,1354475246,1354476790]
[1048,117404570,855745152,855745710]
[1049,447279409,723791197,723789636]
[1050,376281395,971726230,971725842]
[1051,1546179705,730004825,730003226]
[1052,543666087,18960169,18959814]
[1053,1940775126,1657543897,1657545271]
[1054,1878028338,1208733345,1208734102]
[1055,450910269,2039027416,2039027266]
[1056,429245026,1066776727,1066777758]
[1057,344898239,681440305,681439014]
[1058,1966569887,1039551152,1039549610]
[1059,1524879852,1730789141,1730789489]
[1060,1317780777,992160315,992159247]
[1061,930157905,1739276373,1739276110]
[1062,1169658171,1061509640,1061509625]
[1063,1580009199,1421376677,1421376572]
[1064,873025846,660072270,660072949]
[1065,847294463,10593222,10592876]
[1066,924370623,938152398,938151320]
[1067,761787442,1721351935,1721352053]
[1068,1607880778,1061636729,1061636949]
[1069,243057457,617155824,617154135]
[1070,769307381,593589159,593587268]
[1071,913881415,1033784766,1033784682]
[1072,1085733745,1441342360,1441342139]
[1073,1731655760,1373616105,1373617813]
[1074,339230593,525343374,525341809]
[1075,416347161,109685171,109684927]
[1076,82676238,2035502888,2035504879]
[1077,2061624847,1607777093,1607776793]
[1078,2097691778,593434098,593434238]
[1079,264794891,65869813,65868912]
[1080,1541733710,1860895716,1860895929]
[1081,346240272,1657267529,1657268410]
[1082,103088936,490409701,490410201]
[1083,1585144534,1591969766,1591970686]
[1084,1682600832,1478099760,1478100015]
[1085,456129231,66226793,66225184]
[1086,1986835943,525773880,525772458]
[1087,1468263099,290487176,290485890]
[1088,1499846597,1528686913,1528685661]
[1089,1146942744,327885987,327886952]
[1090,1243057025,2138379479,2138377493]
[1091,1982181705,967514163,967513843]
[1092,2138750353,1899058482,1899057254]
[1093,635857146,442718279,442718289]
[1094,311753737,1901383408,1901382630]
[1095,1465923166,548057596,548057855]
[1096,1187276667,28809230,28808531]
[1097,1585014709,1572547993,1572547785]
[1098,806599272,1513088792,1513089170]
[1099,895422787,875186894,875185622]
[1100,313249315,965095984,965095734]
[1101,2121020745,1271269035,1271268414]
[1102,2055255468,1323905348,1323906704]
[1103,265146674,1159903936,1159904407]
[1104,1149742246,1664043993,1664044322]
[1105,74688968,1945707811,1945708732]
[1106,1979937008,127853956,127855023]
[1107,665103938,687745862,687746534]
[1108,383587741,1800400663,1800399090]
[1109,257525911,1119225054,1119223846]
[1110,315807081,12198853,12196928]
[1111,2126181529,861926244,861926105]
[1112,224422249,991665251,991665162]
[1113,1395516801,953355897,953355471]
[1114,134316989,707356502,707355443]
[1115,1709791862,388526935,388527279]
[1116,659332285,1820506428,1820506041]
[1117,1066832705,1295154406,1295153924]
[1118,672089837,805753569,805751587]
[1119,435642109,940289253,940287613]
[1120,1977938197,182195023,182193224]
[1121,109024604,583948619,583950587]
[1122,1962777040,1310751489,1310751801]
[1123,582525261,585252743,585251716]
[1124,1528735491,733227836,733227514]
[1125,507206517,1880677569,1880676479]
[1126,434051751,860648904,860647266]
[1127,1981448877,44529282,44528261]
[1128,1718911931,765749411,765748112]
[1129,405361568,775938104,775938120]
[1130,2087622484,502280075,502280368]
[1131,397904662,1132333817,1132335366]
[1132,152000020,1287573253,1287574242]
[1133,2030800074,1611243541,1611243551]
[1134,2132538358,1691007441,1691007813]
[1135,1042775519,499806141,499804822]
[1136,169590928,1415459741,1415461015]
[1137,798327402,470509181,470510620]
[1138,536919749,1821418895,1821418552]
[1139,833276823,1418466105,1418464905]
[1140,1776718578,314605865,314606512]
[1141,1589005568,1903913878,1903914147]
[1142,1422887055,49077022,49075683]
[1143,1198491955,1968884619,1968883531]
[1144,528891675,125710804,125709757]
[1145,414211862,339904202,339904952]
[1146,1712828972,230767788,230769572]
[1147,2092237993,229259018,229257584]
[1148,717306345,406385042,406383810]
[1149,1067851365,2119371418,2119371300]
[1150,718034977,1287161920,1287160846]
[1151,274919463,2113892145,2113891114]
[1152,432527863,1403866416,1403866329]
[1153,1271444513,1157052249,1157050862]
[1154,211466883,166224221,166223811]
[1155,1107408876,1270733049,1270733810]
[1156,1841018290,570227062,570227891]
[1157,1811520428,705682826,705682875]
[1158,1397372186,2006951961,2006952095]
[1159,1733429809,1516649927,1516649799]
[1160,1920520641,762901923,762901506]
[1161,1839577756,1510803378,1510804158]
[1162,1253447028,124045471,124045500]
[1163,713872857,1749501191,1749499784]
[1164,274303752,23360599,23361380]
[1165,389673434,1854703690,1854704091]
[1166,1770962743,2035002114,2035001036]
[1167,869098385,1520123962,1520123906]
[1168,2055097173,1292591632,1292591439]
[1169,967197161,626799657,626798236]
[1170,1889395213,349196322,349195066]
[1171,642965522,1993943873,1993945065]
[1172,1578866424,581690571,581690613]
[1173,1659182153,2094615365,2094614418]
[1174,1659962354,271123986,271124267]
[1175,422961965,1186780768,1186779679]
[1176,1848739964,18748512,18750209]
[1177,314791012,2121148015,2121148432]
[1178,1440436025,1530412311,1530411787]
[1179,1074016199,1965968898,1965967616]
[1180,2024911453,1016307351,1016306815]
[1181,1379364815,1676506708,1676505110]
[1182,32734824,1736765252,1736765917]
[1183,1678137659,1163717050,1163716075]
[1184,530876774,1051343487,1051344824]
[1185,823516885,1980911717,1980910289]
[1186,1926266123,268848407,268846671]
[1187,125978559,12089476,12089309]
[1188,1477166461,1044886204,1044884375]
[1189,577473458,5729608,5731478]
[1190,356932657,401211087,401210440]
[1191,1575171530,664215642,664215888]
[1192,533126033,681327041,681326039]
[1193,261094375,1473529194,1473528165]
[1194,3899886,309606545,309606555]
[1195,510631197,1581599924,1581598140]
[1196,2146650342,2088556912,2088558694]
[1197,543418714,439693140,439694575]
[1198,1923967652,1535189441,1535189633]
[1199,991133159,495854805,495852830]
[1200,1411856086,38071689,38072546]
[1201,690987836,1345585459,1345587259]
[1202,1335027990,812086412,812087580]
[1203,693094711,1628516167,1628515268]
[1204,630920487,715213305,715212558]
[1205,642323701,598830754,598828953]
[1206,685161499,2042790665,2042788676]
[1207,2025268967,411796440,411795644]
[1208,1252720174,795283882,795284100]
[1209,214869115,573616170,573615305]
[1210,1090084839,115506120,115506042]
[1211,2082081206,1004624487,1004625593]
[1212,1403891742,301721014,301721829]
[1213,1582124195,1942088270,1942087526]
[1214,1642838031,162609257,162609176]
[1215,2082637520,1584088740,1584088893]
[1216,273596214,546319785,546320309]
[1217,748171206,642282475,642282644]
[1218,1482838930,530860526,530861198]
[1219,1043416239,654618185,654617832]
[1220,538023521,1387678646,1387678606]
[1221,720644735,1899881196,1899879525]
[1222,67045635,1207741510,1207740559]
[1223,2032949351,471801855,471800461]
[1224,421127902,1146684798,1146685850]
[1225,915977774,984837965,984838922]
[1226,1095805564,1673612349,1673613527]
[1227,1707509642,437237571,437238406]
[1228,34329486,390993805,390994197]
[1229,1836541168,1833286716,1833288438]
[1230,196753651,2127132631,2127131469]
[1231,716085407,1703906055,1703904454]
[1232,416286393,549465556,549464034]
[1233,1742418558,1262229262,1262229592]
[1234,1829298646,1048728367,1048729220]
[1235,133934356,1433438549,1433439170]
[1236,805762612,920147987,920148470]
[1237,1106109450,615450669,615451863]
[1238,1984156602,38114521,38115939]
[1239,852485687,594385147,594384093]
[1240,1181280134,1472425377,1472425436]
[1241,126087262,1591458669,1591460165]
[1242,1677955994,121278525,121278685]
[1243,187535323,66752409,66751183]
[1244,891469210,2110883882,2110884474]
[1245,699756469,2143541001,2143540759]
[1246,799375180,1018065503,1018066882]
[1247,356913071,1722648559,1722647443]
[1248,1258843427,135191235,135190824]
[1249,418037241,1297196022,1297195619]
[1250,1024264563,707889693,707887872]
[1251,311949077,1152436156,1152435353]
[1252,1594722878,1019605335,1019605410]
[1253,643056104,804395484,804396257]
[1254,674902475,117803923,117803725]
[1255,777565687,1255813517,1255812390]
[1256,546130421,548778979,548777249]
[1257,2146404691,1719427451,1719425723]
[1258,123115252,1213342994,1213343308]
[1259,121514882,1941321109,1941321583]
[1260,1979881972,1741789302,1741790753]
[1261,1656044267,2007336716,2007335239]
[1262,1957418408,841988469,841988897]
[1263,930205151,1817961338,1817960365]
[1264,1066480589,722687300,722687141]
[1265,1395805700,498718198,498719831]
[1266,1064586644,1960472201,1960473796]
[1267,2135554325,1149341264,1149340621]
[1268,1346294151,403643803,403642624]
[1269,952367657,1725319031,1725317666]
[1270,65631225,1009741247,1009741198]
[1271,1324817202,94207478,94209068]
[1272,191921612,1501905485,1501906346]
[1273,39551925,582307984,582307775]
[1274,478300872,1489276866,1489277682]
[1275,1405368165,2132717760,2132715954]
[1276,1873218585,1615742602,1615742151]
[1277,6007097,179830639,179830443]
[1278,1346807287,1926159089,1926157815]
[1279,1126505295,1225247932,1225246717]
[1280,923181176,604481636,604482587]
[1281,2083428995,1143257087,1143255639]
[1282,445047630,314930981,314931351]
[1283,673538468,1088510337,1088511715]
[1284,847597287,761617541,761617320]
[1285,953619096,856514567,856515135]
[1286,1226735518,293357702,293358208]
[1287,1197157239,1157604185,1157603882]
[1288,155338460,66363595,66364244]
[1289,252957834,990645433,990646605]
[1290,1004957232,798956217,798956994]
[1291,934025725,1142472389,1142472289]
[1292,509887838,60969902,60970551]
[1293,160728695,1180678542,1180676985]
[1294,1841742102,292399337,292400762]
[1295,407451919,571108780,571107619]
[1296,434567298,87756209,87757399]
[1297,622237837,636008723,636007351]
[1298,1338221474,890584337,890584493]
[1299,1443536105,1996534040,1996533671]
[1300,1297808702,1853050794,1853051531]
[1301,793666370,376656547,376656752]
[1302,1481005812,539126739,539128698]
[1303,94488420,1311739186,1311741137]
[1304,1605100564,767676256,767676670]
[1305,526416745,536362110,536360982]
[1306,619075313,1796628017,1796627908]
[1307,2126450815,634893974,634892756]
[1308,1032354657,2020539956,2020538632]
[1309,767093786,1001346315,1001348050]
[1310,1612935523,1148504037,1148503252]
[1311,1330915928,964708003,964708630]
[1312,1915374249,731083149,731081966]
[1313,436507752,725064507,725065662]
[1314,240581241,313979331,313979321]
[1315,1937016152,1964930392,1964931796]
[1316,154427502,234666806,234668530]
[1317,73409857,1588211731,1588210867]
[1318,1063135708,475884697,475886404]
[1319,1766652553,345900040,345899315]
[1320,886212594,1218069717,1218069753]
[1321,835210532,2031937888,2031938725]
[1322,76103683,1909263768,1909262943]
[1323,10730434,1074478250,1074479288]
[1324,725406582,394745000,394745746]
[1325,1469345776,1583871192,1583871794]
[1326,1162677356,40933031,40933230]
[1327,1156803107,520939099,520938810]
[1328,1566931708,402909350,402909677]
[1329,1855410172,346805953,346806660]
[1330,680787010,1738231591,1738232601]
[1331,223422029,905840301,905839237]
[1332,613755820,475206319,475207231]
[1333,127713206,256249155,256250125]
[1334,1565013836,1579014939,1579016306]
[1335,594911879,792846293,792844615]
[1336,1665725945,560887823,560887373]
[1337,1262054101,498879832,498878004]
[1338,508138886,196526000,196526896]
[1339,1583600941,2048192779,2048191005]
[1340,1650996909,92495078,92493514]
[1341,1053701361,1165454117,1165452436]
[1342,631207123,238282750,238282349]
[1343,1689156406,2133553708,2133554807]
[1344,1219790167,1602859172,1602858335]
[1345,1978953115,1674158436,1674157677]
[1346,313101237,2020894798,2020894294]
[1347,1621978550,1418488548,1418489461]
[1348,354591195,1788588239,1788586616]
[1349,219668504,768016065,768016628]
[1350,2120785396,1085398811,1085400449]
[1351,493681932,366386055,366387715]
[1352,535768425,725671377,725669625]
[1353,923947293,135239556,135238741]
[1354,995752502,1542041615,1542042313]
[1355,193356916,1577172596,1577173095]
[1356,501965136,585262272,585263689]
[1357,1508184945,1035149830,1035148581]
[1358,897410848,1006747362,1006748150]
[1359,1766734548,766435004,766436748]
[1360,1002196543,1374568624,1374566668]
[1361,537962170,469605706,469607504]
[1362,1429568850,836127439,836128600]
[1363,1805085615,1526035094,1526033874]
[1364,263550114,188350752,188351872]
[1365,1678421638,846403078,846403958]
[1366,163424952,1947556474,1947557372]
[1367,376871853,416201651,416200081]
[1368,1197287270,2056833321,2056834030]
[1369,358733864,488155869,488157664]
[1370,841335338,1902079349,1902081045]
[1371,1838624206,87492941,87493566]
[1372,783751176,2100261284,2100263112]
[1373,1810461268,1237465131,1237465581]
[1374,1743770569,209696935,209695211]
[1375,1655627432,1370854481,1370855498]
[1376,1006107310,1372387771,1372388980]
[1377,966586746,691756475,691757055]
[1378,158973450,1323973671,1323975601]
[1379,1363278240,1159777854,1159778687]
[1380,6361559,2075057719,2075056223]
[1381,1503138681,641257987,641256067]
[1382,1721985121,1107518814,1107517969]
[1383,661162895,1270089504,1270088256]
[1384,358950616,1394188387,1394189122]
[1385,1803545477,1754085239,1754083344]
[1386,432703816,986317891,986317990]
[1387,894984718,823957589,823958094]
[1388,862767410,1547727935,1547729079]
[1389,669242235,511238145,511236906]
[1390,1896666725,685134299,685133698]
[1391,149236798,168065628,168066728]
[1392,1067591303,1961979760,1961978370]
[1393,1466235421,159127368,159127254]
[1394,691236760,1629478863,1629479183]
[1395,1292627635,809466759,809465897]
[1396,1598157439,594256568,594255221]
[1397,1288225857,119607250,119605680]
[1398,133205842,1228315913,1228316698]
[1399,1848502916,590432639,590433047]
[1400,598481919,792909547,792908182]
[1401,1875261604,391018329,391018810]
[1402,928246786,295690221,295691254]
[1403,439598810,1332588789,1332590335]
[1404,1540631358,351244556,351245839]
[1405,1019914714,783294269,783295378]
[1406,385252166,803460109,803460672]
[1407,169494531,2015842520,2015841675]
[1408,1517420081,1228995542,1228993852]
[1409,498287614,37502786,37503632]
[1410,1134537397,1731717321,1731717291]
[1411,1907379787,2087222542,2087221356]
[1412,1315154087,258725434,258724316]
[1413,1394337154,1708612127,1708613002]
[1414,1217827688,680218935,680219721]
[1415,2065945751,1000855417,1000855211]
[1416,1076540540,2110273812,2110274582]
[1417,1210394142,15686013,15687251]
[1418,724509738,1511887651,1511888362]
[1419,2071385421,768235321,768235055]
[1420,1208901334,811845128,811845605]
[1421,1478628364,717697084,717698748]
[1422,446719276,382798779,382800497]
[1423,802635186,1038398958,1038400825]
[1424,615462820,679500168,679500299]
[1425,609785036,1602967003,1602967393]
[1426,884087582,1093284101,1093285183]
[1427,916226399,1219020603,1219019125]
[1428,1620539289,1043785762,1043783802]
[1429,1178772783,1572838026,1572836159]
[1430,853692352,1224757501,1224759387]
[1431,1741781042,400860512,400862190]
[1432,621599602,574715983,574716683]
[1433,1127803010,417064039,417064958]
[1434,2142785337,14900387,14899163]
[1435,1428692823,22922368,22922032]
[1436,2046064574,1100894612,1100894992]
[1437,1991003519,948858493,948858354]
[1438,1834921218,837900696,837901877]
[1439,1600280495,2097142105,2097141683]
[1440,1786807975,1898998495,1898997510]
[1441,1567079579,543996276,543994713]
[1442,1426893274,1396648203,1396650163]
[1443,576435274,1660538931,1660539035]
[1444,2005947700,1712773080,1712773518]
[1445,689069429,1745759009,1745758262]
[1446,667491932,1456178760,1456179070]
[1447,727838780,1179823749,1179825309]
[1448,1848997620,941242591,941244576]
[1449,120515843,1480486879,1480485506]
[1450,90623077,403230757,403228931]
[1451,1538984548,1280544033,1280544847]
[1452,1295654971,1430339524,1430338135]
[1453,1117882224,985714809,985716705]
[1454,2083643054,1407460171,1407461205]
[1455,632024425,952289097,952287577]
[1456,2094177984,2091595150,2091595436]
[1457,282817561,991075618,991075502]
[1458,205131869,707084527,707083529]
[1459,597295572,2096166251,2096166497]
[1460,1403638083,24401637,24399654]
[1461,451727236,877929551,877930787]
[1462,71496286,417000240,417000516]
[1463,1083416922,420815308,420815991]
[1464,1601966805,1798900011,1798899504]
[1465,224246028,579491490,579492990]
[1466,692333664,323064255,323065274]
[1467,1531841450,186187244,186188132]
[1468,757450584,1596335477,1596337469]
[1469,306097691,1741705026,1741704474]
[1470,901382125,1383609634,1383608324]
[1471,680966915,1835439418,1835438441]
[1472,95602944,1130945767,1130945882]
[1473,1120682428,848794493,848795764]
[1474,1389678049,1037915789,1037914356]
[1475,1454975671,475414958,475414053]
[1476,931132386,1699911188,1699911558]
[1477,1254551758,2044931997,2044932092]
[1478,395478593,107898587,107897770]
[1479,770146961,1619343894,1619343539]
[1480,1655250455,313828473,313826653]
[1481,1523778611,885022903,885022260]
[1482,1391425171,2102663927,2102662758]
[1483,1996855265,293505437,293504227]
[1484,1377853822,171219582,171220473]
[1485,365720485,1527848049,1527847494]
[1486,540150603,1790610634,1790609552]
[1487,377516547,1021890317,1021889140]
[1488,1880802949,378491529,378490858]
[1489,718622967,1111438160,1111437727]
[1490,90823184,1355595465,1355597241]
[1491,1791762183,2077784968,2077784314]
[1492,1011969988,916114807,916116476]
[1493,1261454220,1682027477,1682027529]
[1494,1398640977,772646555,772644865]
[1495,549615047,307663244,307663067]
[1496,1626297376,922073124,922075029]
[1497,1616104919,770986124,770985063]
[1498,778036785,2136123246,2136121829]
[1499,1903731060,1604976527,1604978424]
[1500,1399563788,1457806289,1457807903]
[1501,1372594312,202119422,202120149]
[1502,2057553786,483848271,483849497]
[1503,1406792285,383957503,383957422]
[1504,1863155084,1580809999,1580810349]
[1505,1970764776,908076691,908077703]
[1506,1522564488,639343521,639344508]
[1507,615300852,983123583,983124303]
[1508,71423435,1476300258,1476298799]
[1509,1733807967,2099986610,2099984806]
[1510,1716391884,1538912460,1538913535]
[1511,1553196678,198595056,198596336]
[1512,499388957,1787386994,1787386194]
[1513,1646845222,1961746422,1961747019]
[1514,1644251884,1231168027,1231168869]
[1515,2072696232,182942991,182944682]
[1516,429839294,2100120554,2100122058]
[1517,1335882135,947589226,947587302]
[1518,1738515306,524521437,524522658]
[1519,796758053,1602078354,1602078178]
[1520,1726688562,287962607,287962964]
[1521,1627789697,346659796,346658447]
[1522,1471512416,1387751239,1387752421]
[1523,1639656236,1446269381,1446269760]
[1524,1443374592,2143743054,2143744807]
[1525,101958973,1910927012,1910926140]
[1526,1097286501,2022741944,2022741388]
[1527,1119380987,681436466,681434808]
[1528,1587779231,79242003,79240069]
[1529,1235876212,386671088,386673061]
[1530,405768110,406916982,406918889]
[1531,579462036,307952901,307954801]
[1532,607179133,924609234,924608182]
[1533,642635007,1571809038,1571807552]
[1534,2056098827,903931051,903929070]
[1535,1858398173,1899059323,1899057920]
[1536,576810023,903004613,903003763]
[1537,1549608240,1364100940,1364102260]
[1538,1497900888,298029715,298029838]
[1539,1511479032,820113804,820114465]
[1540,1524122354,781969484,781970609]
[1541,410852534,1617460424,1617461975]
[1542,339075653,1180308012,1180306071]
[1543,2106682758,254304948,254306873]
[1544,1811020584,250795454,250795954]
[1545,1015576511,219450541,219449406]
[1546,385618755,1017025390,1017023422]
[1547,25646320,1908459385,1908459395]
[1548,1458940520,2134107017,2134108429]
[1549,440587732,2043539585,2043541126]
[1550,744723151,1435996583,1435996403]
[1551,440324441,712098368,712098247]
[1552,1102776134,117249943,117250833]
[1553,1625403417,1443108386,1443107023]
[1554,1012300514,745773266,745773766]
[1555,1383992353,256551850,256551206]
[1556,1669888009,1343080674,1343080087]
[1557,578587649,243018073,243016665]
[1558,1942806580,2141709063,2141709717]
[1559,206641305,1286339865,1286338992]
[1560,1904109808,950278636,950280369]
[1561,689103118,1765347979,1765348541]
[1562,176896025,381501380,381500607]
[1563,1632838211,1339873283,1339872497]
[1564,426529901,963691420,963691020]
[1565,1361222477,1532032730,1532031623]
[1566,386002241,339269571,339269030]
[1567,1101587787,737164243,737162641]
[1568,603320265,1029239344,1029238917]
[1569,1717890882,1582613905,1582614921]
[1570,155212115,947026524,947026261]
[1571,287073813,447107888,447105984]
[1572,1233995170,2064651861,2064652428]
[1573,476154264,1344570689,1344571246]
[1574,2130435614,342574656,342576485]
[1575,906393702,1814992565,1814993984]
[1576,1178225656,2105848187,2105849879]
[1577,919867348,1659383508,1659383658]
[1578,1802145851,1574640378,1574638602]
[1579,406634265,1678739906,1678738802]
[1580,73953680,1981486615,1981488306]
[1581,759397745,681965309,681963353]
[1582,1380296463,774610403,774608825]
[1583,94905640,1272652153,1272652735]
[1584,27684417,1868556839,1868555168]
[1585,1236157910,402182502,402182580]
[1586,1232717054,249929208,249930434]
[1587,1391081116,1745985036,1745985647]
[1588,812861941,1492811423,1492809584]
[1589,1116974483,1312826710,1312824830]
[1590,729160603,1402784199,1402782715]
[1591,838603744,1915942805,1915944377]
[1592,1930536487,737404650,737403856]
[1593,339875881,1678389102,1678388492]
[1594,2018369709,2033681986,2033681276]
[1595,344536606,2133501669,2133503215]
[1596,1502251881,1741087768,1741086051]
[1597,1711203621,1506516975,1506515372]
[1598,795503009,818821613,818820465]
[1599,38615935,676324774,676324278]
[1600,1338264948,1635904608,1635905228]
[1601,322679961,1778925093,1778923681]
[1602,1813143362,1078279772,1078280173]
[1603,1694693155,1723117507,1723115968]
[1604,1246952393,1821364207,1821362238]
[1605,1374352165,1037398840,1037398258]
[1606,883051940,355739495,355740454]
[1607,1811458219,92362120,92362107]
[1608,639922192,832365008,832366092]
[1609,1129779513,2106980434,2106979699]
[1610,1977667183,635443372,635441902]
[1611,730818222,1370910331,1370911107]
[1612,1639612612,526625530,526626573]
[1613,476301858,480399688,480400736]
[1614,17838981,945283741,945282031]
[1615,293404350,1832158688,1832159755]
[1616,1420357372,751894407,751895533]
[1617,2126671094,679043477,679044765]
[1618,1250625987,104482053,104480375]
[1619,1633697239,368460261,368459296]
[1620,1733723711,1614688446,1614686926]
[1621,683748765,985070061,985068547]
[1622,1667747213,525857619,525856729]
[1623,2026617951,137186876,137186561]
[1624,1160238798,1994683787,1994683911]
[1625,827773359,1419948982,1419947030]
[1626,940100092,1484608917,1484609130]
[1627,1180459413,1592530787,1592530594]
[1628,2146278232,1929495494,1929497050]
[1629,1062437130,290564844,290566206]
[1630,1973068804,1211311793,1211312483]
[1631,280827133,463840211,463840035]
[1632,1600189160,471415031,471416157]
[1633,146944894,1570271674,1570273117]
[1634,1770027763,1187157044,1187155329]
[1635,1793795435,1196873639,1196872544]
[1636,1469500619,948633287,948633262]
[1637,1894234513,381758031,381757005]
[1638,723174944,1046158020,1046159480]
[1639,369743711,2074924955,2074923845]
[1640,692112907,1172251451,1172251338]
[1641,207978039,137094192,137093262]
[1642,1226675148,413504351,413504589]
[1643,1508154135,1330176124,1330174967]
[1644,2034293135,620146973,620144995]
[1645,1001897491,2103030472,2103028524]
[1646,923683928,1122399484,1122399708]
[1647,582502794,1704886202,1704887659]
[1648,1624142382,204395914,204397150]
[1649,1556475408,679846804,679847058]
[1650,603003313,1276444446,1276443672]
[1651,781463122,1314240836,1314241592]
[1652,2099143253,1017851834,1017850066]
[1653,1903592425,209794458,209792794]
[1654,178831700,341819988,341821411]
[1655,1568118616,838610474,838610719]
[1656,276098050,61343871,61345488]
[1657,212277240,700885738,700887375]
[1658,44663497,81928549,81928111]
[1659,326566021,793047449,793045924]
[1660,495582516,992302866,992303865]
[1661,1026986684,857248288,857249768]
[1662,1281195661,68403556,68403503]
[1663,171908996,1863801215,1863801692]
[1664,8974784,64959881,64960804]
[1665,1038901519,831859361,831857593]
[1666,1953559598,2107093102,2107094674]
[1667,232324834,1254073417,1254074366]
[1668,302624592,185098364,185099511]
[1669,724484575,144161053,144159669]
[1670,2119286097,1353768016,1353767605]
[1671,1364000922,1042212648,1042213908]
[1672,1525510158,593164964,593165279]
[1673,985208206,1146207696,1146208345]
[1674,1431347052,89139871,89140288]
[1675,228928731,591006807,591006514]
[1676,964261565,232216117,232215168]
[1677,724563488,1715612429,1715613422]
[1678,324145023,1281043557,1281041807]
[1679,872211321,1313496292,1313496107]
[1680,1091363656,916381850,916383449]
[1681,1054855415,1712763693,1712763168]
[1682,829176093,394997013,394995720]
[1683,1443058596,662168428,662170148]
[1684,1682803017,226334619,226334078]
[1685,1610205530,1436695312,1436696029]
[1686,1702884532,1531216148,1531218113]
[1687,142063599,225295920,225295410]
[1688,1829641469,2042166181,2042165475]
[1689,156371056,1826331466,1826331869]
[1690,1411215383,716292696,716292661]
[1691,41801194,65227450,65229155]
[1692,1587370881,1268567158,1268565274]
[1693,514451517,899420037,899419597]
[1694,1759939744,525018265,525018799]
[1695,1473626803,160896226,160895067]
[1696,499546480,546486479,546486688]
[1697,1303561150,353061075,353061533]
[1698,1372405656,264408933,264409041]
[1699,201263310,611096367,611098075]
[1700,259729096,1591961663,1591963505]
[1701,545207497,321280414,321279543]
[1702,1164645547,1506494922,1506493954]
[1703,11267790,1171420353,1171420510]
[1704,733735149,575096860,575094988]
[1705,137347350,2084647737,2084649475]
[1706,1260857857,1608594976,1608594173]
[1707,42728635,144357348,144356527]
[1708,1277301930,1141321664,1141322747]
[1709,1541420523,2033358749,2033357844]
[1710,479166135,1981714696,1981713338]
[1711,1214806905,1836556467,1836555784]
[1712,891822863,361902648,361900866]
[1713,540377321,2053305022,2053304018]
[1714,1587326178,1865750965,1865751368]
[1715,373265951,688396777,688396453]
[1716,1624731811,1899456663,1899454942]
[1717,319709218,2030200448,2030201168]
[1718,1993930677,98035658,98034472]
[1719,56204468,1332518241,1332519020]
[1720,345460409,1630755511,1630754388]
[1721,2040559605,1601491823,1601490249]
[1722,335573504,1282431367,1282432203]
[1723,1286096423,834117972,834116613]
[1724,1363840227,1527347351,1527347337]
[1725,853059377,1875363575,1875362205]
[1726,257296189,2145344941,2145344422]
[1727,452908794,333124392,333124967]
[1728,1117933281,1279268066,1279266238]
[1729,1259057228,524436246,524437225]
[1730,1989350373,631689822,631689539]
[1731,745841404,677575127,677576797]
[1732,383241060,1480513574,1480515425]
[1733,1086090992,982945965,982947569]
[1734,691613032,1704775597,1704775777]
[1735,212069033,2073824507,2073824432]
[1736,2013656537,1749008681,1749006987]
[1737,509156676,154974421,154975404]
[1738,2101867780,914860071,914860968]
[1739,186629650,345262885,345263662]
[1740,92824439,534420139,534418251]
[1741,1348915976,1599428174,1599428781]
[1742,1664600277,1551077525,1551075713]
[1743,1267063413,1194118664,1194118641]
[1744,1845047628,2108121501,2108123112]
[1745,908352779,1997563542,1997562975]
[1746,1846093666,1958462858,1958463557]
[1747,764542575,303636804,303635120]
[1748,1487734275,1731280766,1731279479]
[1749,1996107783,416248400,416246515]
[1750,842235602,1517948877,1517949340]
[1751,1910827490,607445388,607446151]
[1752,1757519943,2133416453,2133414642]
[1753,416152632,2137371566,2137372865]
[1754,769293453,1218152416,1218152294]
[1755,1638739145,148212504,148210678]
[1756,1627782233,857166036,857165015]
[1757,828625191,648808456,648807815]
[1758,705050374,679511336,679512089]
[1759,1829903954,834408364,834409213]
[1760,1436264075,627305745,627304124]
[1761,595429504,1370090605,1370091994]
[1762,1637071109,1914451439,1914450919]
[1763,1896258570,207361952,207363776]
[1764,1339423627,454546143,454545150]
[1765,228521106,1566192181,1566192881]
[1766,982738049,64681198,64679299]
[1767,2127515261,164999520,164998481]
[1768,491679074,52906143,52906178]
[1769,1743255609,299201919,299200771]
[1770,58176392,1722646503,1722648319]
[1771,1058688694,881477589,881477864]
[1772,1627369461,267913161,267913053]
[1773,137857777,950146870,950144889]
[1774,60704155,522308944,522308646]
[1775,405980106,1231355846,1231355917]
[1776,530521367,686509856,686509308]
[1777,458193737,948958366,948957369]
[1778,474192029,2054448881,2054447125]
[1779,566835231,1796674171,1796673983]
[1780,1661374644,1472694543,1472695778]
[1781,521919315,1642463945,1642463374]
[1782,1354744412,690678729,690679680]
[1783,1324286359,1740719005,1740717959]
[1784,1043835210,1809735421,1809735644]
[1785,420091649,2080576880,2080575807]
[1786,692709121,906662966,906661742]
[1787,1139977376,1901567415,1901569011]
[1788,1021604690,1923823171,1923823238]
[1789,1492930549,76814350,76812372]
[1790,353862476,2001069386,2001069832]
[1791,1816665414,1629635705,1629637393]
[1792,694073010,1224070200,1224071567]
[1793,1878886208,837725888,837727206]
[1794,252995233,1629294943,1629293079]
[1795,1323319271,1131525769,1131525057]
[1796,1135201721,182504329,182504311]
[1797,2033369628,690745847,690745962]
[1798,1299032129,1309168878,1309167127]
[1799,2006067487,1254241391,1254240986]
[1800,2078617208,1398639780,1398641396]
[1801,1857167469,380866354,380864435]
[1802,1204030625,137967992,137967312]
[1803,627266182,1681527506,1681529230]
[1804,1461412819,1139410075,1139408175]
[1805,574601167,108676014,108675035]
[1806,114729737,1583971017,1583970870]
[1807,1915536518,228675512,228676313]
[1808,211625572,114718294,114718622]
[1809,196955992,1803538473,1803538728]
[1810,354350804,1971394983,1971395972]
[1811,1216104824,409975455,409977018]
[1812,1047549081,1358970186,1358969359]
[1813,94062152,2040633747,2040634039]
[1814,214721293,1764202512,1764201902]
[1815,563706519,1921924655,1921923253]
[1816,1525684328,1290363588,1290364953]
[1817,581113076,1808122734,1808124568]
[1818,242086033,121783208,121782210]
[1819,980394174,179280970,179282402]
[1820,17780622,1513900535,1513900699]
[1821,1272192298,1354403427,1354405223]
[1822,1862688401,1332831838,1332830366]
[1823,112089269,624009797,624007914]
[1824,2082079971,1718303881,1718302767]
[1825,1710182152,770606632,770608320]
[1826,496476578,1467382332,1467382927]
[1827,1904936439,796455427,796453943]
[1828,890337192,142317074,142318878]
[1829,1579242167,745709382,745708684]
[1830,565659964,921573927,921575816]
[1831,1610968379,283270155,283268735]
[1832,498541954,1749984945,1749985915]
[1833,2111070333,871906554,871905984]
[1834,1877847058,1168732630,1168734126]
[1835,1961748395,1548429469,1548428247]
[1836,145596335,1688039935,1688038034]
[1837,1504593733,1172622173,1172620530]
[1838,289867214,1106149298,1106149673]
[1839,296843307,1345107713,1345107484]
[1840,1487576906,1623151041,1623152940]
[1841,1807448397,333293408,333292044]
[1842,317975685,345499057,345497264]
[1843,1221824251,434407162,434406084]
[1844,1715667686,1981628624,1981630280]
[1845,1502179068,1670693860,1670694263]
[1846,2102529302,1960642526,1960643358]
[1847,1024380489,209075714,209074340]
[1848,324602719,908464556,908463967]
[1849,907661470,2074832695,2074832877]
[1850,98838728,594757332,594758490]
[1851,475174352,56961578,56962332]
[1852,692522502,1091363110,1091365089]
[1853,40772310,626891462,626892093]
[1854,2069333928,564208684,564209321]
[1855,1447295540,1326122800,1326123893]
[1856,677152143,356265616,356265297]
[1857,1893200342,361761288,361762873]
[1858,226816829,547014862,547014284]
[1859,1271268526,1477103976,1477104451]
[1860,1724858197,301163756,301163121]
[1861,993680129,631741889,631741422]
[1862,1617999688,1332015403,1332017298]
[1863,869984735,82448057,82446452]
[1864,1371769911,2075648751,2075647362]
[1865,443188408,105594334,105596077]
[1866,474886476,1274829323,1274830151]
[1867,866067278,1987512951,1987514241]
[1868,688564428,697621000,697622739]
[1869,993850667,1858221502,1858220299]
[1870,676127826,2129303495,2129305015]
[1871,778878686,2134984772,2134986762]
[1872,514087335,454424686,454423766]
[1873,1772050178,154436157,154437822]
[1874,909807686,498638586,498639654]
[1875,392040179,2029712384,2029711456]
[1876,740640353,1882643752,1882643332]
[1877,39187147,543870940,543870688]
[1878,1431467423,1341364583,1341363929]
[1879,1071564230,846422951,846423960]
[1880,378853757,219248437,219248003]
[1881,1097848445,1557845851,1557844038]
[1882,796295371,1914876600,1914876485]
[1883,1155707422,1515994722,1515995135]
[1884,1413654992,720350347,720351143]
[1885,444733171,1545176489,1545175736]
[1886,1728522831,534183681,534181822]
[1887,796203095,2110526859,2110525744]
[1888,1801457819,1282204223,1282203533]
[1889,1896833099,1658161062,1658160625]
[1890,1750389581,227693192,227691601]
[1891,1643459743,1801524445,1801523120]
[1892,1402588134,1595770074,1595771330]
[1893,864614656,401535681,401537519]
[1894,1253559434,928138176,928139107]
[1895,69392508,171185006,171186004]
[1896,11430903,751365522,751363588]
[1897,1340965700,1079670145,1079670256]
[1898,387609608,1262252219,1262252859]
[1899,1451438399,1175943883,1175942210]
[1900,204921154,1751049264,1751050930]
[1901,87025562,1392511500,1392511660]
[1902,590980365,471989836,471988173]
[1903,1581212946,535295073,535296011]
[1904,1190004630,1732382584,1732382761]
[1905,480564159,812388288,812387205]
[1906,4783691,305198596,305198377]
[1907,744058842,637186175,637186772]
[1908,497039701,1913703821,1913702486]
[1909,185346613,414873577,414872704]
[1910,156806428,1271822709,1271824668]
[1911,1131427827,66412218,66412097]
[1912,224284262,1815910811,1815911497]
[1913,1911203265,1512468089,1512468015]
[1914,1376520598,454480629,454481164]
[1915,1914447466,1048877755,1048879589]
[1916,1716205574,1732097886,1732099065]
[1917,1004728451,1448375504,1448374758]
[1918,1379043432,947387447,947388397]
[1919,486997869,1555123461,1555121592]
[1920,1536340339,311595418,311594235]
[1921,414399351,647114373,647113480]
[1922,367604086,1121846242,1121847437]
[1923,649358064,524878516,524879307]
[1924,1614461020,1763584317,1763585400]
[1925,1413450395,1971816254,1971815776]
[1926,1415606058,1212607115,1212607256]
[1927,190519999,974695372,974694355]
[1928,620380256,1739794586,1739795527]
[1929,1267190614,1950717461,1950718243]
[1930,382682577,54046887,54045845]
[1931,1292681522,463141405,463142364]
[1932,1223492873,1815079722,1815078428]
[1933,2040643066,1799241996,1799243053]
[1934,59659033,227030233,227028335]
[1935,528201878,1952717642,1952719114]
[1936,1280324203,67799277,67799137]
[1937,321236948,2115361055,2115361524]
[1938,1867043718,1419641169,1419641238]
[1939,733385042,1602280374,1602282201]
[1940,887678844,179998800,180000142]
[1941,89453892,1929857208,1929857236]
[1942,2089369392,1109879135,1109881084]
[1943,2038167947,383631991,383631610]
[1944,135509536,595519458,595519913]
[1945,774462627,1862818404,1862817568]
[1946,373363150,1423495606,1423495821]
[1947,107182780,1194606643,1194608277]
[1948,1190538055,449907486,449905904]
[1949,512915067,44911049,44909532]
[1950,1995010086,822831334,822832838]
[1951,409396545,222886525,222885408]
[1952,409984588,349719910,349720672]
[1953,959354810,1359021473,1359022524]
[1954,301723919,488200682,488198774]
[1955,747518734,1954029576,1954031422]
[1956,280617872,1931025522,1931027403]
[1957,1704974695,288712004,288711602]
[1958,2126999716,1145917759,1145918974]
[1959,1660470929,1481429201,1481428379]
[1960,1924708291,72602346,72601162]
[1961,1171837525,89888411,89887801]
[1962,89954539,673285172,673285039]
[1963,1878629163,1262316977,1262316499]
[1964,58585867,1613699604,1613697937]
[1965,1436929443,949868174,949867791]
[1966,575310486,666500033,666501983]
[1967,1750103659,870021124,870020964]
[1968,2027487832,610355380,610356232]
[1969,486875066,272050400,272050772]
[1970,1990943931,2017165220,2017163233]
[1971,1004111684,2026597729,2026598276]
[1972,371272587,2066715512,2066714760]
[1973,949698239,2050111783,2050111495]
[1974,873202139,323117658,323116378]
[1975,100572197,842823745,842822538]
[1976,1914634446,1600271215,1600272339]
[1977,1853076284,267350917,267352412]
[1978,1277138189,1620562999,1620562157]
[1979,1523145005,978695625,978694919]
[1980,317117330,1347924114,1347925479]
[1981,217114654,81679035,81679733]
[1982,2055180286,1914873292,1914875115]
[1983,217577233,1308924125,1308923998]
[1984,785348183,947402176,947400427]
[1985,1400594348,285872464,285872548]
[1986,918860323,2021943650,2021943325]
[1987,1945393655,782594066,782592084]
[1988,2087778454,1537624408,1537624894]
[1989,1790325113,745085768,745083875]
[1990,1752985786,351394469,351395625]
[1991,255272463,971676794,971675124]
[1992,2014049241,1371266418,1371265915]
[1993,491787389,2088544329,2088543040]
[1994,1384599059,838110689,838110189]
[1995,949026924,1833247822,1833248344]
[1996,1648005015,1292407867,1292406194]
[1997,550880088,965930673,965931124]
[1998,980472590,115369906,115370588]
[1999,827608127,2034789780,2034788903]
[2000,1836204181,215491141,215489966]
