["head":"wrap","lpos","status"]
[181,216928,1]
["io count"]
[2000]
["io":"id","wrap","startLpos","endLpos"]
[1,20,391520,391937]
[2,240,208019,208998]
[3,48,417004,417558]
[4,26,299814,301593]
[5,208,67750,69407]
[6,152,174735,176092]
[7,67,591565,589828]
[8,222,151944,153711]
[9,256,328448,329410]
[10,53,492531,492338]
[11,141,520635,519418]
[12,260,519715,520343]
[13,241,576712,574851]
[14,176,674830,675767]
[15,243,414972,413327]
[16,242,296071,297752]
[17,156,393545,393893]
[18,255,199985,198133]
[19,66,80731,81238]
[20,138,273584,273885]
[21,40,389883,390660]
[22,211,367579,366832]
[23,5,605907,604436]
[24,41,237570,236616]
[25,174,523231,523822]
[26,271,549064,548903]
[27,135,243792,243021]
[28,219,360128,359790]
[29,190,566641,567671]
[30,14,393591,394435]
[31,267,541089,539660]
[32,103,113899,112100]
[33,48,618577,620400]
[34,85,528158,526175]
[35,189,458275,456697]
[36,71,348587,347107]
[37,64,462681,464373]
[38,24,714905,716572]
[39,174,245846,247445]
[40,212,246221,246875]
[41,240,246753,248613]
[42,177,308838,308022]
[43,74,387764,389046]
[44,164,185464,187185]
[45,155,87697,87591]
[46,277,585697,584418]
[47,217,386539,384785]
[48,72,288608,289414]
[49,167,527888,526757]
[50,116,342284,342898]
[51,8,458263,459370]
[52,22,285018,285278]
[53,142,223498,224859]
[54,123,506429,505499]
[55,255,457186,455972]
[56,216,213309,213613]
[57,213,466048,464956]
[58,144,442744,443082]
[59,209,482100,481106]
[60,44,319069,319543]
[61,59,322546,321364]
[62,114,269918,270693]
[63,172,663083,663356]
[64,46,376838,378195]
[65,161,373044,372286]
[66,113,443975,443772]
[67,198,423470,424659]
[68,101,273025,272223]
[69,56,123548,125418]
[70,111,448970,448182]
[71,60,568067,569523]
[72,39,631713,631631]
[73,165,389352,387396]
[74,257,271182,270092]
[75,160,405300,405455]
[76,94,202932,202994]
[77,105,252125,251755]
[78,71,286596,286335]
[79,235,440002,438781]
[80,53,356842,354989]
[81,73,555631,554756]
[82,101,145258,144578]
[83,53,23869,23755]
[84,230,460385,460973]
[85,207,363108,361497]
[86,62,701765,703445]
[87,144,522945,524189]
[88,134,537275,538330]
[89,181,34473,34103]
[90,251,155139,154900]
[91,273,290449,288568]
[92,235,88820,86916]
[93,232,461538,462552]
[94,109,144211,143705]
[95,156,602724,603985]
[96,113,331771,331646]
[97,190,165506,166215]
[98,214,635995,636797]
[99,30,553509,554788]
[100,135,209512,208581]
[101,97,426502,424912]
[102,205,487972,487236]
[103,257,475636,474271]
[104,14,314316,315863]
[105,92,572223,574049]
[106,254,340482,342002]
[107,11,418682,416721]
[108,181,343378,342830]
[109,114,252391,252524]
[110,131,349978,348796]
[111,22,277014,277768]
[112,231,429148,428139]
[113,48,248273,250136]
[114,223,129404,128184]
[115,67,99659,98062]
[116,176,331645,333471]
[117,193,279607,278355]
[118,251,110743,109901]
[119,7,329110,327877]
[120,221,289734,288111]
[121,265,13863,12430]
[122,101,523189,522075]
[123,92,98093,99620]
[124,93,215582,214783]
[125,44,211527,213147]
[126,145,398358,397217]
[127,74,164437,165713]
[128,150,268922,269603]
[129,197,183557,181614]
[130,117,155706,155150]
[131,46,401540,403504]
[132,168,277182,279068]
[133,194,334496,336140]
[134,191,139543,137862]
[135,77,554449,552664]
[136,149,546817,544995]
[137,222,288065,289618]
[138,6,259343,261089]
[139,12,134104,134827]
[140,204,372708,374394]
[141,272,704913,706194]
[142,218,615776,617253]
[143,126,495656,496351]
[144,81,465336,464192]
[145,230,221618,222667]
[146,243,374709,374064]
[147,214,383064,384386]
[148,51,274574,273921]
[149,172,336543,338382]
[150,248,154829,155384]
[151,148,289296,289572]
[152,210,442744,444016]
[153,152,330196,331865]
[154,208,255161,255317]
[155,92,454494,454917]
[156,153,177424,175783]
[157,181,368598,366949]
[158,249,450482,448782]
[159,208,471329,472003]
[160,121,598512,596568]
[161,255,453577,452969]
[162,73,615491,614853]
[163,6,252526,254356]
[164,217,444897,444645]
[165,174,690388,690707]
[166,228,185003,186618]
[167,92,465817,465891]
[168,209,505847,503975]
[169,33,78245,76883]
[170,270,343344,344141]
[171,32,248885,250443]
[172,167,167323,166328]
[173,93,403123,402497]
[174,178,308003,308609]
[175,13,670944,670805]
[176,259,431822,431795]
[177,165,270438,269187]
[178,66,484813,486274]
[179,259,576714,576033]
[180,274,134725,136167]
[181,151,438578,438562]
[182,91,430752,429443]
[183,177,443333,442619]
[184,55,359000,358963]
[185,220,539850,541667]
[186,148,475924,477413]
[187,188,442711,442741]
[188,198,439605,441071]
[189,38,404113,405654]
[190,53,713681,712977]
[191,35,60369,58958]
[192,89,232737,232588]
[193,52,361695,363389]
[194,243,58701,57108]
[195,70,494246,494999]
[196,147,227778,227765]
[197,140,341183,342392]
[198,89,363386,362206]
[199,11,356777,356540]
[200,190,221209,222132]
[201,189,201243,200914]
[202,83,398413,398266]
[203,138,499138,501056]
[204,62,412984,414292]
[205,26,317354,318459]
[206,44,314770,315179]
[207,144,274660,275995]
[208,160,334295,335003]
[209,49,326731,324861]
[210,172,450796,450812]
[211,49,414933,414783]
[212,138,546234,546472]
[213,42,171200,172878]
[214,266,297719,298935]
[215,236,274542,275169]
[216,236,287688,289183]
[217,34,292864,293570]
[218,74,365698,366355]
[219,279,431237,430275]
[220,214,524689,524936]
[221,79,98373,96660]
[222,248,224676,225401]
[223,35,330176,329427]
[224,33,273370,271963]
[225,239,341210,340892]
[226,197,510484,508630]
[227,167,578915,577143]
[228,86,167622,169501]
[229,130,508264,509298]
[230,119,488219,488209]
[231,199,508709,507555]
[232,134,465014,466378]
[233,59,290004,289496]
[234,187,571765,570693]
[235,151,695593,694569]
[236,31,240613,238999]
[237,278,139175,140656]
[238,170,142634,142993]
[239,91,430995,430673]
[240,235,136045,134342]
[241,27,601730,601002]
[242,48,261972,262445]
[243,42,293055,293348]
[244,55,165244,164838]
[245,192,120490,122179]
[246,225,629289,628017]
[247,77,366894,366641]
[248,135,444108,443361]
[249,70,285593,287522]
[250,32,537148,538715]
[251,62,395526,396873]
[252,256,513629,515271]
[253,255,355386,355094]
[254,113,434613,434517]
[255,77,444953,443552]
[256,276,443121,444084]
[257,210,469138,471088]
[258,138,725321,726494]
[259,16,302186,303028]
[260,208,362005,363342]
[261,254,265693,266875]
[262,88,306719,308716]
[263,190,318249,319302]
[264,99,203788,203745]
[265,199,308901,307480]
[266,27,406325,406248]
[267,109,477294,475637]
[268,13,265389,264134]
[269,47,146575,146139]
[270,120,511152,511483]
[271,30,491796,493106]
[272,98,573649,575165]
[273,96,296156,297312]
[274,60,382782,384386]
[275,208,104190,104464]
[276,48,408036,409234]
[277,81,409996,408768]
[278,250,252667,253195]
[279,263,493349,491404]
[280,237,454118,452608]
[281,260,395239,395334]
[282,167,241711,240419]
[283,238,457778,458930]
[284,45,200481,199741]
[285,206,177802,179190]
[286,75,337478,336924]
[287,45,529040,527337]
[288,63,157186,155495]
[289,151,442929,441202]
[290,116,372202,373099]
[291,220,238074,239102]
[292,247,591183,589921]
[293,140,245235,246129]
[294,109,198525,198444]
[295,161,554730,553425]
[296,94,359001,359669]
[297,121,370138,369980]
[298,32,357693,359007]
[299,16,484664,486587]
[300,263,424204,423258]
[301,199,226961,225316]
[302,278,551635,552868]
[303,176,209309,210124]
[304,203,657275,656473]
[305,101,316351,315162]
[306,148,279974,281063]
[307,91,44107,44097]
[308,96,376609,377379]
[309,147,379686,377717]
[310,86,466206,466503]
[311,105,296593,296313]
[312,55,69656,69239]
[313,76,361526,363116]
[314,5,300006,298574]
[315,29,200113,198956]
[316,51,305121,303791]
[317,279,245321,244983]
[318,196,457012,458224]
[319,254,462443,463816]
[320,108,74408,74826]
[321,163,397279,397170]
[322,86,541587,541988]
[323,160,671915,671947]
[324,149,690064,688708]
[325,256,121493,122327]
[326,30,393004,394693]
[327,155,66277,66253]
[328,148,284710,286054]
[329,124,177584,178587]
[330,246,153233,153532]
[331,49,486506,485863]
[332,64,373635,374283]
[333,72,388043,389927]
[334,250,387936,389394]
[335,171,384882,383080]
[336,56,290679,292105]
[337,154,247373,248272]
[338,93,167926,167772]
[339,16,547337,547533]
[340,206,634767,635636]
[341,144,272462,272914]
[342,230,482753,483229]
[343,267,657725,656439]
[344,38,198316,198710]
[345,4,601444,601704]
[346,214,409589,410032]
[347,265,394326,392602]
[348,72,629090,629689]
[349,125,461601,459946]
[350,219,549104,548006]
[351,240,467480,468849]
[352,0,539537,539653]
[353,99,531524,529673]
[354,133,319942,318189]
[355,79,305789,304317]
[356,218,290460,291498]
[357,173,377394,375952]
[358,33,681925,680077]
[359,238,553153,553535]
[360,259,434986,434541]
[361,150,499398,499545]
[362,266,663787,664812]
[363,202,650453,651898]
[364,34,192525,192557]
[365,16,254526,255361]
[366,139,338617,337017]
[367,117,518564,517106]
[368,213,187463,185728]
[369,183,229924,228170]
[370,1,310739,309085]
[371,42,726385,726989]
[372,56,398268,398826]
[373,19,542228,542098]
[374,223,478531,476641]
[375,256,340479,341431]
[376,104,535998,536388]
[377,16,416059,416744]
[378,0,385208,386237]
[379,162,419336,420677]
[380,173,298038,297346]
[381,12,539941,540420]
[382,162,348348,349410]
[383,80,275531,276339]
[384,257,32494,32164]
[385,204,278466,279281]
[386,89,331430,331149]
[387,60,317709,319077]
[388,209,285375,285118]
[389,233,676255,676126]
[390,85,109842,109739]
[391,252,517822,518876]
[392,107,297732,297103]
[393,94,508203,509683]
[394,54,619637,620137]
[395,42,334846,335507]
[396,238,249100,249416]
[397,264,394362,394462]
[398,267,345580,345109]
[399,28,297736,297787]
[400,234,234508,234714]
[401,244,120002,120127]
[402,172,431509,432164]
[403,34,242224,242989]
[404,29,242100,241493]
[405,54,134888,135785]
[406,39,539407,537690]
[407,201,27945,26596]
[408,205,73620,72038]
[409,160,466896,467994]
[410,194,545996,547039]
[411,154,243201,243827]
[412,208,586792,588369]
[413,78,395298,395755]
[414,200,545752,547186]
[415,185,54928,53020]
[416,203,318873,317600]
[417,87,554694,554627]
[418,151,478678,477050]
[419,149,668761,666879]
[420,157,517137,516588]
[421,218,229675,229758]
[422,24,687289,688226]
[423,30,558946,560124]
[424,261,307682,306118]
[425,219,321722,319933]
[426,5,261743,261552]
[427,33,463400,461520]
[428,159,380464,380223]
[429,138,488141,490072]
[430,59,344867,344420]
[431,259,728556,727417]
[432,265,453494,452556]
[433,238,397657,398869]
[434,78,446642,446740]
[435,163,263691,261856]
[436,170,618261,619543]
[437,183,334647,332848]
[438,136,432783,434552]
[439,218,167754,168134]
[440,125,96820,95978]
[441,146,541239,541986]
[442,85,179059,177101]
[443,47,259479,257827]
[444,46,426265,426446]
[445,233,370408,370190]
[446,135,404815,403890]
[447,6,382609,383210]
[448,277,558531,558333]
[449,62,251662,252821]
[450,103,704986,703484]
[451,104,136118,136566]
[452,164,628656,629688]
[453,92,622340,622577]
[454,131,478586,477011]
[455,246,362195,363921]
[456,145,504095,503617]
[457,111,305431,304842]
[458,69,303471,303461]
[459,205,474371,473445]
[460,184,473523,473603]
[461,279,251495,250548]
[462,102,317850,318340]
[463,231,404709,404531]
[464,51,489368,488234]
[465,108,369367,369491]
[466,65,556570,556241]
[467,212,271224,272479]
[468,119,501167,500662]
[469,201,579891,578367]
[470,62,539013,539023]
[471,44,545175,545990]
[472,61,267572,266396]
[473,275,383985,383450]
[474,3,333025,331992]
[475,138,268446,268899]
[476,157,530330,529194]
[477,236,429940,431171]
[478,79,314057,312445]
[479,144,276547,277537]
[480,204,157379,158892]
[481,242,489005,489066]
[482,39,432819,432797]
[483,231,724739,723028]
[484,125,31963,31313]
[485,166,444446,446043]
[486,37,466171,464382]
[487,266,416067,417548]
[488,250,374392,374578]
[489,253,421467,419669]
[490,73,596850,596091]
[491,207,301069,300803]
[492,41,523126,522029]
[493,17,171186,169937]
[494,96,669111,669907]
[495,173,434985,434402]
[496,151,591221,589847]
[497,136,444904,446030]
[498,272,326272,328110]
[499,60,261458,261689]
[500,228,509420,510070]
[501,140,463778,463970]
[502,59,320072,319026]
[503,252,304550,304728]
[504,245,462539,461811]
[505,51,542710,542631]
[506,240,340683,341314]
[507,96,634520,634736]
[508,34,630986,632648]
[509,216,583681,584276]
[510,31,346276,345069]
[511,110,474373,475549]
[512,211,138851,137843]
[513,167,618662,617081]
[514,42,391592,392831]
[515,61,543362,541703]
[516,101,581553,580374]
[517,108,596476,597505]
[518,15,412164,410672]
[519,275,305828,304111]
[520,54,175164,176343]
[521,15,175473,175222]
[522,173,617006,616670]
[523,94,215146,215775]
[524,230,690836,692336]
[525,157,304647,303163]
[526,39,94849,93637]
[527,93,160985,159759]
[528,89,109106,108144]
[529,196,481136,482539]
[530,13,179536,177727]
[531,175,435085,433121]
[532,112,333436,335031]
[533,166,387994,388849]
[534,210,297359,297501]
[535,90,298901,299224]
[536,114,87967,89253]
[537,150,547742,548867]
[538,228,346119,347011]
[539,44,197887,198836]
[540,206,372854,372953]
[541,46,493622,494099]
[542,59,566909,566180]
[543,238,483941,485621]
[544,140,520961,522677]
[545,164,92139,92527]
[546,24,286906,288117]
[547,21,433703,432958]
[548,154,514346,516226]
[549,213,330333,329052]
[550,21,366689,366412]
[551,237,197047,196564]
[552,245,506402,504433]
[553,6,280580,281486]
[554,211,217349,217013]
[555,72,305375,306828]
[556,16,365724,366194]
[557,232,277382,278944]
[558,269,301964,301196]
[559,42,579558,581431]
[560,2,201974,203346]
[561,217,538800,538068]
[562,211,8330,6509]
[563,141,170482,169903]
[564,75,202496,201269]
[565,263,88985,88489]
[566,95,422218,420352]
[567,100,228743,229095]
[568,172,514440,515828]
[569,131,352192,351377]
[570,52,411185,411258]
[571,253,346070,344583]
[572,73,316073,314781]
[573,169,492640,491837]
[574,211,334764,333244]
[575,238,454017,455377]
[576,265,442877,441334]
[577,25,427703,426620]
[578,177,681604,681146]
[579,28,379436,381212]
[580,36,592686,593402]
[581,70,263048,263783]
[582,125,193590,193331]
[583,200,525996,526681]
[584,110,360716,362709]
[585,71,315641,314694]
[586,180,416962,417453]
[587,8,329190,329653]
[588,227,469743,468881]
[589,173,475220,473961]
[590,53,334750,334413]
[591,95,335517,334931]
[592,5,449739,449396]
[593,58,300588,301098]
[594,201,295503,294338]
[595,246,431285,432855]
[596,155,606777,605771]
[597,136,240779,241810]
[598,128,103919,104194]
[599,29,668458,668063]
[600,205,312364,312166]
[601,228,251903,252251]
[602,221,262737,262503]
[603,70,558562,560052]
[604,50,101621,103124]
[605,157,168660,168554]
[606,21,616809,615606]
[607,222,183556,184955]
[608,18,253918,255108]
[609,200,7363,9024]
[610,167,600239,599064]
[611,0,641524,643430]
[612,143,290658,290262]
[613,193,438736,436950]
[614,150,434269,435213]
[615,99,378155,377766]
[616,253,401820,401086]
[617,210,415481,417268]
[618,212,392030,393234]
[619,278,149052,150648]
[620,41,114625,113227]
[621,158,344460,346001]
[622,104,249777,249959]
[623,235,592166,590425]
[624,100,431676,431727]
[625,27,626206,624507]
[626,184,526132,527796]
[627,201,509619,508209]
[628,93,534886,534155]
[629,125,602646,600707]
[630,134,424867,426672]
[631,187,325155,324226]
[632,20,377569,378208]
[633,129,639367,639328]
[634,258,140041,140813]
[635,59,436433,436290]
[636,91,295330,295184]
[637,267,422331,420356]
[638,233,520180,518638]
[639,113,640187,638499]
[640,244,354900,356536]
[641,213,451580,450511]
[642,141,221285,219339]
[643,142,361558,361942]
[644,140,229099,230306]
[645,247,397356,396114]
[646,1,111253,110128]
[647,99,439242,438949]
[648,104,169927,170956]
[649,190,457323,457652]
[650,56,344748,344989]
[651,184,141095,141522]
[652,34,279843,280066]
[653,258,395325,396100]
[654,248,296309,296830]
[655,171,147075,146449]
[656,183,357551,357076]
[657,84,453313,453498]
[658,165,472529,472493]
[659,2,624205,625763]
[660,148,709348,709824]
[661,14,420310,422151]
[662,188,694971,695810]
[663,273,367742,366627]
[664,104,486623,486856]
[665,1,269114,267503]
[666,80,666997,668607]
[667,4,287526,288257]
[668,270,187659,189597]
[669,207,203132,201628]
[670,212,284792,285211]
[671,197,450995,449069]
[672,188,186772,187345]
[673,88,490832,491549]
[674,151,634416,633754]
[675,140,404685,404818]
[676,101,428383,426423]
[677,177,288968,287181]
[678,3,324485,324059]
[679,27,457171,456182]
[680,10,258719,258836]
[681,32,553706,554726]
[682,11,641486,639717]
[683,155,29331,28639]
[684,132,461104,462899]
[685,152,616082,616372]
[686,143,361930,360612]
[687,93,95705,95083]
[688,30,338709,339536]
[689,236,362455,363810]
[690,194,469631,469811]
[691,170,115184,116487]
[692,210,287044,288240]
[693,38,386472,387492]
[694,120,196363,196781]
[695,235,181627,179846]
[696,234,231913,232896]
[697,185,203031,202650]
[698,148,463356,463868]
[699,241,706901,705627]
[700,155,385718,383833]
[701,68,640208,641139]
[702,193,197326,195774]
[703,243,297124,296313]
[704,90,35980,37629]
[705,139,411627,411412]
[706,175,183390,182446]
[707,152,409707,411668]
[708,222,497029,497039]
[709,212,502315,504037]
[710,107,561167,560217]
[711,135,525665,525194]
[712,158,115814,116556]
[713,118,316160,316879]
[714,3,467902,466739]
[715,237,208007,207469]
[716,33,559217,557856]
[717,244,312703,313185]
[718,125,583687,582527]
[719,112,239680,239868]
[720,276,163692,165529]
[721,235,501725,500032]
[722,90,446078,447569]
[723,180,345904,347289]
[724,90,262422,263487]
[725,99,559344,559082]
[726,92,459507,461026]
[727,109,352495,352095]
[728,265,402613,401970]
[729,243,65905,65874]
[730,200,568316,569990]
[731,260,411093,411973]
[732,48,278492,279807]
[733,53,450782,449555]
[734,114,372619,374310]
[735,213,433674,432710]
[736,217,330800,329358]
[737,229,652987,652000]
[738,189,487919,486642]
[739,218,6939,8735]
[740,84,380276,380986]
[741,263,493914,493687]
[742,117,445403,445135]
[743,199,228606,227154]
[744,121,131947,130648]
[745,31,208713,206930]
[746,133,226929,226587]
[747,165,317869,317209]
[748,214,371009,371274]
[749,231,324381,322526]
[750,227,231271,230070]
[751,35,306155,305701]
[752,78,535729,537277]
[753,42,437368,438060]
[754,122,250084,250276]
[755,46,272771,273384]
[756,50,147779,149085]
[757,215,28945,27234]
[758,7,82625,81612]
[759,92,391333,391634]
[760,9,680506,680412]
[761,142,245074,246114]
[762,269,335259,334077]
[763,18,248152,249561]
[764,53,605942,605675]
[765,216,384276,385501]
[766,195,571036,570311]
[767,198,437849,437910]
[768,22,388864,389077]
[769,63,282092,282082]
[770,44,698606,698815]
[771,126,293691,294614]
[772,105,425293,424711]
[773,238,518542,519371]
[774,184,413339,414066]
[775,57,59874,57993]
[776,122,372144,372757]
[777,137,527002,525932]
[778,28,289051,289944]
[779,4,253530,254760]
[780,182,360407,361332]
[781,38,273416,273510]
[782,224,273290,273327]
[783,174,520234,520707]
[784,183,111131,109992]
[785,162,327799,328380]
[786,182,352606,354044]
[787,45,541962,541517]
[788,78,234634,235278]
[789,74,260238,260689]
[790,80,358175,358922]
[791,12,278850,279588]
[792,223,338930,337087]
[793,208,170845,171126]
[794,20,384349,384497]
[795,80,371229,371339]
[796,167,352089,350583]
[797,82,363007,364232]
[798,52,179252,179775]
[799,82,393326,395045]
[800,105,315716,314488]
[801,238,371715,372448]
[802,175,485056,484062]
[803,48,319922,321732]
[804,164,568228,569790]
[805,216,348732,350454]
[806,81,622199,622156]
[807,184,81660,82187]
[808,78,487423,488215]
[809,231,348779,347843]
[810,29,467600,465842]
[811,136,446965,447034]
[812,163,417653,416270]
[813,12,403242,403389]
[814,187,671970,671428]
[815,40,311123,311997]
[816,154,365342,366070]
[817,36,266078,266410]
[818,130,358729,360048]
[819,46,310006,311378]
[820,151,535160,534025]
[821,174,592786,593204]
[822,93,251816,251354]
[823,18,319569,320548]
[824,227,130316,129265]
[825,140,447621,448231]
[826,170,728465,729554]
[827,87,89324,88766]
[828,271,533532,533344]
[829,216,259055,261020]
[830,126,498914,499543]
[831,26,37873,39289]
[832,139,424767,423717]
[833,160,357218,359194]
[834,24,673588,674814]
[835,135,270452,269840]
[836,60,556339,558037]
[837,159,353024,351403]
[838,29,325970,324478]
[839,46,290241,291083]
[840,28,524210,525119]
[841,24,710754,712356]
[842,278,257611,258522]
[843,115,302598,302306]
[844,42,441407,443156]
[845,223,538825,537020]
[846,140,557107,558273]
[847,271,400167,399338]
[848,39,142490,142353]
[849,272,435784,436622]
[850,136,306525,306726]
[851,178,3807,5079]
[852,34,264358,265966]
[853,164,533233,534248]
[854,172,380104,380355]
[855,120,108854,109514]
[856,259,292104,290126]
[857,33,164611,162918]
[858,59,164038,162468]
[859,263,477288,477122]
[860,231,485701,485691]
[861,251,116210,116011]
[862,246,342575,344157]
[863,54,437043,438103]
[864,269,18599,18424]
[865,215,411815,410655]
[866,264,18615,18639]
[867,232,389182,389407]
[868,84,382587,383368]
[869,227,295916,294400]
[870,265,643904,642485]
[871,101,220104,218414]
[872,261,303254,302136]
[873,103,197219,196889]
[874,77,234679,234344]
[875,76,326220,327439]
[876,102,402988,403475]
[877,99,674045,672544]
[878,273,312906,312858]
[879,200,165427,166051]
[880,4,516776,517467]
[881,257,324766,324165]
[882,77,378927,378678]
[883,154,551820,552120]
[884,271,545341,543724]
[885,40,499272,500124]
[886,123,569963,569003]
[887,75,349769,348174]
[888,160,383968,384865]
[889,154,373535,374065]
[890,85,275883,274122]
[891,71,220589,219682]
[892,219,372436,371355]
[893,163,653638,652295]
[894,77,377456,375489]
[895,174,288001,289610]
[896,122,74851,75706]
[897,143,586578,584586]
[898,123,529513,529327]
[899,278,474033,475669]
[900,103,299954,298094]
[901,155,341448,339842]
[902,270,344660,346338]
[903,126,405112,406091]
[904,217,301533,299597]
[905,33,621743,621730]
[906,155,552873,552323]
[907,147,306178,305402]
[908,153,514130,512263]
[909,248,362516,363115]
[910,23,548433,547033]
[911,35,466742,466184]
[912,242,316914,318114]
[913,273,173379,173369]
[914,249,393929,392719]
[915,169,701941,701124]
[916,107,442215,441361]
[917,93,357016,356494]
[918,83,314412,314000]
[919,241,360730,358979]
[920,254,332641,334045]
[921,76,486207,486732]
[922,61,160739,160080]
[923,51,529728,529242]
[924,269,99883,99663]
[925,262,128561,129539]
[926,181,415843,415396]
[927,69,301326,300251]
[928,119,149906,148936]
[929,229,415124,414491]
[930,185,69881,68818]
[931,173,436583,435400]
[932,38,523601,523840]
[933,139,609764,609022]
[934,253,221926,221764]
[935,14,276280,276808]
[936,275,481139,480032]
[937,90,500654,501366]
[938,223,255137,253833]
[939,205,410265,408939]
[940,49,432616,430953]
[941,28,340730,341786]
[942,9,514610,512725]
[943,103,482689,481825]
[944,273,301376,300318]
[945,277,299423,297976]
[946,253,292501,292468]
[947,17,496603,496339]
[948,210,489527,491497]
[949,66,233024,233822]
[950,176,401167,401534]
[951,168,289209,290583]
[952,236,518654,519977]
[953,156,449706,451084]
[954,150,378900,379112]
[955,183,61055,59511]
[956,131,288018,287661]
[957,130,274471,275130]
[958,38,327426,328045]
[959,265,329442,327763]
[960,172,194882,196527]
[961,212,607946,609629]
[962,78,383106,383968]
[963,258,540078,541962]
[964,47,380809,380032]
[965,44,173648,175024]
[966,148,565093,565857]
[967,40,176635,178519]
[968,272,283476,283917]
[969,186,170238,170306]
[970,231,244140,242929]
[971,141,708200,708096]
[972,194,372618,374095]
[973,251,694371,692923]
[974,273,229034,228066]
[975,200,560388,561275]
[976,48,310738,311985]
[977,53,305779,304425]
[978,250,270180,271331]
[979,135,337034,335817]
[980,74,46459,46611]
[981,271,545000,543482]
[982,94,285782,286726]
[983,156,131921,133396]
[984,108,328324,329573]
[985,101,422499,421343]
[986,77,438572,437201]
[987,177,340069,338463]
[988,257,511866,511698]
[989,227,480993,479002]
[990,27,305964,304327]
[991,179,532949,531136]
[992,59,192523,192497]
[993,267,671368,670868]
[994,97,581757,580060]
[995,64,288582,289737]
[996,188,132522,134398]
[997,89,420680,419866]
[998,241,266609,265218]
[999,55,205182,204865]
[1000,57,371428,370546]
[1001,220,230566,231520]
[1002,43,656568,656146]
[1003,166,401932,402643]
[1004,98,403808,404562]
[1005,65,184431,182689]
[1006,133,371908,370310]
[1007,125,187007,186997]
[1008,175,233776,232680]
[1009,5,450190,449441]
[1010,266,190394,191965]
[1011,210,328417,330017]
[1012,103,350728,350108]
[1013,229,393028,392513]
[1014,56,324863,326291]
[1015,52,435678,437547]
[1016,111,534175,534151]
[1017,9,194599,193800]
[1018,12,248976,250803]
[1019,243,476983,476791]
[1020,164,367918,369060]
[1021,231,420269,418805]
[1022,59,185615,185258]
[1023,173,544391,543223]
[1024,209,296407,294443]
[1025,61,274156,273750]
[1026,162,629387,630062]
[1027,68,96404,96597]
[1028,247,406602,405382]
[1029,108,322811,322878]
[1030,15,112364,111502]
[1031,265,238410,237955]
[1032,96,582384,583405]
[1033,136,310086,311722]
[1034,147,137880,136714]
[1035,199,248683,248555]
[1036,33,644234,642855]
[1037,188,381610,382375]
[1038,44,379309,379439]
[1039,273,266910,266083]
[1040,113,57649,56135]
[1041,254,153015,153068]
[1042,243,446879,446099]
[1043,90,611113,611599]
[1044,34,435469,436390]
[1045,105,281890,281682]
[1046,77,349096,348389]
[1047,63,290317,289372]
[1048,108,216537,217544]
[1049,175,372995,372461]
[1050,119,170152,168663]
[1051,1,258491,258341]
[1052,156,368151,370150]
[1053,266,61278,63124]
[1054,121,441087,439417]
[1055,244,455014,455329]
[1056,155,273177,272925]
[1057,156,590912,591258]
[1058,200,145965,146473]
[1059,115,421389,419916]
[1060,101,274188,273423]
[1061,174,373187,374558]
[1062,181,425601,423673]
[1063,242,528790,528928]
[1064,13,325865,324858]
[1065,236,136400,137846]
[1066,111,252745,252479]
[1067,182,484420,485158]
[1068,89,507233,507022]
[1069,210,414102,414850]
[1070,238,185726,187644]
[1071,91,350025,349947]
[1072,175,302798,301996]
[1073,239,619988,619290]
[1074,10,550245,550809]
[1075,186,240269,241992]
[1076,53,254616,253710]
[1077,263,503519,502247]
[1078,207,150324,149304]
[1079,276,518326,518591]
[1080,145,345752,345594]
[1081,119,402806,402297]
[1082,134,267645,268060]
[1083,43,339926,339769]
[1084,102,423173,423880]
[1085,230,56194,56632]
[1086,2,267427,268252]
[1087,43,356519,355560]
[1088,256,34808,35592]
[1089,169,398771,397438]
[1090,25,301722,300938]
[1091,139,290477,288576]
[1092,30,289772,290828]
[1093,3,288496,287432]
[1094,275,411147,411108]
[1095,207,451966,451550]
[1096,164,462135,462646]
[1097,59,422076,421418]
[1098,105,637259,636105]
[1099,246,153825,154547]
[1100,262,220363,221769]
[1101,107,194801,193377]
[1102,168,499085,500237]
[1103,143,329958,329398]
[1104,100,275022,275144]
[1105,189,8258,6541]
[1106,24,187789,188424]
[1107,60,442210,443590]
[1108,256,598209,599550]
[1109,77,497785,496130]
[1110,245,79713,78067]
[1111,273,300819,299320]
[1112,71,599011,598495]
[1113,33,440515,440102]
[1114,263,295101,295091]
[1115,100,624960,626183]
[1116,93,496767,495916]
[1117,14,106020,106854]
[1118,211,115448,114913]
[1119,237,282320,280333]
[1120,167,539961,539442]
[1121,157,249285,247614]
[1122,17,594085,592197]
[1123,114,199292,201220]
[1124,53,436896,435808]
[1125,215,527948,527668]
[1126,129,538618,538274]
[1127,156,19333,20932]
[1128,216,595749,596687]
[1129,31,417205,415355]
[1130,144,358215,358888]
[1131,165,80515,79819]
[1132,108,197966,199241]
[1133,187,157896,156070]
[1134,0,79914,81523]
[1135,27,378625,376876]
[1136,254,370431,372326]
[1137,176,35929,36173]
[1138,215,456449,454967]
[1139,138,542225,543813]
[1140,266,507346,507598]
[1141,71,420122,418642]
[1142,136,67266,68353]
[1143,132,88980,89748]
[1144,26,636717,636962]
[1145,121,408609,407161]
[1146,245,268392,268048]
[1147,222,337414,338511]
[1148,194,645383,646017]
[1149,66,396509,397740]
[1150,123,726579,725143]
[1151,136,19856,21362]
[1152,182,344098,345352]
[1153,84,714700,716377]
[1154,277,312320,310886]
[1155,121,551399,551057]
[1156,260,206089,206398]
[1157,13,626104,625974]
[1158,122,511686,513627]
[1159,114,689055,690654]
[1160,98,146076,146408]
[1161,199,62590,61975]
[1162,245,540941,540646]
[1163,50,358027,359986]
[1164,213,266654,265861]
[1165,114,293533,295242]
[1166,78,421285,421973]
[1167,86,458347,458848]
[1168,158,524472,526015]
[1169,157,370964,370688]
[1170,229,344647,343894]
[1171,5,59357,57982]
[1172,60,617745,619460]
[1173,150,360443,362316]
[1174,212,209024,210644]
[1175,203,565731,564215]
[1176,123,674639,674070]
[1177,211,633583,632514]
[1178,74,551202,551704]
[1179,199,300273,298473]
[1180,34,517833,518339]
[1181,74,270870,270880]
[1182,156,272595,273650]
[1183,186,24515,25050]
[1184,250,343487,345281]
[1185,260,167757,169506]
[1186,164,312746,313590]
[1187,100,384709,384985]
[1188,133,325728,324037]
[1189,60,287947,288390]
[1190,36,342914,343523]
[1191,105,352701,352043]
[1192,65,280061,278971]
[1193,261,217813,217245]
[1194,218,651812,653263]
[1195,275,535485,534138]
[1196,65,259044,258415]
[1197,109,315545,315054]
[1198,108,159889,161737]
[1199,223,358392,358220]
[1200,7,323573,322454]
[1201,135,381399,380446]
[1202,169,236878,235692]
[1203,151,319699,318521]
[1204,274,526658,528178]
[1205,252,322095,322797]
[1206,89,546333,544585]
[1207,259,393850,393261]
[1208,148,274634,275839]
[1209,225,319547,317647]
[1210,233,183963,182516]
[1211,206,502046,503611]
[1212,141,472120,470813]
[1213,183,506788,504806]
[1214,148,422916,424628]
[1215,241,322761,321704]
[1216,278,616978,617804]
[1217,213,38038,36050]
[1218,112,606167,607267]
[1219,135,3384,2115]
[1220,194,282124,283073]
[1221,243,456205,454447]
[1222,83,216754,216394]
[1223,11,434003,432485]
[1224,112,548512,550073]
[1225,85,366820,366761]
[1226,279,200218,199719]
[1227,185,402413,402009]
[1228,49,277516,275609]
[1229,229,457369,456345]
[1230,123,562597,561074]
[1231,226,525967,526890]
[1232,190,434348,435057]
[1233,50,657347,658089]
[1234,53,488160,487717]
[1235,34,59830,61594]
[1236,21,481883,481041]
[1237,60,220113,221146]
[1238,107,555272,554303]
[1239,18,436064,437159]
[1240,34,527299,528131]
[1241,157,260400,259514]
[1242,276,306610,307012]
[1243,176,477903,478718]
[1244,196,437067,437665]
[1245,121,112009,110198]
[1246,212,221609,223602]
[1247,270,328678,329265]
[1248,40,226268,227531]
[1249,11,113025,111762]
[1250,205,180158,178622]
[1251,147,359951,358578]
[1252,231,285536,283561]
[1253,231,552377,550971]
[1254,152,162960,164246]
[1255,182,682132,682166]
[1256,9,251681,249775]
[1257,204,509658,511348]
[1258,17,389220,388927]
[1259,62,616345,617275]
[1260,121,92208,90643]
[1261,36,369371,371228]
[1262,200,75086,76939]
[1263,40,424638,425265]
[1264,219,554758,554159]
[1265,131,275633,274984]
[1266,123,225248,224857]
[1267,223,643316,641874]
[1268,116,375525,375559]
[1269,11,441941,440229]
[1270,81,64846,64309]
[1271,39,398008,397142]
[1272,116,291027,291977]
[1273,254,525218,526509]
[1274,29,170593,168912]
[1275,128,721002,722551]
[1276,278,122186,123641]
[1277,271,334484,332809]
[1278,16,158055,158543]
[1279,235,121803,120733]
[1280,203,235606,234316]
[1281,22,407756,408132]
[1282,95,365539,365095]
[1283,6,424261,425878]
[1284,180,447341,447476]
[1285,147,238390,236660]
[1286,104,204346,204356]
[1287,171,724015,723974]
[1288,33,445614,443841]
[1289,43,197275,196979]
[1290,175,429882,428559]
[1291,203,457344,455654]
[1292,230,394876,395029]
[1293,213,416408,414880]
[1294,133,669252,668935]
[1295,104,646022,647126]
[1296,80,645288,645465]
[1297,223,383889,382829]
[1298,246,303377,304275]
[1299,110,506067,506278]
[1300,153,76127,75003]
[1301,168,618413,620200]
[1302,76,109268,110346]
[1303,208,190091,190166]
[1304,148,108873,110304]
[1305,80,213625,214736]
[1306,262,524604,526580]
[1307,24,96411,97297]
[1308,125,497065,495927]
[1309,277,103471,102655]
[1310,61,383166,382858]
[1311,105,153980,153552]
[1312,73,235734,234542]
[1313,252,291284,292036]
[1314,34,214676,214721]
[1315,57,485060,483733]
[1316,225,324174,323339]
[1317,83,610526,610478]
[1318,201,351674,349954]
[1319,80,446918,447526]
[1320,103,512543,511847]
[1321,276,291480,292523]
[1322,130,200856,201154]
[1323,37,428451,427250]
[1324,34,439616,440188]
[1325,276,466170,467138]
[1326,218,383433,384091]
[1327,145,373348,372247]
[1328,16,164350,164378]
[1329,269,353740,352184]
[1330,52,536603,537916]
[1331,224,201109,202614]
[1332,188,242776,244120]
[1333,43,241651,240908]
[1334,230,321576,323508]
[1335,37,598838,597711]
[1336,261,583319,581465]
[1337,28,121040,122948]
[1338,17,173187,172822]
[1339,211,196683,195690]
[1340,52,530328,531052]
[1341,36,113029,113702]
[1342,22,247713,249486]
[1343,62,455658,455926]
[1344,195,493437,492011]
[1345,61,268106,267935]
[1346,57,242601,241005]
[1347,100,518507,518768]
[1348,71,334789,334218]
[1349,72,535442,537110]
[1350,13,390391,389170]
[1351,162,333362,334982]
[1352,79,585827,584763]
[1353,216,312740,314259]
[1354,25,558772,557951]
[1355,245,356817,356330]
[1356,121,579688,578209]
[1357,66,655255,656344]
[1358,38,609428,610296]
[1359,97,468407,467019]
[1360,156,325129,325883]
[1361,56,421736,422461]
[1362,221,278354,277270]
[1363,122,119057,120554]
[1364,211,224533,223876]
[1365,69,457417,457206]
[1366,184,163326,165030]
[1367,237,188990,188425]
[1368,235,541339,540763]
[1369,269,670732,669683]
[1370,68,483131,484772]
[1371,118,464395,465644]
[1372,44,262106,263280]
[1373,188,203888,205797]
[1374,169,72950,71923]
[1375,2,437202,438899]
[1376,123,516682,514825]
[1377,55,200641,199001]
[1378,158,273421,273690]
[1379,88,425428,426954]
[1380,53,701245,700384]
[1381,64,401264,403153]
[1382,51,229779,229189]
[1383,276,673355,673736]
[1384,39,389189,388127]
[1385,92,379018,379596]
[1386,82,368156,369376]
[1387,34,470538,471432]
[1388,15,288228,288209]
[1389,61,487692,487252]
[1390,161,480340,479706]
[1391,136,54043,54817]
[1392,26,228199,229364]
[1393,48,648655,650373]
[1394,132,542436,543059]
[1395,124,313686,315508]
[1396,122,574751,575032]
[1397,200,671246,671925]
[1398,33,464131,463392]
[1399,59,340759,339902]
[1400,59,555905,555825]
[1401,200,412494,412874]
[1402,40,378194,378652]
[1403,31,361852,360245]
[1404,147,442087,441445]
[1405,152,205034,206520]
[1406,101,296878,295574]
[1407,103,321792,320941]
[1408,200,269647,271125]
[1409,9,217758,216185]
[1410,231,129233,128504]
[1411,57,455724,455384]
[1412,90,240187,242001]
[1413,8,508190,509263]
[1414,16,362188,363065]
[1415,58,27775,28376]
[1416,210,348541,349186]
[1417,52,663390,663513]
[1418,58,331899,332520]
[1419,116,310869,311955]
[1420,166,92910,93667]
[1421,124,394448,396195]
[1422,122,125706,126309]
[1423,220,342893,343368]
[1424,66,344874,345596]
[1425,259,304771,303993]
[1426,163,487654,486898]
[1427,97,318441,317039]
[1428,24,526759,528276]
[1429,267,448345,446380]
[1430,104,273906,275740]
[1431,215,326915,326665]
[1432,21,343354,342579]
[1433,227,523096,521655]
[1434,90,459365,460609]
[1435,269,471335,470722]
[1436,70,567706,568452]
[1437,270,588291,588386]
[1438,150,396680,396772]
[1439,179,416799,416128]
[1440,252,644131,644956]
[1441,194,370686,371118]
[1442,166,300041,300527]
[1443,53,305713,304208]
[1444,139,360293,358578]
[1445,83,236002,234904]
[1446,252,635171,635673]
[1447,200,349680,351518]
[1448,98,48493,48564]
[1449,192,442045,443633]
[1450,232,684297,684892]
[1451,245,439979,438161]
[1452,210,215262,215806]
[1453,58,506726,508148]
[1454,116,479784,480324]
[1455,266,518837,520159]
[1456,145,303717,303187]
[1457,233,211994,211700]
[1458,91,254186,252995]
[1459,93,427639,426792]
[1460,84,329260,329741]
[1461,251,203766,202325]
[1462,197,237404,235782]
[1463,29,660570,658648]
[1464,242,213849,214886]
[1465,177,192700,192464]
[1466,167,341375,340355]
[1467,42,408506,409639]
[1468,54,314506,315186]
[1469,43,539025,537333]
[1470,230,272889,273199]
[1471,166,662337,663449]
[1472,71,549280,548750]
[1473,221,683200,682394]
[1474,50,604518,605487]
[1475,119,469856,469611]
[1476,120,360484,360740]
[1477,215,289966,288495]
[1478,183,543153,542718]
[1479,144,11434,11761]
[1480,205,269741,268711]
[1481,19,192830,192685]
[1482,85,238680,236724]
[1483,88,609595,610399]
[1484,100,250444,251482]
[1485,12,229328,230958]
[1486,264,463102,464788]
[1487,61,232251,230567]
[1488,147,115157,114336]
[1489,238,389261,389794]
[1490,203,205585,205420]
[1491,48,263112,263727]
[1492,246,253206,253713]
[1493,13,598033,597593]
[1494,40,325111,326763]
[1495,275,493552,492457]
[1496,269,230993,229533]
[1497,66,367179,368316]
[1498,93,428469,426694]
[1499,105,410254,408750]
[1500,90,591663,593110]
[1501,70,496491,497730]
[1502,40,474443,474477]
[1503,253,39313,39059]
[1504,261,344247,344039]
[1505,71,184912,184281]
[1506,207,452892,452030]
[1507,124,488627,488659]
[1508,194,374544,375610]
[1509,12,323395,324585]
[1510,14,566179,567623]
[1511,12,342589,343037]
[1512,130,312282,313969]
[1513,279,550387,548635]
[1514,118,318769,320373]
[1515,59,262420,261343]
[1516,6,405233,406615]
[1517,22,668794,670084]
[1518,148,523466,524228]
[1519,224,472245,472800]
[1520,232,281613,281788]
[1521,69,242570,241291]
[1522,1,430505,429335]
[1523,39,421632,420949]
[1524,52,449868,451587]
[1525,107,278347,277172]
[1526,181,555739,553961]
[1527,239,535397,533865]
[1528,141,89545,89233]
[1529,252,145037,146943]
[1530,166,87326,88362]
[1531,122,105589,107349]
[1532,135,129274,128129]
[1533,109,525860,524437]
[1534,28,665410,665776]
[1535,204,496476,498182]
[1536,3,328229,328175]
[1537,64,233269,234497]
[1538,250,117908,117998]
[1539,194,89512,90985]
[1540,154,263263,264033]
[1541,37,425337,423451]
[1542,60,358011,359932]
[1543,122,289638,290096]
[1544,53,615250,613612]
[1545,68,203696,205222]
[1546,26,398916,400803]
[1547,201,518603,517231]
[1548,263,305396,304228]
[1549,161,463466,462817]
[1550,222,273504,273783]
[1551,110,283504,284848]
[1552,112,629111,629392]
[1553,229,107571,105769]
[1554,87,624471,624444]
[1555,178,195888,195898]
[1556,93,404457,403480]
[1557,214,342910,343067]
[1558,277,58182,56298]
[1559,192,246721,248010]
[1560,12,348452,348515]
[1561,221,499642,498369]
[1562,96,207792,209193]
[1563,163,491538,489977]
[1564,135,422764,422068]
[1565,140,185846,185965]
[1566,140,579375,580994]
[1567,2,322191,323293]
[1568,247,578830,577482]
[1569,80,374113,375822]
[1570,251,3055,2480]
[1571,71,454190,453720]
[1572,17,215646,214051]
[1573,74,259295,260144]
[1574,142,400194,401474]
[1575,131,204421,202836]
[1576,268,371086,371813]
[1577,107,441086,439918]
[1578,42,98204,99513]
[1579,155,340165,338270]
[1580,34,506916,507085]
[1581,108,627539,629127]
[1582,244,349057,350296]
[1583,86,544063,544513]
[1584,80,356781,358171]
[1585,272,330441,332059]
[1586,233,379351,378548]
[1587,137,439160,438441]
[1588,187,199378,197602]
[1589,88,561074,561761]
[1590,16,391646,392007]
[1591,29,432274,432083]
[1592,186,278576,280536]
[1593,1,328176,326414]
[1594,121,406207,406103]
[1595,238,150878,151886]
[1596,46,346461,346695]
[1597,124,717467,719190]
[1598,96,495866,495977]
[1599,17,547866,546284]
[1600,232,469891,471675]
[1601,71,338809,337771]
[1602,279,381175,381123]
[1603,54,250323,252054]
[1604,105,383590,381703]
[1605,130,257510,259195]
[1606,196,503035,504351]
[1607,82,580881,581847]
[1608,271,280486,279633]
[1609,62,634286,635263]
[1610,193,363330,362468]
[1611,124,692692,693714]
[1612,176,135745,136663]
[1613,106,168027,168128]
[1614,66,497999,499472]
[1615,57,471209,470901]
[1616,254,441321,443041]
[1617,124,379270,379898]
[1618,113,281419,280039]
[1619,162,422671,424519]
[1620,200,683381,684696]
[1621,128,343822,345563]
[1622,225,692249,691858]
[1623,56,300988,302264]
[1624,143,555361,553506]
[1625,214,243525,244373]
[1626,134,29162,29798]
[1627,29,31429,31340]
[1628,219,175767,175196]
[1629,174,477718,478465]
[1630,36,496860,496883]
[1631,54,101423,102131]
[1632,148,420613,420751]
[1633,272,344934,345362]
[1634,155,488467,488028]
[1635,207,23131,22754]
[1636,256,296935,297048]
[1637,4,393862,393970]
[1638,225,586445,585101]
[1639,232,305791,306757]
[1640,91,486323,485238]
[1641,229,377591,377385]
[1642,203,486716,486376]
[1643,267,337728,337718]
[1644,42,106600,107259]
[1645,251,200944,200779]
[1646,214,224203,224867]
[1647,108,390186,390917]
[1648,56,492806,493599]
[1649,245,595602,595206]
[1650,177,473424,472493]
[1651,121,483046,482937]
[1652,49,489927,488604]
[1653,13,48951,47214]
[1654,147,532778,532434]
[1655,106,452458,452629]
[1656,20,428942,429315]
[1657,239,142148,141714]
[1658,8,544045,545139]
[1659,121,300039,298566]
[1660,4,577282,578091]
[1661,11,400884,400730]
[1662,31,151973,150362]
[1663,85,588991,587402]
[1664,271,89054,88460]
[1665,55,344358,344018]
[1666,127,608215,606513]
[1667,137,379404,378350]
[1668,183,406516,404832]
[1669,58,97766,98786]
[1670,8,242985,243476]
[1671,200,466772,467014]
[1672,47,561166,559805]
[1673,250,386975,387822]
[1674,98,323087,323989]
[1675,54,475975,477853]
[1676,136,206554,208417]
[1677,143,453926,451941]
[1678,185,233246,232574]
[1679,203,172188,171929]
[1680,239,401544,400627]
[1681,73,560877,560096]
[1682,183,55630,54882]
[1683,220,587460,588052]
[1684,111,347899,347029]
[1685,63,263098,262006]
[1686,250,324953,325716]
[1687,98,508105,509700]
[1688,0,30696,32574]
[1689,242,472356,472565]
[1690,260,99303,100371]
[1691,215,426506,425818]
[1692,226,96939,97303]
[1693,227,338602,337571]
[1694,220,604630,605259]
[1695,93,256082,254772]
[1696,36,134962,136334]
[1697,134,547465,547797]
[1698,150,248261,248977]
[1699,30,335393,336801]
[1700,19,511362,509658]
[1701,252,521544,522751]
[1702,260,643581,645232]
[1703,37,446789,445372]
[1704,269,384332,384278]
[1705,126,483496,484401]
[1706,261,642589,641293]
[1707,181,577243,576974]
[1708,46,8369,9259]
[1709,217,194333,192365]
[1710,16,114251,114779]
[1711,62,144251,144410]
[1712,37,196923,195822]
[1713,248,246796,248072]
[1714,279,339722,338971]
[1715,205,545974,545651]
[1716,93,522360,521991]
[1717,136,428301,430167]
[1718,184,281674,283592]
[1719,181,150089,149490]
[1720,117,116045,115969]
[1721,103,84214,82875]
[1722,181,331981,330342]
[1723,266,422000,422792]
[1724,160,342644,343014]
[1725,52,115349,115618]
[1726,262,250901,251355]
[1727,64,591438,591532]
[1728,164,480801,481754]
[1729,190,345767,346937]
[1730,269,381475,379972]
[1731,155,56579,55922]
[1732,132,543149,543878]
[1733,227,341151,339645]
[1734,66,93649,93724]
[1735,265,312502,311366]
[1736,27,250659,249896]
[1737,79,268952,267581]
[1738,159,478711,477306]
[1739,241,542169,540516]
[1740,34,86875,88214]
[1741,236,99937,101871]
[1742,85,326678,326513]
[1743,269,453252,452460]
[1744,142,337477,339039]
[1745,140,549347,550263]
[1746,238,182056,183171]
[1747,104,183989,184272]
[1748,113,483091,482308]
[1749,160,601370,602403]
[1750,162,580435,581318]
[1751,38,363072,364283]
[1752,218,468779,469151]
[1753,17,318012,317490]
[1754,172,329176,329531]
[1755,127,404666,403571]
[1756,235,343144,342001]
[1757,225,647700,646539]
[1758,55,345554,344013]
[1759,175,164365,164269]
[1760,127,483663,482980]
[1761,235,478810,477766]
[1762,13,74508,73754]
[1763,263,95514,94102]
[1764,150,536018,536920]
[1765,207,347611,346782]
[1766,255,220845,219945]
[1767,110,429031,430696]
[1768,165,375440,374888]
[1769,42,512896,513202]
[1770,251,367466,365795]
[1771,177,263505,263262]
[1772,213,27426,26834]
[1773,120,104664,106500]
[1774,33,293422,292387]
[1775,172,687393,687547]
[1776,26,133317,134421]
[1777,207,430434,429932]
[1778,25,499185,498395]
[1779,205,512874,510987]
[1780,85,282573,280900]
[1781,93,262310,260860]
[1782,278,208136,208396]
[1783,259,265197,264650]
[1784,0,295453,297258]
[1785,234,354929,356636]
[1786,149,130733,129042]
[1787,54,576938,578256]
[1788,211,399395,398147]
[1789,192,520168,521955]
[1790,128,228121,228131]
[1791,276,174756,175401]
[1792,222,435288,436181]
[1793,13,534037,532623]
[1794,136,263012,264559]
[1795,161,472355,472281]
[1796,224,566153,566819]
[1797,108,585270,586835]
[1798,253,362754,362128]
[1799,229,457380,456408]
[1800,6,393184,394772]
[1801,256,553748,554617]
[1802,257,71683,69767]
[1803,268,287441,287697]
[1804,50,257732,258155]
[1805,57,158094,157214]
[1806,265,324026,323268]
[1807,156,259318,260531]
[1808,252,469491,470137]
[1809,156,353824,355062]
[1810,202,115761,116331]
[1811,252,218076,219334]
[1812,223,323724,321939]
[1813,270,420594,421322]
[1814,4,639696,640661]
[1815,29,184332,182504]
[1816,138,388622,388668]
[1817,107,423945,423732]
[1818,266,261751,263719]
[1819,268,129683,129731]
[1820,30,243380,244238]
[1821,274,365468,366329]
[1822,220,449464,451278]
[1823,258,401656,402414]
[1824,252,477347,478283]
[1825,258,575713,576193]
[1826,111,485328,483766]
[1827,70,585472,587277]
[1828,58,505860,506123]
[1829,128,554829,555613]
[1830,270,268431,268504]
[1831,153,471631,471592]
[1832,1,705292,704252]
[1833,153,478658,478162]
[1834,265,135562,134291]
[1835,152,396968,397119]
[1836,196,661434,661495]
[1837,92,338943,339334]
[1838,29,685722,684925]
[1839,175,593189,591538]
[1840,154,237070,238384]
[1841,215,442152,442097]
[1842,267,407960,407566]
[1843,184,463475,464495]
[1844,81,631995,630378]
[1845,48,135655,136095]
[1846,113,551350,549765]
[1847,27,347304,345719]
[1848,115,477955,477115]
[1849,67,371852,371408]
[1850,119,572245,571446]
[1851,36,163478,164484]
[1852,137,242778,241576]
[1853,133,466135,466048]
[1854,103,454643,452804]
[1855,28,357351,359228]
[1856,249,573317,571668]
[1857,18,300900,302896]
[1858,110,413696,414188]
[1859,112,590999,591784]
[1860,169,567094,567025]
[1861,230,701021,701904]
[1862,63,242129,241951]
[1863,17,579963,579045]
[1864,220,559079,559233]
[1865,256,247940,248269]
[1866,250,469423,470754]
[1867,175,273293,272395]
[1868,91,15177,13699]
[1869,101,346705,345722]
[1870,134,281413,281625]
[1871,22,334946,336831]
[1872,45,296065,295293]
[1873,38,497792,498398]
[1874,32,229784,231041]
[1875,187,453115,452726]
[1876,113,256604,255206]
[1877,103,280641,279799]
[1878,34,475344,475671]
[1879,112,93437,94028]
[1880,166,516024,517662]
[1881,213,523588,522110]
[1882,192,683761,685358]
[1883,238,75988,77180]
[1884,82,510405,511970]
[1885,201,264133,262697]
[1886,53,75288,73867]
[1887,257,540527,538961]
[1888,30,324694,326126]
[1889,77,281667,279754]
[1890,272,451684,452036]
[1891,182,281604,283458]
[1892,200,294199,294995]
[1893,144,515498,516380]
[1894,193,520394,519622]
[1895,147,285751,284800]
[1896,1,302166,300955]
[1897,207,366425,365970]
[1898,147,321252,319403]
[1899,22,567784,568825]
[1900,145,267783,266345]
[1901,230,549488,549901]
[1902,60,258872,259798]
[1903,176,516349,516559]
[1904,253,702001,700630]
[1905,258,358411,358946]
[1906,67,460911,459959]
[1907,23,231432,230663]
[1908,103,469191,467814]
[1909,192,445141,446772]
[1910,63,538606,537246]
[1911,225,386453,385437]
[1912,156,336295,337404]
[1913,261,229593,228283]
[1914,129,647949,647741]
[1915,33,538220,537194]
[1916,201,421137,420391]
[1917,175,504250,502268]
[1918,160,387128,387720]
[1919,96,611010,612905]
[1920,30,269768,271064]
[1921,30,364223,364608]
[1922,193,492807,492115]
[1923,234,41752,41930]
[1924,269,605595,604086]
[1925,218,311512,313507]
[1926,81,664574,662833]
[1927,68,251972,253936]
[1928,260,346888,347084]
[1929,43,544380,543598]
[1930,8,191681,193084]
[1931,234,307302,307911]
[1932,229,369464,369404]
[1933,233,374865,372900]
[1934,247,176744,174764]
[1935,243,283293,282698]
[1936,274,174670,175939]
[1937,168,306103,307204]
[1938,198,243221,243546]
[1939,114,106902,108154]
[1940,195,403945,403131]
[1941,35,311655,309962]
[1942,108,241956,242669]
[1943,113,568125,568001]
[1944,209,475843,475590]
[1945,226,408694,410433]
[1946,33,508148,506926]
[1947,264,44609,44941]
[1948,35,584213,582460]
[1949,182,527980,528111]
[1950,274,298077,300057]
[1951,187,248032,247894]
[1952,179,52167,50992]
[1953,143,267853,267694]
[1954,241,536829,535182]
[1955,104,317604,318774]
[1956,108,522298,524198]
[1957,13,201843,199879]
[1958,110,54446,55812]
[1959,39,517184,516149]
[1960,178,321136,322855]
[1961,92,484039,486014]
[1962,259,388985,387538]
[1963,261,428749,427065]
[1964,241,418957,418650]
[1965,63,131981,131586]
[1966,273,425271,423965]
[1967,66,652126,653886]
[1968,9,192027,191307]
[1969,277,506676,506118]
[1970,115,358574,358000]
[1971,73,553361,552948]
[1972,142,567753,569025]
[1973,6,549923,550973]
[1974,74,251819,252485]
[1975,148,333412,334423]
[1976,236,311395,311668]
[1977,66,268887,269789]
[1978,71,395104,393409]
[1979,88,323623,323649]
[1980,109,438049,437016]
[1981,93,436162,434486]
[1982,233,629910,629393]
[1983,210,445258,445466]
[1984,145,316972,315137]
[1985,222,305672,306188]
[1986,102,427858,429588]
[1987,172,232767,232854]
[1988,210,216380,216860]
[1989,112,658389,659485]
[1990,275,502469,500995]
[1991,195,516009,515810]
[1992,232,365462,366885]
[1993,69,383984,383062]
[1994,166,276910,277146]
[1995,265,408094,408012]
[1996,66,390947,392264]
[1997,44,506707,508249]
[1998,110,387699,389541]
[1999,142,662344,662733]
[2000,18,605990,606090]
