["head":"wrap","lpos","status"]
[229,524653,1]
["io count"]
[100]
["io":"id","wrap","startLpos","endLpos"]
[1,0,726994,727845]
[2,1,1693,0]
[3,2,726994,727117]
[4,3,55,0]
[5,4,726994,727129]
[6,5,1499,0]
[7,6,726994,728830]
[8,7,1421,0]
[9,8,726994,727429]
[10,9,449,0]
[11,10,726994,728467]
[12,11,825,0]
[13,12,726994,727615]
[14,13,615,0]
[15,14,726994,728788]
[16,15,1312,0]
[17,16,726994,727679]
[18,17,1217,0]
[19,18,726994,727264]
[20,19,348,0]
[21,20,726994,727652]
[22,21,1607,0]
[23,22,726994,728677]
[24,23,1075,0]
[25,24,726994,728786]
[26,25,84,0]
[27,26,726994,727823]
[28,27,23,0]
[29,28,726994,728722]
[30,29,162,0]
[31,30,726994,728738]
[32,31,931,0]
[33,32,726994,728849]
[34,33,1868,0]
[35,34,726994,727980]
[36,35,343,0]
[37,36,726994,728713]
[38,37,1175,0]
[39,38,726994,727110]
[40,39,155,0]
[41,40,726994,728618]
[42,41,1589,0]
[43,42,726994,728326]
[44,43,598,0]
[45,44,726994,727551]
[46,45,1478,0]
[47,46,726994,727256]
[48,47,1594,0]
[49,48,726994,728042]
[50,49,532,0]
[51,50,726994,728936]
[52,51,1706,0]
[53,52,726994,727486]
[54,53,1977,0]
[55,54,726994,728127]
[56,55,284,0]
[57,56,726994,727407]
[58,57,1962,0]
[59,58,726994,727301]
[60,59,141,0]
[61,60,726994,727471]
[62,61,403,0]
[63,62,726994,728419]
[64,63,332,0]
[65,64,726994,727617]
[66,65,763,0]
[67,66,726994,728021]
[68,67,695,0]
[69,68,726994,728932]
[70,69,1495,0]
[71,70,726994,727844]
[72,71,1915,0]
[73,72,726994,728431]
[74,73,534,0]
[75,74,726994,727859]
[76,75,1994,0]
[77,76,726994,727358]
[78,77,1127,0]
[79,78,726994,728582]
[80,79,1412,0]
[81,80,726994,727006]
[82,81,1882,0]
[83,82,726994,728464]
[84,83,504,0]
[85,84,726994,728854]
[86,85,603,0]
[87,86,726994,728134]
[88,87,273,0]
[89,88,726994,727912]
[90,89,1799,0]
[91,90,726994,727761]
[92,91,1395,0]
[93,92,726994,727196]
[94,93,192,0]
[95,94,726994,727073]
[96,95,1178,0]
[97,96,726994,728301]
[98,97,1107,0]
[99,98,726994,728867]
[100,99,1598,0]
