["head":"wrap","lpos","status"]
[211,366278,1]
["io count"]
[2000]
["io":"id","wrap","startLpos","endLpos"]
[1,34,281025,281798]
[2,202,236498,237539]
[3,0,345004,346715]
[4,113,121009,120757]
[5,7,534517,533130]
[6,107,251531,250053]
[7,18,232888,234766]
[8,195,535847,534398]
[9,174,491996,493904]
[10,106,446777,448500]
[11,48,511425,512627]
[12,199,448098,446435]
[13,55,570066,569138]
[14,118,379617,379978]
[15,70,290173,290934]
[16,157,64896,64400]
[17,11,536844,535271]
[18,155,452475,450899]
[19,197,176945,175188]
[20,20,310143,311095]
[21,168,436316,436639]
[22,82,276359,277804]
[23,196,535750,535781]
[24,252,489304,491145]
[25,152,579086,580655]
[26,251,297147,296043]
[27,25,623389,622054]
[28,90,251018,252320]
[29,220,337039,337980]
[30,101,530047,529532]
[31,5,298262,298164]
[32,248,350444,350511]
[33,96,402372,404281]
[34,194,125415,125576]
[35,196,488018,488689]
[36,243,491858,490562]
[37,176,218999,220638]
[38,40,421903,422453]
[39,131,263148,262050]
[40,147,634953,633053]
[41,217,309660,309387]
[42,100,656186,656486]
[43,126,254317,255880]
[44,250,543919,545473]
[45,145,512388,511375]
[46,247,490185,489860]
[47,113,415025,414623]
[48,250,189625,190211]
[49,134,479143,481044]
[50,204,456254,456414]
[51,209,639508,637970]
[52,258,319208,319784]
[53,252,195654,197259]
[54,185,255206,253285]
[55,25,167198,166429]
[56,114,190149,191323]
[57,80,277499,278876]
[58,198,550071,550527]
[59,105,208581,207752]
[60,245,381513,380842]
[61,163,91807,90836]
[62,28,379188,380467]
[63,13,108298,107560]
[64,208,336517,337749]
[65,24,422461,423902]
[66,11,355079,353670]
[67,155,274394,273865]
[68,248,441401,442833]
[69,38,350902,351213]
[70,252,217133,218760]
[71,79,273241,271909]
[72,214,369262,369847]
[73,24,409579,409858]
[74,160,285126,286374]
[75,194,258321,258812]
[76,67,406922,405630]
[77,199,311188,309263]
[78,223,445803,444910]
[79,183,313595,311716]
[80,116,615574,615752]
[81,72,480458,481863]
[82,215,129957,128188]
[83,181,357580,356826]
[84,214,269890,271252]
[85,87,658654,656963]
[86,169,476432,474557]
[87,108,139181,140070]
[88,152,110338,111758]
[89,65,529922,529591]
[90,17,277560,275842]
[91,206,365028,365119]
[92,158,706028,707682]
[93,82,437815,439164]
[94,177,416050,415221]
[95,276,532707,533594]
[96,153,557717,556927]
[97,143,161275,160684]
[98,261,524984,523216]
[99,182,95670,96245]
[100,64,240869,241771]
[101,237,458998,457251]
[102,211,377016,375109]
[103,128,565029,566868]
[104,18,586880,587258]
[105,188,330853,332360]
[106,50,263336,263666]
[107,201,380092,378422]
[108,275,713937,712505]
[109,47,649060,647836]
[110,221,161271,159370]
[111,70,260885,262847]
[112,130,469841,470470]
[113,231,312645,312622]
[114,273,447699,446631]
[115,160,210801,212793]
[116,196,618372,620086]
[117,44,222924,223867]
[118,237,132277,131044]
[119,58,53413,54899]
[120,77,221295,220021]
[121,207,571499,570548]
[122,224,369636,371214]
[123,256,525270,526551]
[124,120,318275,318575]
[125,258,281088,281847]
[126,248,483449,483969]
[127,45,116574,115131]
[128,138,400371,401721]
[129,159,278974,278686]
[130,272,182828,182846]
[131,278,582984,583237]
[132,20,654373,654760]
[133,178,463478,463755]
[134,100,515968,516060]
[135,143,714992,714227]
[136,9,328091,327954]
[137,158,492612,493387]
[138,106,354496,355283]
[139,203,586386,584817]
[140,126,145706,147705]
[141,141,471349,470660]
[142,147,450216,448684]
[143,159,225365,224385]
[144,235,388701,387989]
[145,16,436632,437232]
[146,72,20147,21471]
[147,117,396141,395363]
[148,43,309878,307982]
[149,224,639348,639905]
[150,81,514605,513989]
[151,149,421647,420125]
[152,10,560435,562295]
[153,64,588966,589160]
[154,243,479693,478890]
[155,75,201785,201272]
[156,29,394437,393131]
[157,265,295599,294276]
[158,6,656480,658436]
[159,259,325987,325331]
[160,277,492023,490060]
[161,153,247413,247087]
[162,222,294707,295968]
[163,7,504709,504359]
[164,37,422407,421452]
[165,253,616689,614983]
[166,116,157189,158656]
[167,115,198705,197613]
[168,133,338025,337544]
[169,3,501788,501533]
[170,226,518496,518976]
[171,256,429656,430952]
[172,10,535077,535975]
[173,209,426939,425127]
[174,225,162896,162536]
[175,91,84275,82777]
[176,30,352882,354019]
[177,252,243672,245162]
[178,134,239394,241140]
[179,140,467499,469193]
[180,144,546376,546482]
[181,90,425818,427087]
[182,248,394232,396139]
[183,250,205304,205957]
[184,84,529362,529434]
[185,104,549649,550069]
[186,54,98797,100756]
[187,29,163495,161747]
[188,106,398979,399355]
[189,121,396966,395999]
[190,29,554639,552928]
[191,62,251008,252062]
[192,162,48693,48922]
[193,208,614243,614657]
[194,273,460655,460645]
[195,174,20625,22560]
[196,269,596062,594181]
[197,121,464000,462898]
[198,117,248204,247788]
[199,40,447677,448165]
[200,235,170403,170287]
[201,27,192283,191035]
[202,110,568533,568669]
[203,158,718597,719611]
[204,252,510537,511597]
[205,249,223686,223190]
[206,154,423267,424131]
[207,94,367708,367905]
[208,154,118235,118573]
[209,169,372661,371698]
[210,216,307288,307532]
[211,79,680155,679710]
[212,83,643342,643110]
[213,202,157064,157215]
[214,169,214123,212673]
[215,165,319897,319241]
[216,77,187208,186285]
[217,162,449715,451124]
[218,102,383517,383921]
[219,57,144522,143223]
[220,182,512712,513440]
[221,116,204321,204789]
[222,126,537525,538230]
[223,173,299073,298116]
[224,204,499499,500381]
[225,179,345532,344818]
[226,3,563906,562662]
[227,13,360791,359676]
[228,135,343740,343572]
[229,117,92046,92034]
[230,119,205211,203607]
[231,156,368935,369571]
[232,68,615149,616409]
[233,210,719917,721657]
[234,142,104577,104587]
[235,85,185038,184717]
[236,10,291193,291782]
[237,59,212302,211083]
[238,265,700768,699898]
[239,230,618538,619465]
[240,166,363642,363824]
[241,97,446764,445298]
[242,4,353633,355357]
[243,133,611640,610874]
[244,272,271013,272982]
[245,23,322444,321270]
[246,207,565354,563932]
[247,26,650332,651224]
[248,133,331280,330345]
[249,161,459241,457414]
[250,163,518662,518119]
[251,19,405235,405219]
[252,213,555345,555050]
[253,245,403832,402584]
[254,32,560981,561954]
[255,156,35883,37412]
[256,179,247988,247673]
[257,113,233491,232921]
[258,97,234491,233847]
[259,121,567689,566854]
[260,190,596819,597401]
[261,216,493527,494127]
[262,149,206554,204730]
[263,222,116985,117180]
[264,0,198411,199104]
[265,129,308161,306335]
[266,13,623987,623471]
[267,111,537405,535771]
[268,78,385049,386446]
[269,245,85242,83504]
[270,168,299214,300127]
[271,235,136367,134436]
[272,162,189370,190927]
[273,169,595606,594968]
[274,99,270671,269974]
[275,198,418554,420080]
[276,278,702744,702908]
[277,130,612885,613005]
[278,134,553012,553431]
[279,66,471539,472991]
[280,225,511055,510756]
[281,230,592975,594289]
[282,106,209886,211354]
[283,273,336894,335948]
[284,48,680981,681544]
[285,257,638800,638007]
[286,216,128414,128889]
[287,0,261908,263138]
[288,192,204164,205527]
[289,108,623137,624608]
[290,190,329473,329538]
[291,78,372392,372690]
[292,148,210313,210737]
[293,274,93503,93744]
[294,186,253735,254228]
[295,217,364231,363114]
[296,167,425233,425165]
[297,85,139556,138195]
[298,72,538705,539808]
[299,129,213289,211472]
[300,216,425939,427390]
[301,130,116200,116216]
[302,230,115045,116794]
[303,78,477621,478629]
[304,92,207814,208468]
[305,163,398016,397570]
[306,37,297982,297447]
[307,226,429896,431067]
[308,132,543207,544125]
[309,113,11308,10002]
[310,215,297771,297148]
[311,250,660904,662121]
[312,5,604916,603944]
[313,25,117236,116793]
[314,0,685337,685852]
[315,13,335495,333960]
[316,85,525898,524662]
[317,262,77094,78436]
[318,240,392177,393294]
[319,159,273115,272163]
[320,88,23702,24516]
[321,206,486355,487890]
[322,10,485888,487490]
[323,98,297228,298818]
[324,108,378409,380185]
[325,51,467118,467023]
[326,98,43273,43980]
[327,157,418615,418419]
[328,246,516557,518365]
[329,45,565425,563615]
[330,226,281084,281098]
[331,113,399848,398589]
[332,271,562322,562144]
[333,273,421053,419290]
[334,92,458363,458983]
[335,153,197678,196493]
[336,191,472602,472041]
[337,208,214074,215581]
[338,117,580409,580053]
[339,45,263552,261720]
[340,197,191478,190313]
[341,77,353771,352440]
[342,136,343626,344675]
[343,151,42590,42453]
[344,41,330372,328598]
[345,152,514268,516185]
[346,226,39267,39292]
[347,157,368978,367616]
[348,103,124540,123281]
[349,119,615068,613926]
[350,38,391806,392120]
[351,119,422047,421974]
[352,228,616844,617521]
[353,83,335958,334042]
[354,158,525550,525565]
[355,190,496968,497774]
[356,52,269303,269666]
[357,175,478258,477536]
[358,139,321462,320460]
[359,238,353032,353555]
[360,253,338912,338028]
[361,4,671297,672665]
[362,209,505741,505606]
[363,31,611929,610514]
[364,168,20925,22408]
[365,43,406776,406021]
[366,48,264015,264615]
[367,17,369609,369564]
[368,263,642823,642561]
[369,119,369879,368923]
[370,257,445195,443318]
[371,12,408815,410594]
[372,17,180395,180108]
[373,128,320999,322277]
[374,114,326922,328838]
[375,142,342158,342571]
[376,165,119930,118735]
[377,114,411814,413755]
[378,84,522515,524290]
[379,127,374776,374321]
[380,154,606471,607555]
[381,117,450706,450264]
[382,249,261295,260415]
[383,134,310686,310799]
[384,249,198406,197696]
[385,140,513623,514519]
[386,251,634700,633781]
[387,95,281729,280303]
[388,34,218383,220353]
[389,228,75879,76153]
[390,166,223381,225330]
[391,151,458764,457557]
[392,207,417805,416163]
[393,94,408685,408769]
[394,31,553776,553154]
[395,1,460564,459438]
[396,151,312535,311344]
[397,94,624598,625820]
[398,45,339609,338086]
[399,181,479367,477562]
[400,185,316901,316371]
[401,134,245777,247177]
[402,230,209737,211321]
[403,67,348895,347726]
[404,189,246964,245934]
[405,253,636057,634556]
[406,144,377135,378717]
[407,4,566692,567270]
[408,145,369870,368428]
[409,150,401010,402367]
[410,181,373267,371882]
[411,9,474250,473372]
[412,215,534387,532588]
[413,36,290574,290839]
[414,99,248473,247129]
[415,213,228849,227987]
[416,254,309685,311198]
[417,260,480932,481547]
[418,271,243786,243498]
[419,244,334337,336173]
[420,224,502349,503238]
[421,36,280180,280417]
[422,159,268082,266687]
[423,72,132319,133203]
[424,9,227098,226424]
[425,233,497248,497231]
[426,101,306218,306208]
[427,37,471097,469232]
[428,6,369464,371055]
[429,8,273890,275775]
[430,213,131244,129573]
[431,49,612102,611629]
[432,181,348257,346972]
[433,119,470879,469624]
[434,166,490413,492055]
[435,268,577415,578082]
[436,74,233995,235103]
[437,258,455491,456715]
[438,277,455704,454459]
[439,265,273671,273120]
[440,55,45873,44940]
[441,29,302361,301731]
[442,255,517781,516000]
[443,253,260025,258940]
[444,61,157892,156644]
[445,193,406909,405784]
[446,238,457355,459302]
[447,95,347600,346487]
[448,157,317003,315262]
[449,133,460091,459856]
[450,131,421262,420313]
[451,1,328243,327613]
[452,252,292954,293426]
[453,149,575884,575540]
[454,279,476343,474477]
[455,78,267721,268434]
[456,117,419388,417512]
[457,266,262811,264175]
[458,18,204110,204766]
[459,97,247129,245368]
[460,275,547486,546099]
[461,157,350867,349738]
[462,239,313269,311871]
[463,256,225607,226601]
[464,139,571847,571076]
[465,234,245031,245449]
[466,240,204252,204355]
[467,115,248414,248067]
[468,181,151624,151609]
[469,68,404026,405032]
[470,207,589671,588390]
[471,54,65241,65887]
[472,1,647925,647138]
[473,240,474096,474462]
[474,96,286803,287049]
[475,163,640653,640388]
[476,118,555813,556478]
[477,111,206611,205252]
[478,256,415176,415186]
[479,40,358575,359475]
[480,223,171165,170504]
[481,141,228281,227293]
[482,100,344331,346055]
[483,241,288265,286908]
[484,157,242280,241425]
[485,43,359021,357798]
[486,153,426648,426225]
[487,236,118626,119709]
[488,218,222889,223476]
[489,34,377163,378242]
[490,213,175259,174062]
[491,126,88161,88487]
[492,29,387134,386573]
[493,259,571541,570594]
[494,156,344715,346035]
[495,262,452075,453759]
[496,242,363658,365023]
[497,35,675652,673877]
[498,207,38011,37627]
[499,240,401994,403375]
[500,120,305809,306590]
[501,148,294562,296227]
[502,31,242772,242393]
[503,124,191245,193166]
[504,136,92901,93284]
[505,61,395567,394590]
[506,196,172554,172740]
[507,19,434419,433371]
[508,150,395051,395387]
[509,149,347296,347104]
[510,266,528493,528793]
[511,75,353495,352146]
[512,114,510473,512005]
[513,145,440236,440212]
[514,55,423937,423230]
[515,212,584456,584843]
[516,187,281119,279872]
[517,142,599601,600731]
[518,163,140450,138627]
[519,275,586002,585816]
[520,112,469043,469604]
[521,170,261420,262440]
[522,195,352632,351768]
[523,176,417354,418828]
[524,116,418107,418426]
[525,272,481247,481432]
[526,204,131156,132667]
[527,94,441131,442816]
[528,222,692695,694655]
[529,78,322689,324584]
[530,171,139140,137722]
[531,136,545624,546718]
[532,257,410894,408982]
[533,68,337852,338001]
[534,262,206710,207725]
[535,32,193823,194118]
[536,204,19557,20683]
[537,99,632179,630626]
[538,218,121490,123185]
[539,246,157550,159012]
[540,216,567747,569492]
[541,37,547279,546932]
[542,161,415553,414389]
[543,123,301357,299728]
[544,256,308282,308653]
[545,260,593439,595310]
[546,239,207864,207495]
[547,204,353932,355903]
[548,88,239033,240386]
[549,200,484015,484207]
[550,262,185081,185590]
[551,185,446974,446708]
[552,66,390400,391964]
[553,149,98042,96668]
[554,197,12682,10941]
[555,140,508444,510327]
[556,199,363347,361788]
[557,229,409520,407916]
[558,64,306344,308264]
[559,55,504324,502453]
[560,23,248093,246594]
[561,78,329851,331189]
[562,198,406640,407605]
[563,94,458043,459454]
[564,185,283583,282096]
[565,230,316715,317047]
[566,149,234172,234114]
[567,174,505832,506445]
[568,161,145307,143422]
[569,198,492907,494660]
[570,93,142702,142274]
[571,49,584814,582832]
[572,88,197840,197940]
[573,274,210356,211948]
[574,242,567892,569504]
[575,165,523398,522575]
[576,213,101014,99199]
[577,251,90033,88052]
[578,13,534589,533795]
[579,205,427896,427371]
[580,80,413662,414966]
[581,235,454349,452563]
[582,32,234758,234847]
[583,113,402746,402068]
[584,2,281314,283193]
[585,206,541233,543205]
[586,59,433838,433249]
[587,140,254036,255519]
[588,156,358431,360324]
[589,159,583702,583242]
[590,176,521044,522026]
[591,56,621553,623136]
[592,132,663512,665290]
[593,52,527368,528113]
[594,44,308168,309591]
[595,29,213293,212831]
[596,173,309964,309161]
[597,245,298011,297623]
[598,255,263009,262661]
[599,118,142547,143455]
[600,133,601499,600683]
[601,59,563133,562803]
[602,267,12337,10977]
[603,277,159966,159206]
[604,247,107300,107006]
[605,197,183529,183345]
[606,72,122159,123086]
[607,278,576188,576815]
[608,238,431625,432955]
[609,8,445994,446441]
[610,70,237628,238780]
[611,151,365169,364183]
[612,229,400565,399979]
[613,107,434966,433725]
[614,92,129843,129859]
[615,214,362478,362943]
[616,262,319442,321008]
[617,51,649290,648685]
[618,226,625219,625520]
[619,114,176046,177857]
[620,37,477107,475689]
[621,226,490546,492181]
[622,231,349062,347668]
[623,66,378758,380306]
[624,272,252307,252688]
[625,87,246604,245787]
[626,216,570835,570845]
[627,245,334405,333221]
[628,44,703445,704651]
[629,233,549237,548527]
[630,103,190193,189748]
[631,0,561572,561946]
[632,278,242696,244089]
[633,238,390735,392540]
[634,61,317760,316273]
[635,42,297438,299125]
[636,177,216416,216075]
[637,196,355400,356166]
[638,230,437709,438024]
[639,247,487469,485797]
[640,154,480022,481588]
[641,112,569486,571305]
[642,278,215518,216176]
[643,192,313317,313469]
[644,268,115886,117299]
[645,264,422927,423954]
[646,1,368960,367991]
[647,0,631606,632585]
[648,5,291836,290204]
[649,137,495313,494043]
[650,178,195543,196685]
[651,152,519632,521034]
[652,238,368795,370053]
[653,219,224639,224103]
[654,104,345108,346058]
[655,40,648420,650059]
[656,170,380064,381770]
[657,126,491552,492865]
[658,26,385418,386593]
[659,270,277037,278301]
[660,209,238449,238426]
[661,79,338026,336406]
[662,230,131938,133928]
[663,277,363258,361842]
[664,60,230220,231998]
[665,213,78138,76309]
[666,217,416100,414996]
[667,25,86482,86363]
[668,182,368859,369455]
[669,145,656779,655008]
[670,150,160835,160978]
[671,216,292707,292869]
[672,11,227579,225989]
[673,11,171282,170128]
[674,112,101538,102204]
[675,71,341169,339814]
[676,253,512827,512646]
[677,71,290449,288814]
[678,86,266086,266420]
[679,2,442945,443110]
[680,154,430973,432231]
[681,168,32760,34236]
[682,15,326979,325411]
[683,132,392154,392670]
[684,203,278516,278151]
[685,149,501118,500248]
[686,194,413902,414409]
[687,162,124900,125323]
[688,80,358313,358496]
[689,125,54785,54751]
[690,118,403195,404882]
[691,70,423546,423753]
[692,260,237218,237228]
[693,43,393528,393499]
[694,78,618406,620381]
[695,186,224200,226059]
[696,39,84940,83509]
[697,226,177656,177912]
[698,247,129002,128195]
[699,262,585118,586320]
[700,6,414385,414785]
[701,274,350657,351978]
[702,148,218481,219626]
[703,270,593179,594733]
[704,128,460389,462376]
[705,113,282933,282433]
[706,100,437201,438936]
[707,51,282351,280729]
[708,4,339186,340373]
[709,249,427084,425184]
[710,188,387549,388781]
[711,52,262770,263785]
[712,68,202808,204628]
[713,242,378589,378689]
[714,271,623415,622035]
[715,66,700843,701534]
[716,148,213835,214794]
[717,80,302652,302807]
[718,121,415354,414128]
[719,197,285234,284240]
[720,70,291514,291708]
[721,122,55106,56539]
[722,216,508793,509794]
[723,204,301332,301556]
[724,184,62711,64472]
[725,171,135683,134545]
[726,263,446938,446503]
[727,240,421716,422908]
[728,77,194877,193483]
[729,173,97344,96102]
[730,251,375060,374313]
[731,84,522302,522448]
[732,141,134881,133966]
[733,20,391939,392183]
[734,219,303575,301875]
[735,157,63105,62203]
[736,269,250850,249754]
[737,143,105608,103821]
[738,165,142507,141631]
[739,271,424134,423851]
[740,91,317106,315418]
[741,11,495036,494927]
[742,198,478229,479880]
[743,212,368078,369586]
[744,192,196791,197352]
[745,59,572011,570980]
[746,15,448821,448622]
[747,211,396545,395024]
[748,26,173806,175345]
[749,250,446291,448069]
[750,33,230878,230011]
[751,151,472719,470986]
[752,192,590823,592034]
[753,68,478971,479191]
[754,250,330354,332311]
[755,184,439661,440985]
[756,213,274405,273047]
[757,191,156134,155390]
[758,67,94480,93963]
[759,239,384749,383645]
[760,258,92645,92983]
[761,55,530100,528836]
[762,164,228844,230095]
[763,20,511661,512914]
[764,106,424965,426473]
[765,13,36380,35077]
[766,265,275528,275373]
[767,141,342653,342049]
[768,191,20148,19057]
[769,23,357445,356061]
[770,116,407774,409014]
[771,44,413368,414499]
[772,47,494540,492695]
[773,145,527374,526483]
[774,86,378141,378780]
[775,216,351744,352150]
[776,170,620868,621142]
[777,203,255442,254251]
[778,201,154807,152880]
[779,136,471002,472815]
[780,247,188113,187144]
[781,180,561291,562085]
[782,17,358089,356542]
[783,36,381921,382453]
[784,10,711896,712910]
[785,254,693679,695535]
[786,86,622179,622903]
[787,206,412402,413355]
[788,263,18872,18146]
[789,58,286815,286996]
[790,55,76451,75160]
[791,23,341800,339810]
[792,34,94981,96765]
[793,235,510185,509640]
[794,158,86923,88773]
[795,123,605542,604455]
[796,147,280545,279493]
[797,130,406770,407576]
[798,269,362002,361472]
[799,269,228179,227743]
[800,275,232211,231813]
[801,185,659296,657635]
[802,87,246782,246501]
[803,205,237063,235774]
[804,84,518568,518869]
[805,279,209007,208319]
[806,21,364048,362132]
[807,31,451651,449807]
[808,79,218461,217494]
[809,130,487065,488794]
[810,60,554149,554962]
[811,86,551015,551129]
[812,16,333314,334942]
[813,236,294491,296188]
[814,99,262439,260959]
[815,167,139114,137277]
[816,203,691910,690004]
[817,252,397064,397269]
[818,128,611864,612654]
[819,113,198256,197624]
[820,32,320047,320785]
[821,262,258276,258357]
[822,114,283278,283900]
[823,142,221927,222449]
[824,221,350428,349450]
[825,161,348673,347849]
[826,179,716151,714190]
[827,20,218596,218627]
[828,166,393846,395829]
[829,107,314970,314478]
[830,190,165107,165926]
[831,175,508164,507783]
[832,133,313824,313671]
[833,116,427798,429251]
[834,191,403774,402968]
[835,82,628100,628241]
[836,189,165713,164126]
[837,124,595810,596460]
[838,182,677087,678547]
[839,99,152283,150615]
[840,261,411101,409286]
[841,253,507486,505560]
[842,241,102321,101024]
[843,114,303032,304545]
[844,145,239981,238574]
[845,46,225658,227144]
[846,16,448352,449771]
[847,133,713396,711432]
[848,87,302029,301753]
[849,178,490571,491273]
[850,25,517171,516462]
[851,215,167774,166396]
[852,88,508654,509878]
[853,33,483245,483205]
[854,14,165613,165816]
[855,221,607874,606689]
[856,63,387965,387542]
[857,275,303060,302874]
[858,155,539050,539021]
[859,128,450718,451960]
[860,152,713253,713820]
[861,77,340174,339991]
[862,73,436709,436014]
[863,154,314179,314769]
[864,156,404952,405941]
[865,141,146107,144919]
[866,223,147230,146701]
[867,109,232434,230442]
[868,13,234875,234226]
[869,269,305797,305599]
[870,229,170585,168778]
[871,45,444667,443740]
[872,220,481723,483570]
[873,240,34094,35766]
[874,82,459336,459670]
[875,75,367905,366572]
[876,172,298387,299479]
[877,5,312612,312314]
[878,11,455638,453677]
[879,138,348693,350541]
[880,206,181814,183166]
[881,174,304174,305196]
[882,35,592069,590843]
[883,259,172889,171961]
[884,60,485181,486243]
[885,4,431382,432811]
[886,160,668256,668722]
[887,219,321517,320032]
[888,99,239561,237594]
[889,83,439462,438967]
[890,38,299401,300129]
[891,161,38916,38029]
[892,26,273293,273971]
[893,156,670094,671869]
[894,23,214124,212647]
[895,106,383664,383684]
[896,216,214363,215327]
[897,26,510480,510490]
[898,86,286106,286118]
[899,28,187492,189457]
[900,255,453320,453115]
[901,214,214933,216752]
[902,267,564767,563875]
[903,159,567238,566834]
[904,62,458784,460276]
[905,56,541742,543321]
[906,142,461242,461331]
[907,116,89881,90817]
[908,159,492664,490787]
[909,160,274327,274377]
[910,134,325740,326524]
[911,187,565034,563804]
[912,24,338338,339410]
[913,11,245453,245443]
[914,23,387024,386866]
[915,91,370311,369824]
[916,192,559660,561452]
[917,149,272443,271819]
[918,226,483437,485409]
[919,4,234820,236579]
[920,11,455969,454497]
[921,156,354953,355653]
[922,205,507981,507335]
[923,70,92897,93047]
[924,124,212635,213463]
[925,67,574777,574301]
[926,114,310945,311467]
[927,243,214098,212306]
[928,100,192915,193398]
[929,224,258009,258543]
[930,139,430591,430482]
[931,233,282809,281769]
[932,165,455199,454493]
[933,146,540009,541362]
[934,177,445514,444070]
[935,204,566471,567021]
[936,99,279852,278920]
[937,186,232697,234230]
[938,2,645290,646776]
[939,264,139354,140164]
[940,88,282964,284899]
[941,227,213460,212838]
[942,178,221801,222193]
[943,157,452371,451012]
[944,182,296853,297837]
[945,28,535913,536815]
[946,165,212878,211032]
[947,166,370746,371874]
[948,172,317422,319301]
[949,124,503925,505744]
[950,142,517921,518809]
[951,58,288968,290319]
[952,77,519307,518436]
[953,121,373106,371220]
[954,16,236944,238797]
[955,188,397361,399060]
[956,195,403493,403131]
[957,191,495598,495222]
[958,69,261345,259502]
[959,185,271195,269998]
[960,147,458585,457323]
[961,67,533597,533293]
[962,36,501264,501501]
[963,232,500168,502136]
[964,73,352618,350960]
[965,37,312474,312441]
[966,215,460889,460371]
[967,261,334207,333617]
[968,143,161606,159688]
[969,257,350077,349721]
[970,126,355102,356854]
[971,143,355026,354821]
[972,204,658423,659401]
[973,44,226011,226507]
[974,176,430382,431947]
[975,87,447503,447188]
[976,126,260140,261539]
[977,130,229588,231351]
[978,212,398811,400254]
[979,278,670039,671669]
[980,84,354614,356548]
[981,254,522414,523097]
[982,139,145407,144426]
[983,30,247878,248684]
[984,201,330582,329660]
[985,14,440112,441298]
[986,246,376744,377601]
[987,124,481085,482721]
[988,14,244826,246740]
[989,122,583874,584927]
[990,177,109411,108577]
[991,130,420204,421381]
[992,210,471584,473293]
[993,155,358839,357416]
[994,107,351568,350423]
[995,54,663553,664920]
[996,39,397964,396155]
[997,36,447251,448915]
[998,255,333033,332723]
[999,220,493712,493791]
[1000,271,476004,475632]
[1001,154,510084,510146]
[1002,69,471756,471471]
[1003,86,482535,483886]
[1004,114,237073,237632]
[1005,261,480698,480496]
[1006,17,184178,184160]
[1007,84,220291,220601]
[1008,119,430283,428318]
[1009,145,373260,371447]
[1010,246,149808,151748]
[1011,149,317605,315705]
[1012,137,221303,220806]
[1013,73,104373,103100]
[1014,222,473109,474167]
[1015,188,73164,74583]
[1016,173,250039,249580]
[1017,40,228052,228319]
[1018,178,360668,362075]
[1019,2,576844,577218]
[1020,126,107927,109247]
[1021,147,509507,509266]
[1022,162,664498,666049]
[1023,274,421731,422761]
[1024,45,529631,529614]
[1025,187,287198,286150]
[1026,64,303905,304654]
[1027,156,294130,295956]
[1028,217,234485,233773]
[1029,173,475071,474012]
[1030,213,466427,466170]
[1031,187,502696,501611]
[1032,58,724646,725768]
[1033,162,296314,296856]
[1034,151,507787,506999]
[1035,7,215434,215401]
[1036,238,525332,526076]
[1037,158,276405,277563]
[1038,43,353603,353260]
[1039,110,307063,307773]
[1040,185,139016,138045]
[1041,59,589365,589082]
[1042,58,444002,444964]
[1043,151,213922,212102]
[1044,12,365290,367198]
[1045,190,235887,235907]
[1046,97,410684,409445]
[1047,222,532006,532373]
[1048,161,249664,249377]
[1049,233,148187,147188]
[1050,104,145978,147071]
[1051,238,411445,413405]
[1052,96,260652,261892]
[1053,233,387041,385699]
[1054,25,353165,351556]
[1055,265,161183,159490]
[1056,17,506865,506774]
[1057,16,244833,246620]
[1058,219,490562,489805]
[1059,101,474458,473307]
[1060,4,546310,546355]
[1061,273,310644,310450]
[1062,268,381177,381802]
[1063,219,514037,513450]
[1064,86,673338,674672]
[1065,53,652357,651699]
[1066,186,550689,552373]
[1067,28,410438,411282]
[1068,104,254483,255836]
[1069,52,277593,278339]
[1070,66,428610,430426]
[1071,173,471594,469958]
[1072,188,625169,626805]
[1073,113,248531,246635]
[1074,276,181293,183021]
[1075,22,495961,497189]
[1076,230,153222,153485]
[1077,98,459307,459674]
[1078,179,552822,552595]
[1079,174,700374,701731]
[1080,269,180159,179832]
[1081,244,167799,169618]
[1082,101,128775,128422]
[1083,237,513017,511348]
[1084,124,374858,376287]
[1085,52,445955,446353]
[1086,96,300417,300530]
[1087,27,590784,589568]
[1088,168,345705,347213]
[1089,194,136929,138193]
[1090,155,340445,338832]
[1091,154,383657,383711]
[1092,118,324067,324308]
[1093,273,484635,484434]
[1094,16,264365,266106]
[1095,41,408217,407318]
[1096,204,617082,618967]
[1097,234,105062,105647]
[1098,43,467912,467660]
[1099,205,439309,438678]
[1100,66,466335,466736]
[1101,179,136307,136067]
[1102,69,177427,176736]
[1103,265,444135,443745]
[1104,260,417798,417934]
[1105,182,408236,409007]
[1106,126,561304,562922]
[1107,181,425489,424738]
[1108,66,393884,395022]
[1109,188,477985,478182]
[1110,94,531621,532081]
[1111,100,45905,47723]
[1112,31,417635,417619]
[1113,0,527379,528193]
[1114,137,425448,423609]
[1115,18,595598,597395]
[1116,88,110122,111686]
[1117,262,400652,402604]
[1118,241,238893,237527]
[1119,144,543589,544661]
[1120,37,77342,76126]
[1121,257,398812,397833]
[1122,178,273200,274679]
[1123,79,565701,564244]
[1124,34,307390,308610]
[1125,198,569032,569740]
[1126,275,334937,333520]
[1127,116,504746,506551]
[1128,83,241259,239947]
[1129,33,241764,241364]
[1130,215,370933,370374]
[1131,214,425799,427703]
[1132,155,606987,605544]
[1133,120,185617,186566]
[1134,139,85395,85355]
[1135,32,392759,392973]
[1136,37,361525,360606]
[1137,72,522679,523823]
[1138,248,295106,296459]
[1139,230,348875,350343]
[1140,207,548724,547120]
[1141,233,357975,356452]
[1142,143,223288,221804]
[1143,0,232704,233474]
[1144,222,260856,262218]
[1145,21,702752,701470]
[1146,120,434606,434941]
[1147,167,547082,545767]
[1148,65,132764,131005]
[1149,209,513374,512491]
[1150,40,332305,334284]
[1151,135,409759,408521]
[1152,110,482719,483412]
[1153,77,226635,225123]
[1154,106,200396,200854]
[1155,235,76852,75451]
[1156,85,640514,639233]
[1157,163,157779,157163]
[1158,255,502205,501491]
[1159,241,107017,106983]
[1160,238,486861,488388]
[1161,109,322066,321448]
[1162,180,531480,532957]
[1163,39,383045,382569]
[1164,278,372504,373515]
[1165,154,297888,299580]
[1166,44,215939,217686]
[1167,38,229799,229954]
[1168,89,512993,511596]
[1169,214,160901,162116]
[1170,168,396968,397079]
[1171,16,277732,278652]
[1172,163,293504,292453]
[1173,61,360012,359130]
[1174,39,503491,502857]
[1175,70,348829,349514]
[1176,57,446574,445357]
[1177,174,167976,169925]
[1178,151,424922,423237]
[1179,225,239896,238568]
[1180,38,552208,553041]
[1181,247,722844,721179]
[1182,147,638868,638301]
[1183,176,324118,325644]
[1184,103,327463,326286]
[1185,134,354014,355391]
[1186,211,318989,317710]
[1187,102,668347,668805]
[1188,170,273490,275483]
[1189,222,313667,314012]
[1190,244,109701,110545]
[1191,243,259617,258097]
[1192,103,264598,263634]
[1193,226,445740,446062]
[1194,120,146268,146616]
[1195,47,211217,210890]
[1196,147,303507,303141]
[1197,80,345087,345534]
[1198,23,168710,167876]
[1199,181,461779,460016]
[1200,264,342251,342265]
[1201,211,650467,649522]
[1202,64,475933,476968]
[1203,212,174095,175161]
[1204,69,411007,409180]
[1205,253,600626,598957]
[1206,194,213710,215461]
[1207,206,428482,429878]
[1208,147,160659,158688]
[1209,185,511034,509597]
[1210,199,279153,278428]
[1211,196,446479,447635]
[1212,195,279045,277591]
[1213,239,392251,390607]
[1214,184,713264,713946]
[1215,97,424778,423795]
[1216,9,482849,481828]
[1217,187,358727,358414]
[1218,193,448499,447058]
[1219,29,709672,708305]
[1220,223,517714,517055]
[1221,254,323669,323955]
[1222,80,514852,516091]
[1223,171,611274,609299]
[1224,114,381357,382317]
[1225,15,170153,168213]
[1226,92,719216,719518]
[1227,241,163676,162350]
[1228,140,523411,523798]
[1229,37,432162,430674]
[1230,241,371615,370174]
[1231,97,366480,365726]
[1232,137,398618,398185]
[1233,53,381479,380651]
[1234,111,282911,281091]
[1235,196,152764,153377]
[1236,198,614805,615654]
[1237,31,265102,263179]
[1238,58,397276,397286]
[1239,180,594487,595307]
[1240,111,86991,85279]
[1241,178,454534,455620]
[1242,203,146010,144034]
[1243,156,427324,428490]
[1244,239,488225,487495]
[1245,101,464262,463252]
[1246,96,119940,120089]
[1247,71,258281,258177]
[1248,75,125681,124357]
[1249,237,415216,413273]
[1250,145,170120,168297]
[1251,154,19324,21307]
[1252,180,567887,568468]
[1253,96,121504,122566]
[1254,166,439370,439680]
[1255,254,499687,501228]
[1256,240,566400,567754]
[1257,74,19100,19712]
[1258,38,383067,384286]
[1259,27,313872,313778]
[1260,144,583252,583352]
[1261,63,368154,367494]
[1262,242,362767,363615]
[1263,185,200974,200089]
[1264,97,478097,476609]
[1265,148,377692,378360]
[1266,184,419457,420955]
[1267,180,264935,265272]
[1268,46,502937,503880]
[1269,259,426527,424667]
[1270,181,458045,456535]
[1271,73,357429,356773]
[1272,224,116055,117353]
[1273,155,415913,414427]
[1274,40,376957,378779]
[1275,255,116648,116267]
[1276,248,288797,289646]
[1277,193,71196,70872]
[1278,187,503871,503386]
[1279,239,245667,245494]
[1280,174,95981,96248]
[1281,19,361739,361079]
[1282,201,422102,421594]
[1283,25,392553,391705]
[1284,203,344468,342746]
[1285,151,408725,407907]
[1286,113,466993,466252]
[1287,261,594054,592625]
[1288,154,65245,67027]
[1289,240,608718,610678]
[1290,254,117483,119006]
[1291,207,380684,380450]
[1292,54,255305,255925]
[1293,130,126980,127703]
[1294,213,386282,385163]
[1295,52,630673,631133]
[1296,66,126336,127727]
[1297,191,178261,177291]
[1298,59,480945,479796]
[1299,196,624387,625073]
[1300,71,503465,502283]
[1301,133,221838,221179]
[1302,45,444217,442875]
[1303,64,287044,287876]
[1304,270,399449,399947]
[1305,204,633054,634571]
[1306,222,589594,590807]
[1307,90,216021,217368]
[1308,96,378047,379888]
[1309,79,374575,374525]
[1310,45,103794,101922]
[1311,182,185847,185955]
[1312,257,421326,420616]
[1313,50,290776,291508]
[1314,194,364075,365383]
[1315,206,157306,158091]
[1316,161,422176,420626]
[1317,256,373690,373739]
[1318,275,365518,365304]
[1319,11,335221,333537]
[1320,105,462873,462863]
[1321,186,546598,546687]
[1322,220,547887,549805]
[1323,194,475050,476031]
[1324,251,479831,479019]
[1325,224,681665,683054]
[1326,141,335057,333616]
[1327,61,249357,248802]
[1328,16,715532,716243]
[1329,276,256403,256993]
[1330,109,306721,305480]
[1331,153,217264,217019]
[1332,60,437642,439244]
[1333,150,273913,274497]
[1334,196,421529,422607]
[1335,219,317310,316858]
[1336,71,368895,368794]
[1337,164,361399,361690]
[1338,10,572725,573019]
[1339,230,228457,229151]
[1340,176,289744,289767]
[1341,89,122310,121908]
[1342,203,481505,480101]
[1343,132,388058,388813]
[1344,125,233935,232225]
[1345,95,402289,401748]
[1346,64,423069,423726]
[1347,218,281475,283234]
[1348,5,253830,253075]
[1349,167,291024,290331]
[1350,198,194217,194337]
[1351,100,387840,389036]
[1352,180,165592,166693]
[1353,199,177845,177835]
[1354,29,606141,605789]
[1355,97,580558,580016]
[1356,35,287132,286217]
[1357,95,387233,385817]
[1358,249,190690,189206]
[1359,173,664774,664617]
[1360,121,392838,391177]
[1361,189,475627,474189]
[1362,158,359436,360529]
[1363,73,198357,197618]
[1364,28,482316,484206]
[1365,185,224988,223442]
[1366,103,245601,244218]
[1367,103,382495,382454]
[1368,6,584592,586432]
[1369,213,530188,530111]
[1370,199,220602,220186]
[1371,12,281269,281863]
[1372,148,291154,292987]
[1373,107,286679,285156]
[1374,205,420352,420048]
[1375,45,369545,369170]
[1376,198,424056,424236]
[1377,256,199775,200190]
[1378,120,508573,510055]
[1379,35,631616,630391]
[1380,168,314080,314615]
[1381,49,274562,273883]
[1382,146,392316,394152]
[1383,200,291182,292818]
[1384,278,168795,169834]
[1385,3,212120,211590]
[1386,200,314967,316922]
[1387,264,550325,552282]
[1388,45,466375,466361]
[1389,184,330487,330951]
[1390,180,233857,235475]
[1391,60,571332,572785]
[1392,218,331693,333602]
[1393,108,380474,381184]
[1394,263,404247,402552]
[1395,232,667979,669434]
[1396,166,415519,415612]
[1397,135,101888,100151]
[1398,72,560913,562560]
[1399,96,396313,396835]
[1400,93,314780,314627]
[1401,24,196345,196938]
[1402,153,305508,305153]
[1403,35,14585,12908]
[1404,99,479983,478734]
[1405,253,280559,279477]
[1406,179,182980,182771]
[1407,152,264076,265740]
[1408,201,273740,273175]
[1409,149,124314,122879]
[1410,10,267166,267717]
[1411,126,517073,518669]
[1412,242,152500,154123]
[1413,172,319377,319916]
[1414,161,48186,47551]
[1415,48,306991,307507]
[1416,50,100169,101238]
[1417,109,544969,544027]
[1418,152,104243,104716]
[1419,174,140150,141585]
[1420,91,504796,503038]
[1421,40,214736,215180]
[1422,170,414458,415346]
[1423,6,272558,274225]
[1424,256,459688,460842]
[1425,142,542665,543601]
[1426,217,432924,431450]
[1427,53,85297,83698]
[1428,22,52572,53245]
[1429,63,429898,428425]
[1430,183,464715,464594]
[1431,111,544409,543231]
[1432,273,520512,520446]
[1433,60,425287,426115]
[1434,114,385598,386805]
[1435,148,232932,234247]
[1436,49,385411,383500]
[1437,247,16593,15176]
[1438,114,153806,154785]
[1439,105,129289,128461]
[1440,97,175636,174432]
[1441,192,352641,354523]
[1442,204,386203,386627]
[1443,17,583444,582265]
[1444,8,223403,223824]
[1445,161,329894,328483]
[1446,78,464064,465760]
[1447,94,438389,440231]
[1448,267,316920,316214]
[1449,47,601023,600854]
[1450,223,206903,205625]
[1451,184,606862,607326]
[1452,220,464749,465714]
[1453,215,552266,551748]
[1454,39,610334,610202]
[1455,51,367353,367234]
[1456,203,460332,458878]
[1457,183,153725,151767]
[1458,255,406597,406527]
[1459,0,492946,493425]
[1460,235,397578,396146]
[1461,274,250516,250707]
[1462,37,396689,395031]
[1463,191,271183,269685]
[1464,145,257903,256531]
[1465,58,314575,315440]
[1466,156,508970,509784]
[1467,245,436725,435442]
[1468,151,445194,444560]
[1469,201,369728,369583]
[1470,218,226051,226162]
[1471,229,368129,367939]
[1472,107,467137,466757]
[1473,77,144652,143765]
[1474,38,600671,602041]
[1475,11,386013,385212]
[1476,27,312412,312114]
[1477,236,171692,172758]
[1478,26,311521,312165]
[1479,184,202794,204150]
[1480,46,245657,247244]
[1481,255,434315,434041]
[1482,206,363016,364837]
[1483,69,259763,259210]
[1484,168,321911,322703]
[1485,256,725165,725470]
[1486,152,686690,687714]
[1487,268,439265,439864]
[1488,43,366051,365788]
[1489,259,289222,287775]
[1490,267,378671,377593]
[1491,146,309366,309413]
[1492,138,593503,595493]
[1493,265,599055,598319]
[1494,247,714312,712766]
[1495,122,431031,432393]
[1496,115,462655,460701]
[1497,120,534320,535032]
[1498,30,343700,344345]
[1499,87,343534,342594]
[1500,33,289588,288731]
[1501,120,97843,98951]
[1502,187,411751,410620]
[1503,159,218991,217754]
[1504,197,723761,721766]
[1505,93,156930,156429]
[1506,221,81191,80800]
[1507,256,305186,305832]
[1508,138,133788,135707]
[1509,212,457648,459035]
[1510,244,522392,522402]
[1511,156,184057,185563]
[1512,238,555557,557218]
[1513,279,634210,632387]
[1514,166,320946,321357]
[1515,196,85837,86642]
[1516,254,419237,419717]
[1517,141,559048,557260]
[1518,161,148933,147177]
[1519,162,560117,561213]
[1520,2,277087,278674]
[1521,101,692506,691671]
[1522,271,292123,290980]
[1523,140,591459,593036]
[1524,110,303984,305907]
[1525,112,198520,199209]
[1526,57,479181,478241]
[1527,50,28773,29002]
[1528,241,479994,478241]
[1529,33,239673,237736]
[1530,5,287881,286711]
[1531,243,363470,362859]
[1532,226,230769,231815]
[1533,171,340021,339720]
[1534,70,72108,72308]
[1535,220,40240,41633]
[1536,34,320504,321306]
[1537,155,338189,337246]
[1538,109,535439,535400]
[1539,1,39256,38183]
[1540,100,232182,232512]
[1541,37,681437,681043]
[1542,202,378718,379649]
[1543,125,315591,315248]
[1544,142,349244,349813]
[1545,21,369134,367791]
[1546,80,339361,340862]
[1547,5,266850,265800]
[1548,212,501696,503179]
[1549,267,96441,95184]
[1550,175,334267,334121]
[1551,77,63292,62222]
[1552,40,330252,330696]
[1553,257,336421,335132]
[1554,270,392285,392932]
[1555,92,296631,296999]
[1556,104,264933,265264]
[1557,124,221374,223313]
[1558,204,283827,284424]
[1559,111,488629,488545]
[1560,97,584804,582927]
[1561,233,305928,304161]
[1562,209,404332,403285]
[1563,26,101490,102413]
[1564,214,174226,174646]
[1565,56,363938,365538]
[1566,69,342356,341134]
[1567,170,334225,334768]
[1568,44,251634,252342]
[1569,168,195207,195502]
[1570,68,159526,160752]
[1571,234,508709,509811]
[1572,82,152743,153970]
[1573,237,328191,326270]
[1574,73,194111,192440]
[1575,28,362022,362944]
[1576,156,177618,179040]
[1577,174,290878,291951]
[1578,161,291380,290623]
[1579,30,138595,139627]
[1580,173,308791,307572]
[1581,131,325422,325243]
[1582,69,363828,362352]
[1583,132,294923,295784]
[1584,239,192651,191473]
[1585,13,537067,535223]
[1586,191,555316,553772]
[1587,135,538141,537023]
[1588,26,408891,409685]
[1589,277,468029,466049]
[1590,97,525790,524795]
[1591,133,53879,52966]
[1592,30,491759,493139]
[1593,204,277805,278075]
[1594,138,111953,113287]
[1595,88,347828,348808]
[1596,254,379436,380374]
[1597,259,177655,176747]
[1598,278,580599,582474]
[1599,191,326856,325210]
[1600,43,234812,233256]
[1601,53,559924,558471]
[1602,243,596597,595497]
[1603,20,301615,302990]
[1604,66,514066,514838]
[1605,200,295077,295134]
[1606,34,287325,288474]
[1607,169,168650,166805]
[1608,169,452718,451552]
[1609,43,543174,542993]
[1610,98,303181,304598]
[1611,3,231098,229401]
[1612,68,179514,181172]
[1613,273,560415,559785]
[1614,189,41394,40519]
[1615,150,175924,177778]
[1616,220,331103,331277]
[1617,119,123178,121185]
[1618,163,579767,578767]
[1619,253,178896,178742]
[1620,256,624874,626214]
[1621,165,374322,372408]
[1622,176,604193,605727]
[1623,157,563138,561528]
[1624,135,393446,391846]
[1625,31,269852,268986]
[1626,141,232673,232124]
[1627,263,637487,636979]
[1628,234,506622,507364]
[1629,61,289838,289291]
[1630,4,483383,483447]
[1631,79,460461,459914]
[1632,190,142377,144025]
[1633,178,243087,244286]
[1634,236,469216,471138]
[1635,192,434416,435188]
[1636,97,674843,673235]
[1637,84,295905,296977]
[1638,183,388132,387163]
[1639,82,340976,341750]
[1640,273,352972,351367]
[1641,60,401915,402301]
[1642,259,346080,345257]
[1643,37,269642,268027]
[1644,236,536879,537895]
[1645,270,541018,542717]
[1646,77,693932,692110]
[1647,180,76262,77804]
[1648,108,449026,449070]
[1649,6,167855,168677]
[1650,184,43274,43323]
[1651,255,231223,229486]
[1652,50,440047,441135]
[1653,190,363389,364736]
[1654,218,652557,653245]
[1655,53,370270,369468]
[1656,194,183214,183462]
[1657,65,590984,589435]
[1658,262,624707,626603]
[1659,234,220529,221677]
[1660,92,214175,215788]
[1661,12,678467,678910]
[1662,111,169186,168038]
[1663,198,434103,435268]
[1664,87,120027,119309]
[1665,173,423462,421542]
[1666,154,216581,217354]
[1667,255,326641,326499]
[1668,233,304448,303559]
[1669,165,519355,517455]
[1670,246,474230,474329]
[1671,230,344055,345683]
[1672,246,697517,698240]
[1673,57,267701,265986]
[1674,22,236310,237306]
[1675,59,239201,238427]
[1676,127,335195,333306]
[1677,8,493924,494815]
[1678,271,391574,390755]
[1679,21,453547,452484]
[1680,208,485879,486819]
[1681,64,4836,5392]
[1682,178,399485,399637]
[1683,172,306538,307765]
[1684,207,105454,105199]
[1685,220,293989,295181]
[1686,38,248584,248613]
[1687,275,295370,294514]
[1688,230,364130,364871]
[1689,114,470861,471138]
[1690,28,252605,252615]
[1691,19,581114,580407]
[1692,260,557026,558099]
[1693,97,417818,416666]
[1694,122,245721,245945]
[1695,222,490082,490225]
[1696,192,424778,426202]
[1697,136,589970,590967]
[1698,44,388483,388768]
[1699,1,224436,223771]
[1700,219,235664,234415]
[1701,157,188148,187764]
[1702,38,519884,520177]
[1703,141,526725,526400]
[1704,221,539209,538758]
[1705,131,458483,456841]
[1706,66,686860,687959]
[1707,21,312964,312624]
[1708,272,151138,151671]
[1709,173,7744,5826]
[1710,149,561296,559540]
[1711,252,231808,233633]
[1712,102,425187,426013]
[1713,187,282345,280437]
[1714,126,338355,339407]
[1715,41,427866,426784]
[1716,235,359898,358446]
[1717,235,204742,203308]
[1718,88,249036,249326]
[1719,86,59906,60452]
[1720,228,337022,338733]
[1721,104,342777,343071]
[1722,208,425662,427267]
[1723,116,400291,401427]
[1724,34,147946,149744]
[1725,163,467509,465680]
[1726,50,333937,335216]
[1727,186,29773,30995]
[1728,162,367679,368857]
[1729,209,357029,355113]
[1730,173,370766,368879]
[1731,179,404109,403681]
[1732,43,291961,291660]
[1733,19,277983,277450]
[1734,174,209658,210411]
[1735,94,158452,159556]
[1736,176,261206,261381]
[1737,126,639300,639504]
[1738,20,327678,329475]
[1739,115,332476,331416]
[1740,22,291591,291714]
[1741,36,174644,176197]
[1742,273,291749,290864]
[1743,86,525663,526964]
[1744,113,455826,454013]
[1745,85,605261,603324]
[1746,27,213115,212380]
[1747,217,299279,298014]
[1748,76,145939,147310]
[1749,0,526168,527193]
[1750,229,323788,323625]
[1751,16,97238,98673]
[1752,252,238791,240462]
[1753,10,105351,105471]
[1754,48,266156,266727]
[1755,232,299294,300763]
[1756,262,13107,15056]
[1757,140,518193,518396]
[1758,230,296629,297672]
[1759,142,217348,218476]
[1760,181,229459,229340]
[1761,177,542535,541252]
[1762,190,534355,536263]
[1763,94,542994,543766]
[1764,5,399366,399198]
[1765,240,308654,309667]
[1766,211,629809,627932]
[1767,63,408450,407755]
[1768,133,516841,515624]
[1769,21,226084,224410]
[1770,238,674109,675864]
[1771,264,42542,44234]
[1772,52,172701,174280]
[1773,137,311036,310044]
[1774,61,132687,131693]
[1775,167,221763,220371]
[1776,147,573023,571742]
[1777,142,223217,224946]
[1778,204,533502,534511]
[1779,234,387476,388481]
[1780,89,394448,393341]
[1781,76,75098,76271]
[1782,6,222139,222579]
[1783,188,644868,645646]
[1784,206,607385,609030]
[1785,132,393144,394507]
[1786,138,370568,371168]
[1787,90,314575,316170]
[1788,66,575501,577067]
[1789,202,384320,385963]
[1790,210,272847,273922]
[1791,30,118688,118726]
[1792,159,376453,375175]
[1793,182,553831,555166]
[1794,158,354431,355241]
[1795,131,249517,248071]
[1796,246,193339,193687]
[1797,118,347944,348631]
[1798,267,174375,173882]
[1799,153,452236,450671]
[1800,19,26316,25603]
[1801,162,587659,588259]
[1802,103,624711,623101]
[1803,70,702917,703209]
[1804,29,364400,362808]
[1805,166,295865,295901]
[1806,157,367258,366384]
[1807,195,201691,201006]
[1808,100,397798,398844]
[1809,124,11137,13016]
[1810,96,692354,694146]
[1811,143,225268,224697]
[1812,29,616792,616121]
[1813,26,240684,241255]
[1814,39,191872,191656]
[1815,153,467433,467399]
[1816,61,217001,215830]
[1817,54,246633,246796]
[1818,245,484045,482092]
[1819,1,458470,457304]
[1820,13,600616,599378]
[1821,99,92587,90596]
[1822,62,56672,57469]
[1823,15,75321,74748]
[1824,70,502749,503550]
[1825,239,494096,493501]
[1826,107,223704,222431]
[1827,257,507016,505175]
[1828,88,468312,469401]
[1829,134,496767,497606]
[1830,94,322155,323061]
[1831,23,365814,364125]
[1832,122,242716,243517]
[1833,191,246162,244963]
[1834,69,411477,410195]
[1835,204,140828,142233]
[1836,48,520724,521959]
[1837,55,153712,153204]
[1838,140,306283,306725]
[1839,3,451261,450628]
[1840,268,174564,175303]
[1841,3,366578,366343]
[1842,31,168883,167679]
[1843,159,535022,533612]
[1844,270,191315,192473]
[1845,249,315832,314059]
[1846,155,425836,424040]
[1847,238,303853,304534]
[1848,72,639588,641524]
[1849,257,376537,374788]
[1850,150,576227,576426]
[1851,211,382870,381695]
[1852,68,395281,395373]
[1853,162,173951,174947]
[1854,35,142122,142022]
[1855,19,148964,148070]
[1856,265,263271,261679]
[1857,117,311197,309823]
[1858,188,464080,465167]
[1859,169,61438,60757]
[1860,93,250470,249905]
[1861,254,183493,185486]
[1862,185,108916,108194]
[1863,243,453742,452376]
[1864,139,289445,287901]
[1865,108,569436,569792]
[1866,274,459826,460949]
[1867,171,316321,315189]
[1868,138,587650,588514]
[1869,124,383698,385263]
[1870,206,500553,502318]
[1871,196,323379,324982]
[1872,244,176051,177851]
[1873,278,526025,527347]
[1874,140,317259,318624]
[1875,127,332258,330948]
[1876,161,66016,64921]
[1877,103,341451,340289]
[1878,125,379506,377515]
[1879,158,158051,159082]
[1880,271,178795,177884]
[1881,48,324449,324640]
[1882,162,400311,400869]
[1883,62,215638,216642]
[1884,40,161977,163516]
[1885,16,258935,259594]
[1886,24,475700,475950]
[1887,178,649194,650325]
[1888,278,310903,311288]
[1889,226,56643,58332]
[1890,59,297725,297561]
[1891,183,430547,429245]
[1892,276,386237,387919]
[1893,81,478825,477938]
[1894,44,240136,240804]
[1895,171,672511,670932]
[1896,130,501338,502581]
[1897,67,292346,292203]
[1898,131,462735,462024]
[1899,65,462280,461820]
[1900,155,649093,647385]
[1901,223,193122,192294]
[1902,190,466029,466444]
[1903,227,244105,242244]
[1904,46,511276,511426]
[1905,113,296540,294759]
[1906,160,412007,413178]
[1907,7,338463,337218]
[1908,184,395623,396566]
[1909,117,369451,367936]
[1910,236,260534,261163]
[1911,213,408745,408539]
[1912,102,372575,372633]
[1913,137,304336,303149]
[1914,254,428146,429708]
[1915,64,547206,548803]
[1916,31,380139,379941]
[1917,7,8297,8133]
[1918,207,297757,297028]
[1919,187,670083,669500]
[1920,121,248088,246235]
[1921,191,598247,597002]
[1922,71,392816,390931]
[1923,167,155842,154306]
[1924,208,155631,156115]
[1925,225,280061,279156]
[1926,143,390847,389380]
[1927,242,328165,328245]
[1928,133,538753,537705]
[1929,59,477628,477450]
[1930,203,24764,24224]
[1931,86,103494,104603]
[1932,278,658362,659368]
[1933,228,537103,538058]
[1934,35,240978,240008]
[1935,246,544068,545225]
[1936,80,190250,191338]
[1937,118,366354,366847]
[1938,117,467833,467079]
[1939,121,74702,74671]
[1940,48,373922,373932]
[1941,176,463064,464447]
[1942,196,328678,329268]
[1943,27,465066,464648]
[1944,144,275301,276224]
[1945,262,423542,423694]
[1946,108,301158,301174]
[1947,127,393966,392845]
[1948,186,297568,297885]
[1949,251,326539,325442]
[1950,26,530578,530635]
[1951,214,271802,271972]
[1952,143,149816,149474]
[1953,65,287341,287047]
[1954,273,215841,215783]
[1955,161,589960,589133]
[1956,258,79815,81015]
[1957,56,469167,470692]
[1958,134,40648,41907]
[1959,204,256906,257506]
[1960,183,257944,257889]
[1961,170,576783,578582]
[1962,122,498839,498900]
[1963,211,449446,448384]
[1964,207,305882,304776]
[1965,171,103863,102832]
[1966,170,466208,466779]
[1967,90,385104,385299]
[1968,100,499847,501724]
[1969,97,489475,487798]
[1970,107,197109,196531]
[1971,217,172711,172474]
[1972,60,89198,90259]
[1973,257,293044,291876]
[1974,120,221022,221678]
[1975,70,474865,476849]
[1976,274,298611,299932]
[1977,166,324284,324956]
[1978,185,344834,343377]
[1979,238,173013,174651]
[1980,155,553988,553867]
[1981,20,352791,354305]
[1982,227,471405,471245]
[1983,233,175936,175473]
[1984,201,172220,170411]
[1985,163,678947,678376]
[1986,12,297447,299089]
[1987,104,347117,348478]
[1988,68,348081,348177]
[1989,132,587039,588292]
[1990,54,182022,183983]
[1991,237,519401,519249]
[1992,35,47923,46871]
[1993,155,238738,238715]
[1994,155,172238,170672]
[1995,13,248079,247568]
[1996,214,259200,260606]
[1997,172,139050,139539]
[1998,17,439070,438364]
[1999,112,426247,427882]
[2000,274,361138,361656]
