["head":"wrap","lpos","status"]
[8,1000,0]
["io count"]
[178]
["io":"id","wrap","startLpos","endLpos"]
[1,244,551525,552079]
[2,122,187227,187781]
[3,155,520928,520374]
[4,105,462047,461493]
[5,242,31892,32446]
[6,208,394655,395209]
[7,255,212911,212357]
[8,172,520584,521138]
[9,208,414564,415118]
[10,153,682905,682351]
[11,51,269102,268548]
[12,219,485628,485074]
[13,246,393485,394039]
[14,267,997,443]
[15,88,185046,185600]
[16,258,299761,300315]
[17,78,113833,114387]
[18,101,408955,408401]
[19,62,320443,320997]
[20,11,164253,163699]
[21,235,648483,647929]
[22,263,191017,190463]
[23,58,72549,73103]
[24,9,414131,413577]
[25,38,595403,595957]
[26,96,563459,563945]
[27,169,617320,616248]
[28,79,8878,8131]
[29,106,300178,300990]
[30,105,462047,461723]
[31,103,130644,129312]
[32,18,103063,104070]
[33,123,327754,326487]
[34,149,572622,571322]
[35,123,322745,322324]
[36,229,652875,651738]
[37,52,657507,658416]
[38,18,674975,675364]
[39,74,53291,54623]
[40,123,199513,197953]
[41,254,271197,271618]
[42,205,629030,628674]
[43,207,59622,59201]
[44,111,185070,183900]
[45,243,644416,643962]
[46,27,61028,60509]
[47,148,277374,277828]
[48,206,545213,546155]
[49,65,377531,376166]
[50,114,409518,409972]
[51,0,510460,511695]
[52,38,335439,336674]
[53,112,546868,548070]
[54,82,508544,510169]
[55,79,63271,62557]
[56,9,130127,129608]
[57,239,62093,61444]
[58,6,33671,34873]
[59,82,658679,659719]
[60,86,317711,318653]
[61,201,377851,376877]
[62,238,88595,88659]
[63,273,335816,335264]
[64,109,396690,396073]
[65,242,107886,108210]
[66,8,211394,211946]
[67,154,511865,512221]
[68,105,217992,217018]
[69,141,116068,114768]
[70,57,93169,92422]
[71,215,522943,521448]
[72,3,414750,413418]
[73,183,111870,110863]
[74,164,477251,477998]
[75,184,686498,686822]
[76,264,169958,171583]
[77,124,10123,11358]
[78,159,349745,348250]
[79,92,586524,587889]
[80,132,600351,601195]
[81,196,269959,270153]
[82,154,704682,706014]
[83,110,274998,275745]
[84,74,154888,156058]
[85,68,7421,8233]
[86,195,450690,449585]
[87,260,407312,408677]
[88,76,260260,261885]
[89,265,80050,79401]
[90,61,644228,643579]
[91,70,344029,345622]
[92,275,178492,177713]
[93,143,155497,155043]
[94,117,673212,672726]
[95,219,405502,405243]
[96,196,716721,717565]
[97,169,53573,52078]
[98,151,498091,497312]
[99,241,43453,43292]
[100,245,302114,300717]
[101,228,98647,98971]
[102,115,150065,149221]
[103,146,222720,224150]
[104,147,424341,423985]
[105,142,296308,296794]
[106,162,704618,704942]
[107,159,331527,330813]
[108,270,242114,242178]
[109,159,658311,658247]
[110,105,27973,27779]
[111,199,331135,330649]
[112,254,503931,504873]
[113,32,219137,220111]
[114,171,386050,385629]
[115,273,320591,320300]
[116,36,570776,571555]
[117,252,105024,106129]
[118,52,639354,640394]
[119,142,399987,400961]
[120,257,101261,99864]
[121,42,372624,373045]
[122,171,71530,70425]
[123,105,4224,3835]
[124,119,9266,7901]
[125,216,119109,119498]
[126,24,231922,232474]
[127,58,170373,170859]
[128,183,214118,213501]
[129,21,349783,349654]
[130,91,651579,650409]
[131,17,4391,3807]
[132,122,607833,608287]
[133,90,713528,714633]
[134,142,605394,606922]
[135,170,543617,543876]
[136,6,152446,152640]
[137,248,550257,551719]
[138,76,245620,246562]
[139,53,307067,307036]
[140,4,511209,511565]
[141,121,332374,330912]
[142,223,265744,264444]
[143,53,185202,185008]
[144,204,514730,515672]
[145,248,304933,305159]
[146,218,213810,214069]
[147,29,15776,14769]
[148,250,702311,702732]
[149,210,195266,196436]
[150,214,454253,455455]
[151,271,68729,67559]
[152,184,331899,333036]
[153,159,26246,24914]
[154,161,435076,434850]
[155,13,74204,73164]
[156,151,199447,199058]
[157,132,80653,80814]
[158,5,188880,188719]
[159,118,2998,3517]
[160,178,358022,359094]
[161,84,647130,647747]
[162,39,486091,485670]
[163,151,684402,683460]
[164,96,675857,676376]
[165,191,662506,661369]
[166,73,149709,148539]
[167,25,13304,12590]
[168,241,659153,657756]
[169,170,234498,235993]
[170,132,401223,401709]
[171,141,632513,632254]
[172,66,593127,594752]
[173,203,436701,435694]
[174,107,593704,593218]
[175,16,514592,515534]
[176,161,353193,353032]
[177,172,486328,486392]
[178,74,653734,654416]
